300.00	0.035743	0.14153	0.038026	0.14154	0.036998	0.14190	0.036964	0.14176
305.00	0.038034	0.093996	0.041361	0.093914	0.037852	0.093925	0.035950	0.094023
310.00	0.039616	0.069150	0.041716	0.069181	0.038913	0.069105	0.038450	0.069149
315.00	0.039308	0.052718	0.040610	0.052673	0.038940	0.052686	0.038121	0.052718
320.00	0.040825	0.041853	0.042085	0.041720	0.038706	0.041785	0.039522	0.041844
325.00	0.041949	0.033910	0.042242	0.033960	0.039105	0.033990	0.040401	0.033952
330.00	0.041754	0.027970	0.042783	0.027931	0.040122	0.027951	0.040177	0.027980
335.00	0.042399	0.023280	0.043318	0.023234	0.039571	0.023286	0.039915	0.023331
340.00	0.042924	0.019353	0.043139	0.019384	0.040134	0.019462	0.040824	0.019415
345.00	0.043746	0.016113	0.044137	0.016108	0.040690	0.016172	0.041276	0.016156
350.00	0.044442	0.013424	0.044116	0.013419	0.040867	0.013442	0.041880	0.013456
355.00	0.045212	0.011293	0.044815	0.011248	0.041434	0.011275	0.042536	0.011259
360.00	0.046067	0.0094160	0.045575	0.0094210	0.042307	0.0094540	0.043080	0.0094430
365.00	0.046710	0.0078740	0.045813	0.0078680	0.042412	0.0078680	0.043414	0.0078680
370.00	0.047601	0.0068920	0.046548	0.0068780	0.042983	0.0068110	0.043771	0.0068230
375.00	0.048399	0.0061470	0.047025	0.0061130	0.043319	0.0061300	0.044495	0.0061060
380.00	0.049613	0.0057210	0.047673	0.0057150	0.043899	0.0057110	0.044922	0.0057140
385.00	0.050327	0.0057230	0.048388	0.0057130	0.044476	0.0057040	0.045775	0.0057070
390.00	0.051654	0.0038910	0.049189	0.0038570	0.045228	0.0038770	0.046382	0.0038570
395.00	0.052346	0.0028170	0.049424	0.0028210	0.045511	0.0028380	0.046709	0.0028110
400.00	0.053392	0.0021650	0.050186	0.0021680	0.046121	0.0021800	0.047232	0.0021610
405.00	0.053918	0.0017090	0.050422	0.0016980	0.046369	0.0017030	0.047661	0.0017040
410.00	0.055226	0.0020050	0.051304	0.0019560	0.047143	0.0019810	0.048367	0.0019850
415.00	0.055436	0.0016500	0.051309	0.0016270	0.047233	0.0016480	0.048786	0.0016330
420.00	0.056522	0.0014050	0.051955	0.0014010	0.047857	0.0014270	0.049355	0.0014250
425.00	0.057327	0.0012550	0.052397	0.0012590	0.048215	0.0012590	0.049908	0.0012490
430.00	0.058198	0.0011440	0.052819	0.0011390	0.048589	0.0011620	0.050313	0.0011390
435.00	0.059084	0.0010740	0.053357	0.0010460	0.048947	0.0010630	0.050801	0.0010530
440.00	0.059580	0.00097000	0.053659	0.00095800	0.049303	0.00097000	0.051178	0.00095800
445.00	0.060418	0.00091600	0.054089	0.00090300	0.049612	0.00091900	0.051608	0.00088800
450.00	0.061319	0.00087700	0.054600	0.00085100	0.049962	0.00088700	0.052056	0.00083300
455.00	0.061804	0.00081500	0.054914	0.00079700	0.050195	0.00080200	0.052536	0.00079100
460.00	0.062787	0.00081800	0.055515	0.00078500	0.050713	0.00080900	0.053005	0.00078200
465.00	0.063410	0.00075700	0.055840	0.00076500	0.051041	0.00076800	0.053436	0.00071800
470.00	0.064053	0.00073400	0.056283	0.00072900	0.051266	0.00073500	0.053753	0.00073500
475.00	0.064629	0.00070000	0.056563	0.00070300	0.051565	0.00068800	0.054236	0.00071100
480.00	0.065560	0.00069800	0.057178	0.00072200	0.052019	0.00067100	0.054535	0.00071900
485.00	0.066123	0.00071400	0.057609	0.00071300	0.052359	0.00068200	0.055110	0.00069000
490.00	0.066830	0.00067600	0.057905	0.00072900	0.052633	0.00065600	0.055427	0.00065100
495.00	0.067679	0.00069000	0.058401	0.00074400	0.052997	0.00065700	0.055942	0.00065700
500.00	0.068151	0.00063100	0.058642	0.00068700	0.053194	0.00060900	0.056383	0.00059700
505.00	0.069156	0.00063000	0.059282	0.00071200	0.053557	0.00061700	0.056803	0.00060300
510.00	0.069517	0.00066700	0.059578	0.00073800	0.053952	0.00062500	0.057457	0.00062500
515.00	0.070557	0.00067400	0.060338	0.00072400	0.054495	0.00062300	0.057967	0.00063100
520.00	0.070839	0.00061900	0.060468	0.00064200	0.054761	0.00057400	0.058374	0.00063700
525.00	0.072154	0.00066800	0.061332	0.00070700	0.055420	0.00061200	0.059010	0.00066000
530.00	0.072393	0.00059200	0.061567	0.00072800	0.055622	0.00055800	0.059401	0.00065400
535.00	0.073342	0.00055300	0.062114	0.00068000	0.056150	0.00055700	0.059907	0.00066200
540.00	0.073924	0.00056800	0.062556	0.00069100	0.056397	0.00054600	0.060193	0.00066000
545.00	0.074575	0.00058600	0.063023	0.00067600	0.056734	0.00055800	0.060806	0.00065100
550.00	0.075349	0.00058300	0.063454	0.00066800	0.057112	0.00055000	0.061081	0.00066100
555.00	0.075956	0.00057300	0.063841	0.00063300	0.057417	0.00053900	0.061565	0.00065400
560.00	0.076627	0.00064200	0.064199	0.00076900	0.057747	0.00052600	0.062006	0.00065200
565.00	0.077252	0.00063000	0.064697	0.00075900	0.058122	0.00056400	0.062440	0.00065600
570.00	0.077982	0.00067100	0.065076	0.00070600	0.058427	0.00054100	0.062929	0.00070100
575.00	0.078527	0.00067000	0.065491	0.00075100	0.058784	0.00054300	0.063404	0.00065800
580.00	0.079231	0.00067300	0.066037	0.00069400	0.059093	0.00057900	0.063810	0.00074600
585.00	0.079615	0.00066700	0.066312	0.00069800	0.059315	0.00056700	0.064067	0.00068300
590.00	0.080667	0.00070800	0.066971	0.00069500	0.059799	0.00057100	0.064452	0.00081600
595.00	0.081126	0.00069600	0.067323	0.00073800	0.059993	0.00059900	0.064929	0.00077200
600.00	0.081622	0.00071300	0.067645	0.00076500	0.060313	0.00058200	0.065309	0.00091900
605.00	0.082577	0.00073900	0.068242	0.00077400	0.060744	0.00059800	0.065691	0.00085400
610.00	0.082964	0.00068000	0.068552	0.00075600	0.061201	0.00061500	0.066326	0.00077000
615.00	0.083584	0.00069600	0.069049	0.00074500	0.061556	0.00058700	0.066810	0.00080500
620.00	0.084056	0.00067000	0.069546	0.00065500	0.061844	0.00060000	0.067281	0.00073000
625.00	0.085051	0.00070000	0.070200	0.00066400	0.062484	0.00057300	0.067892	0.00080000
630.00	0.085370	0.00081200	0.070408	0.00066900	0.062636	0.00058800	0.068366	0.00072800
635.00	0.086494	0.00080900	0.071129	0.00068400	0.063111	0.00057600	0.068859	0.00075000
640.00	0.086676	0.00088700	0.071318	0.00075700	0.063363	0.00057900	0.069394	0.00076600
645.00	0.087397	0.00091400	0.071758	0.00085300	0.063774	0.00062600	0.069752	0.00077200
650.00	0.088074	0.00097900	0.072111	0.00078200	0.064031	0.00061200	0.070148	0.00077800
655.00	0.088632	0.00099100	0.072544	0.00080700	0.064374	0.00065500	0.070560	0.00082500
660.00	0.089175	0.00087300	0.072916	0.00085400	0.064653	0.00067300	0.070688	0.00080100
665.00	0.089624	0.00094400	0.073297	0.00086400	0.064978	0.00069900	0.071185	0.00085000
670.00	0.090398	0.00093200	0.073834	0.00087500	0.065237	0.00070900	0.071264	0.00089800
675.00	0.090749	0.00091500	0.074103	0.00086400	0.065465	0.00074700	0.071757	0.00093000
680.00	0.091673	0.00091800	0.074648	0.00087500	0.065927	0.00077300	0.072092	0.00093200
685.00	0.092030	0.00096800	0.074832	0.00089100	0.066123	0.00082400	0.072532	0.0010060
690.00	0.092862	0.00096500	0.075533	0.00097800	0.066541	0.00083800	0.072975	0.00095900
695.00	0.092951	0.0010030	0.075473	0.00095700	0.066731	0.00087200	0.073201	0.0010010
700.00	0.093777	0.0011100	0.076032	0.0010270	0.067128	0.00091100	0.073875	0.00099700
705.00	0.095271	0.0010380	0.076994	0.00093400	0.067647	0.00081100	0.074215	0.00093800
710.00	0.094241	0.0010530	0.076522	0.00099300	0.067662	0.00088000	0.074544	0.00093100
715.00	0.096164	0.0011000	0.077641	0.0010020	0.068283	0.00088700	0.075053	0.0010130
720.00	0.095692	0.0012910	0.077499	0.0011330	0.068247	0.00096800	0.075547	0.0010520
725.00	0.097043	0.0015160	0.078429	0.0011050	0.068937	0.00095200	0.076276	0.0011020
730.00	0.096970	0.0011880	0.078451	0.0011550	0.069134	0.0010260	0.076418	0.0011610
735.00	0.098136	0.0013050	0.079246	0.0012120	0.069672	0.0010820	0.077060	0.0012240
740.00	0.098330	0.0013740	0.079359	0.0012650	0.069862	0.0011800	0.077318	0.0012730
745.00	0.098884	0.0013900	0.079626	0.0013340	0.070046	0.0012160	0.077732	0.0013480
750.00	0.099850	0.0015750	0.080338	0.0014010	0.070478	0.0012830	0.078255	0.0013790
755.00	0.099896	0.0017000	0.080391	0.0014790	0.070662	0.0013560	0.078474	0.0014650
760.00	0.10110	0.0016450	0.081158	0.0016100	0.071209	0.0014680	0.078845	0.0015560
765.00	0.10148	0.0016840	0.081371	0.0016380	0.071343	0.0015110	0.079283	0.0016410
770.00	0.10252	0.0018820	0.082093	0.0017470	0.071716	0.0016490	0.079842	0.0017390
775.00	0.10266	0.0018900	0.082174	0.0018190	0.071798	0.0017420	0.080077	0.0018160
780.00	0.10368	0.0020360	0.082701	0.0019280	0.072065	0.0018410	0.080602	0.0019120
785.00	0.10414	0.0021520	0.082988	0.0020720	0.072265	0.0019840	0.080802	0.0020640
790.00	0.10513	0.0023860	0.083492	0.0022070	0.072550	0.0021310	0.081414	0.0021710
795.00	0.10544	0.0024590	0.083705	0.0024040	0.072814	0.0022310	0.081615	0.0023590
800.00	0.10491	0.0022540	0.083522	0.0021100	0.072607	0.0020060	0.081855	0.0021020
805.00	0.10714	0.0022930	0.084646	0.0022940	0.073211	0.0021600	0.082541	0.0022540
810.00	0.10682	0.0023320	0.084604	0.0022940	0.072970	0.0022270	0.082679	0.0023400
815.00	0.10796	0.0024970	0.085079	0.0023930	0.073312	0.0023610	0.083046	0.0024540
820.00	0.10783	0.0026470	0.084863	0.0025370	0.073037	0.0024770	0.083030	0.0025350
825.00	0.10902	0.0026470	0.085545	0.0025710	0.073427	0.0025440	0.083459	0.0025660
830.00	0.10908	0.0026560	0.085404	0.0026160	0.073202	0.0026240	0.083538	0.0027080
835.00	0.11045	0.0027880	0.086097	0.0027480	0.073196	0.0026390	0.084016	0.0027350
840.00	0.11018	0.0028760	0.085844	0.0027670	0.073057	0.0026930	0.084036	0.0028070
845.00	0.11068	0.0029630	0.086073	0.0027440	0.072899	0.0026870	0.084230	0.0027810
850.00	0.11173	0.0030410	0.086706	0.0028510	0.073155	0.0027950	0.084673	0.0028810
855.00	0.11246	0.0019680	0.086920	0.0019510	0.073331	0.0018780	0.084727	0.0018740
860.00	0.11294	0.0019330	0.087073	0.0017490	0.073076	0.0018860	0.084685	0.0017960
865.00	0.11327	0.0019780	0.086965	0.0016780	0.073136	0.0016510	0.085070	0.0017660
870.00	0.11371	0.0016800	0.087063	0.0016030	0.072988	0.0015990	0.085269	0.0016540
875.00	0.11439	0.0018740	0.087242	0.0015780	0.073068	0.0015330	0.085448	0.0015910
880.00	0.11477	0.0016900	0.087278	0.0014400	0.072576	0.0014140	0.085586	0.0014540
885.00	0.11503	0.0015840	0.087580	0.0013770	0.072772	0.0013860	0.085595	0.0013780
890.00	0.11542	0.0015690	0.087419	0.0013100	0.072554	0.0012670	0.085775	0.0013340
895.00	0.11564	0.0014770	0.087351	0.0012120	0.072136	0.0012060	0.085818	0.0012900
900.00	0.11659	0.0014230	0.087926	0.0011320	0.072192	0.0010340	0.086192	0.0012060
905.00	0.11692	0.0013560	0.087729	0.0011230	0.072414	0.0010470	0.085885	0.0010170
910.00	0.11743	0.0012960	0.087791	0.0010490	0.072299	0.00093000	0.086126	0.0010610
915.00	0.11812	0.0013850	0.088265	0.00098900	0.072283	0.00095500	0.086329	0.0010830
920.00	0.11883	0.0012260	0.088389	0.0010110	0.072108	0.00089300	0.086562	0.0010740
925.00	0.11887	0.0012370	0.088518	0.00094400	0.072112	0.00084200	0.086911	0.0010650
930.00	0.11933	0.0011990	0.088481	0.00099500	0.072191	0.00084100	0.086825	0.0010280
935.00	0.12010	0.0012400	0.088842	0.0010290	0.072405	0.00087700	0.087394	0.0010080
940.00	0.12056	0.0012450	0.088879	0.00096400	0.072255	0.00076900	0.087344	0.00094900
945.00	0.12065	0.0011060	0.089013	0.0010310	0.072132	0.00074900	0.087463	0.00093700
950.00	0.12135	0.0011700	0.089333	0.00099600	0.072426	0.00072900	0.087804	0.00089300
955.00	0.12176	0.0011970	0.089605	0.0010100	0.072476	0.00071300	0.087947	0.00085200
960.00	0.12252	0.0012010	0.089895	0.00095700	0.072624	0.00066100	0.088234	0.00089100
965.00	0.12298	0.0011930	0.090236	0.00097800	0.072857	0.00063800	0.088763	0.00078500
970.00	0.12325	0.0013710	0.090366	0.00098800	0.072878	0.00061900	0.088818	0.00083400
975.00	0.12404	0.0013740	0.091009	0.00097500	0.073092	0.00063400	0.089382	0.00078500
980.00	0.12423	0.0010780	0.091019	0.00078100	0.073329	0.00063600	0.089673	0.00083000
985.00	0.12426	0.0010340	0.090932	0.00076000	0.073517	0.00064300	0.089618	0.00073700
990.00	0.12550	0.00086800	0.091712	0.00077000	0.073851	0.00064500	0.090059	0.00084800
995.00	0.12573	0.00092100	0.092066	0.00069500	0.073956	0.00058500	0.090530	0.00076500
1000.0	0.12609	0.0011930	0.092341	0.00077100	0.074327	0.00061200	0.090779	0.00081300
1005.0	0.12577	0.0012960	0.092294	0.00072600	0.074389	0.00069400	0.091085	0.00085200
1010.0	0.12735	0.0010640	0.093343	0.00073000	0.075087	0.00067600	0.091829	0.00080500
1015.0	0.12733	0.00091800	0.093484	0.00064400	0.075267	0.00064400	0.092116	0.00078400
1020.0	0.12802	0.00090000	0.094031	0.00068700	0.075568	0.00065000	0.092435	0.00082100
1025.0	0.12915	0.00091200	0.094602	0.00071300	0.076097	0.00063100	0.093007	0.00083300
1030.0	0.12940	0.0011630	0.095091	0.00071300	0.076356	0.00061000	0.093508	0.00079900
1035.0	0.13008	0.0010700	0.095755	0.00063800	0.077003	0.00060900	0.094155	0.00071900
1040.0	0.13002	0.0010430	0.095844	0.00065300	0.077248	0.00061000	0.094356	0.00076500
1045.0	0.13109	0.0010590	0.096535	0.00062100	0.077707	0.00064700	0.094901	0.00074700
1050.0	0.13154	0.00093200	0.097376	0.00063600	0.078258	0.00064600	0.095415	0.00083100
1055.0	0.13213	0.00095200	0.097943	0.00060600	0.078736	0.00063900	0.095974	0.00083700
1060.0	0.13265	0.00085300	0.098414	0.00060000	0.079229	0.00067900	0.096576	0.00082900
1065.0	0.13329	0.00097800	0.098730	0.00061900	0.079816	0.00061900	0.096818	0.00076300
1070.0	0.13385	0.00081100	0.099550	0.00057500	0.080225	0.00060200	0.097381	0.00068200
1075.0	0.13443	0.00077500	0.10024	0.00058400	0.080898	0.00055300	0.097897	0.00074900
1080.0	0.13533	0.00080400	0.10091	0.00056300	0.081497	0.00050300	0.098487	0.00072200
1085.0	0.13558	0.00086800	0.10117	0.00054400	0.081940	0.00058800	0.099146	0.00073600
1090.0	0.13644	0.0010320	0.10214	0.00055900	0.082515	0.00056900	0.099409	0.00073900
1095.0	0.13692	0.00086700	0.10241	0.00059400	0.083078	0.00053600	0.10026	0.00083300
1100.0	0.13777	0.00085200	0.10324	0.00060500	0.083602	0.00061300	0.10072	0.00068000
1105.0	0.13816	0.00093800	0.10381	0.00057900	0.084263	0.00064500	0.10126	0.00067700
1110.0	0.13886	0.0011740	0.10463	0.00058800	0.084961	0.00063900	0.10202	0.00073700
1115.0	0.13940	0.0011130	0.10531	0.00072200	0.085444	0.00064000	0.10254	0.00064900
1120.0	0.13994	0.0010710	0.10582	0.00062600	0.086118	0.00056600	0.10310	0.00076700
1125.0	0.14047	0.0010460	0.10638	0.00068400	0.086650	0.00054900	0.10340	0.00078100
1130.0	0.14119	0.0010550	0.10691	0.00064300	0.087168	0.00065300	0.10395	0.00065600
1135.0	0.14151	0.0011060	0.10752	0.00061600	0.087597	0.00068500	0.10474	0.00065800
1140.0	0.14210	0.00095100	0.10790	0.00066300	0.087925	0.00058400	0.10488	0.00068600
1145.0	0.14288	0.0010010	0.10842	0.00059100	0.088417	0.00057600	0.10522	0.00067800
1150.0	0.14345	0.0012480	0.10904	0.00062900	0.089066	0.00057700	0.10584	0.00067400
1155.0	0.14389	0.0011580	0.10947	0.00059800	0.089354	0.00059600	0.10622	0.00067100
1160.0	0.14445	0.0011940	0.11000	0.00056400	0.089738	0.00061100	0.10651	0.00065400
1165.0	0.14504	0.0012140	0.11048	0.00060900	0.090420	0.00060400	0.10715	0.00060900
1170.0	0.14541	0.0010530	0.11090	0.00072900	0.090718	0.00052600	0.10750	0.00066800
1175.0	0.14588	0.0012000	0.11127	0.00089200	0.091141	0.00056500	0.10798	0.00070800
1180.0	0.14669	0.0011870	0.11191	0.00087500	0.091630	0.00060600	0.10853	0.00074700
1185.0	0.14706	0.0012040	0.11210	0.00077200	0.092000	0.00060400	0.10873	0.00081100
1190.0	0.14763	0.0010560	0.11271	0.00070500	0.092263	0.00058400	0.10922	0.00069800
1195.0	0.14797	0.0011390	0.11323	0.00063200	0.092641	0.00058100	0.10978	0.00068700
1200.0	0.14876	0.0013660	0.11374	0.00067300	0.093250	0.00056000	0.11006	0.00066800
1205.0	0.14901	0.0017710	0.11414	0.00088300	0.093310	0.00068100	0.11078	0.00075300
1210.0	0.14943	0.0012630	0.11436	0.00093300	0.093831	0.00069500	0.11140	0.00075100
1215.0	0.14993	0.0011850	0.11492	0.00083500	0.094197	0.00070800	0.11149	0.00082800
1220.0	0.15070	0.0012580	0.11565	0.00096000	0.094691	0.00069500	0.11206	0.00078200
1225.0	0.15103	0.0014500	0.11568	0.00095600	0.094809	0.00067900	0.11224	0.00071300
1230.0	0.15145	0.0010320	0.11605	0.00079500	0.095154	0.00064000	0.11276	0.00069300
1235.0	0.15195	0.0011750	0.11645	0.00092200	0.095370	0.00064100	0.11296	0.00068300
1240.0	0.15324	0.0010840	0.11731	0.00073600	0.095870	0.00062700	0.11340	0.00069500
1245.0	0.15289	0.0010980	0.11715	0.00074300	0.095916	0.00063200	0.11365	0.00073600
1250.0	0.15388	0.0010950	0.11775	0.00081500	0.096533	0.00062200	0.11433	0.00069100
1255.0	0.15444	0.0011760	0.11820	0.00077500	0.096883	0.00064500	0.11457	0.00065900
1260.0	0.15463	0.0010760	0.11831	0.00079300	0.097253	0.00058800	0.11494	0.00058900
1265.0	0.15535	0.0012020	0.11930	0.00082000	0.097461	0.00066400	0.11551	0.00063900
1270.0	0.15541	0.0013290	0.11940	0.0010740	0.097602	0.00060700	0.11556	0.00064300
1275.0	0.15636	0.0011980	0.11987	0.0011220	0.098256	0.00067100	0.11629	0.00067300
1280.0	0.15637	0.0012520	0.12010	0.0011600	0.098336	0.00064200	0.11647	0.00070300
1285.0	0.15732	0.0014700	0.12107	0.0010070	0.098929	0.00057500	0.11693	0.00065800
1290.0	0.15732	0.0011680	0.12111	0.0010550	0.099127	0.00063900	0.11736	0.00070400
1295.0	0.15829	0.0012770	0.12191	0.00079500	0.099366	0.00061700	0.11762	0.00065900
1300.0	0.15843	0.0012250	0.12193	0.00082100	0.099755	0.00057900	0.11797	0.00065600
1305.0	0.15948	0.0012170	0.12264	0.00086000	0.10025	0.00062000	0.11868	0.00062300
1310.0	0.15994	0.0011120	0.12307	0.00074500	0.10061	0.00058400	0.11895	0.00058600
1315.0	0.16048	0.0011020	0.12362	0.00070100	0.10101	0.00061100	0.11942	0.00069300
1320.0	0.16083	0.0010140	0.12409	0.00058200	0.10147	0.00057100	0.11980	0.00058200
1325.0	0.16164	0.0010790	0.12468	0.00063500	0.10182	0.00061200	0.12052	0.00072900
1330.0	0.16209	0.0012570	0.12494	0.00075100	0.10204	0.00064000	0.12059	0.00063000
1335.0	0.16277	0.0012100	0.12573	0.00068800	0.10245	0.00065100	0.12123	0.00059800
1340.0	0.16328	0.0014610	0.12613	0.00093400	0.10288	0.00074100	0.12174	0.00076600
1345.0	0.16410	0.0012820	0.12669	0.00089600	0.10336	0.00064400	0.12229	0.00063800
1350.0	0.16391	0.0014370	0.12686	0.0010730	0.10358	0.00069200	0.12263	0.00072500
1355.0	0.16443	0.0014140	0.12752	0.00099300	0.10440	0.00074000	0.12348	0.00092500
1360.0	0.16496	0.0017110	0.12795	0.0010240	0.10450	0.00068100	0.12347	0.00095900
1365.0	0.16601	0.0015800	0.12886	0.0010270	0.10464	0.00073300	0.12338	0.00082600
1370.0	0.16681	0.0014650	0.12944	0.00089400	0.10551	0.00077200	0.12440	0.00085400
1375.0	0.16734	0.0013250	0.12985	0.00094800	0.10551	0.00067900	0.12452	0.00074900
1380.0	0.16759	0.0012150	0.13027	0.00097900	0.10622	0.00071700	0.12545	0.00076200
1385.0	0.16865	0.0011350	0.13097	0.00081800	0.10640	0.00075000	0.12491	0.00091300
1390.0	0.16948	0.0013940	0.13150	0.00089500	0.10698	0.00068200	0.12555	0.00077100
1395.0	0.16936	0.0014360	0.13155	0.00094400	0.10740	0.00069600	0.12644	0.00082800
1400.0	0.16941	0.0016010	0.13228	0.00099500	0.10800	0.00067900	0.12713	0.00079700
1405.0	0.17005	0.0016650	0.13259	0.0010330	0.10837	0.00067800	0.12753	0.00077400
1410.0	0.17165	0.0017790	0.13383	0.0011120	0.10850	0.00074100	0.12776	0.00090500
1415.0	0.17150	0.0015090	0.13365	0.0013430	0.10881	0.00067000	0.12822	0.00089400
1420.0	0.17225	0.0016560	0.13427	0.0012440	0.10932	0.00066300	0.12864	0.00084900
1425.0	0.17264	0.0015590	0.13503	0.0011700	0.10951	0.00061500	0.12852	0.00075800
1430.0	0.17349	0.0014610	0.13557	0.0010350	0.11004	0.00072800	0.12923	0.00073800
1435.0	0.17394	0.0013230	0.13611	0.0010390	0.11063	0.00070700	0.12950	0.00081100
1440.0	0.17506	0.0011510	0.13680	0.00096800	0.11116	0.00062300	0.13011	0.00067900
1445.0	0.17497	0.0011810	0.13667	0.00082000	0.11123	0.00064800	0.13058	0.00074600
1450.0	0.17622	0.0011960	0.13743	0.00081900	0.11181	0.00071600	0.13104	0.00081400
1455.0	0.17619	0.0013760	0.13793	0.00089000	0.11217	0.00080500	0.13123	0.00078100
1460.0	0.17744	0.0012490	0.13845	0.00078500	0.11247	0.00075000	0.13154	0.00076200
1465.0	0.17769	0.0013110	0.13903	0.00080800	0.11282	0.00069400	0.13235	0.00076700
1470.0	0.17825	0.0014200	0.13932	0.00089100	0.11327	0.00074500	0.13269	0.00080500
1475.0	0.17891	0.0014170	0.13996	0.0010160	0.11348	0.00072000	0.13293	0.00083500
1480.0	0.17916	0.0015450	0.14023	0.00096800	0.11381	0.00077600	0.13310	0.00084900
1485.0	0.17929	0.0016320	0.14072	0.00091900	0.11414	0.00074200	0.13354	0.00075600
1490.0	0.18006	0.0015510	0.14115	0.00091900	0.11458	0.00069000	0.13409	0.00080400
1495.0	0.18036	0.0014200	0.14142	0.00087800	0.11499	0.00078300	0.13435	0.00084200
1500.0	0.18072	0.0015500	0.14191	0.00078900	0.11506	0.00074400	0.13454	0.00071100
1505.0	0.18119	0.0014560	0.14241	0.00085000	0.11540	0.00077000	0.13505	0.00075500
1510.0	0.18157	0.0015680	0.14296	0.00083900	0.11568	0.00074100	0.13576	0.00077800
1515.0	0.18213	0.0016900	0.14370	0.00090100	0.11623	0.00080100	0.13614	0.00083400
1520.0	0.18233	0.0015250	0.14374	0.00095800	0.11650	0.00081300	0.13639	0.00073400
1525.0	0.18279	0.0015400	0.14414	0.00094200	0.11681	0.00078400	0.13690	0.00073500
1530.0	0.18323	0.0014300	0.14414	0.00084900	0.11710	0.00079500	0.13723	0.00084300
1535.0	0.18410	0.0013540	0.14461	0.00081500	0.11727	0.00081400	0.13773	0.00080200
1540.0	0.18503	0.0016580	0.14510	0.00083900	0.11765	0.00076900	0.13824	0.00082500
1545.0	0.18515	0.0016800	0.14568	0.00088200	0.11802	0.00084800	0.13878	0.00085000
1550.0	0.18541	0.0016650	0.14612	0.00092700	0.11843	0.00088000	0.13902	0.00096000
1555.0	0.18589	0.0015850	0.14622	0.00089600	0.11873	0.00089300	0.13974	0.00094500
1560.0	0.18562	0.0018490	0.14660	0.0010010	0.11885	0.00085500	0.13963	0.00092200
1565.0	0.18663	0.0018600	0.14712	0.00093800	0.11900	0.00086400	0.13972	0.00085400
1570.0	0.18674	0.0015220	0.14724	0.00085700	0.11943	0.00083900	0.14022	0.00088500
1575.0	0.18774	0.0015790	0.14778	0.00084900	0.11963	0.00079300	0.14066	0.00085500
1580.0	0.18766	0.0013850	0.14793	0.00086300	0.11978	0.00089200	0.14086	0.00098400
1585.0	0.18862	0.0016970	0.14893	0.00088500	0.12019	0.00091300	0.14152	0.00091200
1590.0	0.18878	0.0013310	0.14874	0.00084900	0.12037	0.00082800	0.14146	0.00083000
1595.0	0.18966	0.0014630	0.14946	0.00095000	0.12047	0.00091300	0.14175	0.00085700
1600.0	0.19023	0.0016030	0.14979	0.00099700	0.12093	0.00084200	0.14235	0.00082400
1605.0	0.19172	0.0016900	0.15052	0.00082500	0.12137	0.00079400	0.14210	0.00091700
1610.0	0.19109	0.0016610	0.15036	0.00079000	0.12153	0.00067700	0.14248	0.00080600
1615.0	0.19161	0.0017550	0.15081	0.00086400	0.12178	0.00085100	0.14257	0.00090800
1620.0	0.19195	0.0014150	0.15113	0.00080900	0.12192	0.00087200	0.14295	0.00078000
1625.0	0.19228	0.0014860	0.15171	0.00090800	0.12187	0.00076800	0.14356	0.00081500
1630.0	0.19258	0.0015180	0.15203	0.00092400	0.12246	0.00077500	0.14355	0.00090100
1635.0	0.19275	0.0014570	0.15228	0.0010430	0.12242	0.00076400	0.14380	0.00086300
1640.0	0.19389	0.0013980	0.15286	0.0010470	0.12256	0.00075300	0.14434	0.0010300
1645.0	0.19414	0.0015110	0.15308	0.00095000	0.12295	0.00083200	0.14470	0.0011180
1650.0	0.19462	0.0017300	0.15355	0.0010460	0.12312	0.00073000	0.14507	0.0011320
1655.0	0.19499	0.0015730	0.15391	0.0010100	0.12318	0.00075800	0.14503	0.0010640
1660.0	0.19595	0.0016800	0.15431	0.0010820	0.12357	0.00081600	0.14562	0.0013310
1665.0	0.19618	0.0028230	0.15488	0.0011200	0.12318	0.00081900	0.14487	0.0011470
1670.0	0.19769	0.0018200	0.15554	0.0010760	0.12383	0.00093200	0.14532	0.0010660
1675.0	0.19791	0.0017160	0.15587	0.0011310	0.12389	0.00079800	0.14515	0.0011230
1680.0	0.19848	0.0017120	0.15611	0.0012080	0.12399	0.00090700	0.14526	0.00091800
1685.0	0.19907	0.0017930	0.15682	0.0010730	0.12430	0.00085200	0.14564	0.00096500
1690.0	0.19925	0.0017870	0.15719	0.00098900	0.12472	0.00082500	0.14585	0.0010420
1695.0	0.20007	0.0018100	0.15709	0.00090100	0.12488	0.00079100	0.14654	0.00081100
1700.0	0.20029	0.0014430	0.15763	0.00078500	0.12536	0.00065400	0.14694	0.0014240
1705.0	0.20087	0.0015420	0.15809	0.00081600	0.12566	0.00069900	0.14733	0.0014850
1710.0	0.20150	0.0015920	0.15839	0.00086800	0.12576	0.00072500	0.14758	0.0013840
1715.0	0.20177	0.0014780	0.15860	0.00081000	0.12600	0.00070900	0.14796	0.0012420
1720.0	0.20217	0.0015010	0.15885	0.00090800	0.12626	0.00073600	0.14818	0.0011270
1725.0	0.20272	0.0014660	0.15953	0.00090100	0.12635	0.00072700	0.14852	0.0011950
1730.0	0.20311	0.0014610	0.15998	0.0010180	0.12666	0.00076100	0.14874	0.0011090
1735.0	0.20354	0.0014840	0.16007	0.0010260	0.12683	0.00070500	0.14888	0.0010420
1740.0	0.20402	0.0014990	0.16039	0.00093500	0.12698	0.00067600	0.14913	0.00089500
1745.0	0.20439	0.0016230	0.16075	0.00095300	0.12720	0.00066800	0.14937	0.00096200
1750.0	0.20492	0.0012880	0.16104	0.00093700	0.12738	0.00065300	0.14949	0.00099700
1755.0	0.20526	0.0011470	0.16157	0.00056400	0.12772	0.00054800	0.14986	0.00078800
1760.0	0.20609	0.0012490	0.16210	0.00058400	0.12812	0.00052400	0.15045	0.00086500
1765.0	0.20608	0.0012180	0.16225	0.00061000	0.12827	0.00058200	0.15036	0.00099600
1770.0	0.20650	0.0013260	0.16265	0.00070300	0.12843	0.00059900	0.15064	0.0011390
1775.0	0.20683	0.0012760	0.16288	0.00062800	0.12851	0.00052200	0.15096	0.0011540
1780.0	0.20760	0.0011920	0.16340	0.00076400	0.12881	0.00053300	0.15120	0.0012000
1785.0	0.20788	0.0011810	0.16358	0.00076200	0.12909	0.00052700	0.15141	0.0010500
1790.0	0.20850	0.0012340	0.16409	0.00091900	0.12943	0.00053400	0.15193	0.0011130
1795.0	0.20863	0.0011240	0.16430	0.00077600	0.12939	0.00051800	0.15207	0.00099900
1800.0	0.20925	0.0012690	0.16468	0.00084300	0.12968	0.00054300	0.15207	0.00091900
1805.0	0.20956	0.0013160	0.16507	0.00084200	0.12989	0.00055300	0.15255	0.00082800
1810.0	0.21038	0.0012180	0.16572	0.00085600	0.13009	0.00063200	0.15313	0.00093200
1815.0	0.21046	0.0012530	0.16575	0.00086000	0.13045	0.00059600	0.15364	0.0010940
1820.0	0.21098	0.0012330	0.16612	0.0010170	0.13055	0.00061500	0.15367	0.0013440
1825.0	0.21145	0.0013060	0.16647	0.00088100	0.13087	0.00063900	0.15380	0.0013530
1830.0	0.21176	0.0013340	0.16680	0.00097700	0.13109	0.00059900	0.15445	0.0014760
1835.0	0.21213	0.0014650	0.16713	0.0010250	0.13136	0.00062700	0.15461	0.0014200
1840.0	0.21166	0.0013690	0.16713	0.0012080	0.13174	0.00055600	0.15537	0.0015080
1845.0	0.21305	0.0015270	0.16805	0.0010850	0.13152	0.00059400	0.15440	0.0013560
1850.0	0.21258	0.0013050	0.16823	0.0010540	0.13204	0.00062000	0.15581	0.00095700
1855.0	0.21387	0.0014550	0.16877	0.0011120	0.13205	0.00071300	0.15523	0.0011950
1860.0	0.21371	0.0014410	0.16888	0.0011650	0.13244	0.00068800	0.15615	0.0014790
1865.0	0.21435	0.0016040	0.16986	0.0011810	0.13257	0.00069500	0.15659	0.0015050
1870.0	0.21486	0.0012660	0.16977	0.0014280	0.13347	0.00064300	0.15671	0.0016220
1875.0	0.21546	0.0014970	0.16955	0.0015180	0.13359	0.00072400	0.15686	0.0016310
1880.0	0.21555	0.0016080	0.17028	0.0013660	0.13259	0.00067800	0.15713	0.0020550
1885.0	0.21595	0.0014080	0.17092	0.0013170	0.13361	0.00067400	0.15721	0.0017460
1890.0	0.21643	0.0014900	0.17051	0.0011840	0.13377	0.00064200	0.15730	0.0017110
1895.0	0.21652	0.0014420	0.17103	0.0013340	0.13405	0.00065000	0.15794	0.0018020
1900.0	0.21677	0.0014380	0.17117	0.0011800	0.13446	0.00059300	0.15816	0.0017680
1905.0	0.21720	0.0014310	0.17133	0.0011800	0.13476	0.00052800	0.15845	0.0013210
1910.0	0.21769	0.0013690	0.17196	0.0012030	0.13454	0.00061400	0.15864	0.0017630
1915.0	0.21824	0.0012680	0.17245	0.0011490	0.13490	0.00062700	0.15887	0.0017210
1920.0	0.21901	0.0011400	0.17295	0.0011570	0.13536	0.00068100	0.15914	0.0020150
1925.0	0.21885	0.0011160	0.17300	0.0011660	0.13512	0.00062100	0.15937	0.0018880
1930.0	0.21955	0.0010880	0.17348	0.0010620	0.13531	0.00059100	0.15958	0.0020650
1935.0	0.21959	0.0010940	0.17360	0.0012950	0.13532	0.00062800	0.15961	0.0020520
1940.0	0.21991	0.0012110	0.17422	0.0014320	0.13591	0.00060100	0.16028	0.0021030
1945.0	0.22004	0.0012400	0.17446	0.0014630	0.13598	0.00059800	0.16007	0.0021220
1950.0	0.22074	0.0013700	0.17491	0.0016450	0.13643	0.00069000	0.16053	0.0023550
1955.0	0.22103	0.0014710	0.17536	0.0015480	0.13646	0.00067400	0.16095	0.0021490
1960.0	0.22163	0.0016050	0.17607	0.0014100	0.13678	0.00065800	0.16116	0.0017480
1965.0	0.22186	0.0015620	0.17633	0.0013420	0.13691	0.00061200	0.16137	0.0014870
1970.0	0.22223	0.0015610	0.17679	0.0012570	0.13733	0.00070100	0.16175	0.0012090
1975.0	0.22242	0.0015640	0.17705	0.0013600	0.13735	0.00070000	0.16218	0.0011200
1980.0	0.22295	0.0014340	0.17741	0.0011340	0.13772	0.00070300	0.16233	0.0015480
1985.0	0.22342	0.0015290	0.17767	0.0012230	0.13803	0.00072800	0.16273	0.0016660
1990.0	0.22358	0.0014680	0.17829	0.0011460	0.13843	0.00065500	0.16294	0.0020630
1995.0	0.22385	0.0014370	0.17861	0.00099800	0.13850	0.00065100	0.16314	0.0020190
2000.0	0.22413	0.0015370	0.17872	0.0011020	0.13880	0.00063200	0.16349	0.0021960
2005.0	0.22486	0.0013740	0.17932	0.0010740	0.13911	0.00062100	0.16391	0.0015520
2010.0	0.22518	0.0012570	0.17959	0.0012080	0.13940	0.00058800	0.16394	0.0012940
2015.0	0.22548	0.0014330	0.17977	0.0012330	0.13974	0.00059700	0.16423	0.0012380
2020.0	0.22569	0.0015600	0.18020	0.0013440	0.13980	0.00064200	0.16446	0.0011360
2025.0	0.22588	0.0016430	0.18047	0.0012840	0.14017	0.00061100	0.16467	0.0012200
2030.0	0.22641	0.0015910	0.18088	0.0012840	0.14015	0.00065400	0.16501	0.0012480
2035.0	0.22662	0.0014580	0.18106	0.0012500	0.14014	0.00076900	0.16517	0.0011700
2040.0	0.22712	0.0014340	0.18148	0.0011410	0.14061	0.00070800	0.16528	0.0011800
2045.0	0.22749	0.0015670	0.18216	0.0012470	0.14106	0.00062900	0.16552	0.0010980
2050.0	0.22782	0.0016160	0.18252	0.0012380	0.14149	0.00066200	0.16611	0.0010480
2055.0	0.22823	0.0019040	0.18271	0.0012410	0.14154	0.00074800	0.16629	0.0010600
2060.0	0.22870	0.0015230	0.18300	0.0013160	0.14178	0.00069400	0.16658	0.0013950
2065.0	0.22884	0.0016700	0.18316	0.0013060	0.14209	0.00069200	0.16695	0.0017020
2070.0	0.22895	0.0018600	0.18334	0.0013460	0.14216	0.00073800	0.16723	0.0021220
2075.0	0.22922	0.0018710	0.18382	0.0014250	0.14267	0.00066900	0.16769	0.0021270
2080.0	0.22986	0.0015720	0.18422	0.0015440	0.14307	0.00069400	0.16801	0.0024310
2085.0	0.23025	0.0014370	0.18440	0.0016550	0.14314	0.00072600	0.16782	0.0025860
2090.0	0.23073	0.0016130	0.18514	0.0016760	0.14366	0.00080400	0.16862	0.0026760
2095.0	0.23132	0.0014950	0.18565	0.0015200	0.14409	0.00087400	0.16900	0.0025880
2100.0	0.23166	0.0019250	0.18578	0.0014270	0.14414	0.00082100	0.16898	0.0026370
2105.0	0.23209	0.0019580	0.18629	0.0014050	0.14441	0.00083600	0.16929	0.0021880
2110.0	0.23233	0.0018040	0.18670	0.0013600	0.14459	0.00081700	0.16978	0.0025120
2115.0	0.23296	0.0017980	0.18702	0.0012370	0.14487	0.00079600	0.16999	0.0022670
2120.0	0.23278	0.0015780	0.18733	0.0014010	0.14487	0.00078200	0.17068	0.0026770
2125.0	0.23329	0.0016810	0.18752	0.0016320	0.14558	0.00083900	0.17075	0.0025050
2130.0	0.23342	0.0016810	0.18784	0.0013400	0.14586	0.00080000	0.17152	0.0028980
2135.0	0.23425	0.0017430	0.18806	0.0014930	0.14616	0.00084900	0.17133	0.0029120
2140.0	0.23427	0.0020010	0.18854	0.0015160	0.14657	0.00085000	0.17183	0.0030710
2145.0	0.23488	0.0017840	0.18935	0.0016570	0.14688	0.00074600	0.17220	0.0028630
2150.0	0.23454	0.0017920	0.18947	0.0019530	0.14698	0.00084000	0.17234	0.0031970
2155.0	0.23568	0.0018340	0.19026	0.0019680	0.14746	0.00072300	0.17304	0.0027190
2160.0	0.23591	0.0017670	0.19048	0.0019130	0.14787	0.00086000	0.17302	0.0022140
2165.0	0.23627	0.0015160	0.19111	0.0018120	0.14820	0.00084000	0.17349	0.0019910
2170.0	0.23656	0.0017330	0.19163	0.0017210	0.14865	0.00080900	0.17371	0.0017050
2175.0	0.23683	0.0016040	0.19171	0.0017150	0.14896	0.00077400	0.17399	0.0018310
2180.0	0.23754	0.0015490	0.19181	0.0016280	0.14920	0.00071900	0.17432	0.0019360
2185.0	0.23793	0.0015440	0.19224	0.0014890	0.14952	0.00077500	0.17473	0.0019030
2190.0	0.23848	0.0015730	0.19293	0.0012400	0.14969	0.00076600	0.17508	0.0023380
2195.0	0.23868	0.0015510	0.19311	0.0014340	0.15006	0.00078500	0.17540	0.0022180
2200.0	0.23899	0.0014520	0.19357	0.0013860	0.15048	0.00079000	0.17580	0.0029320
2205.0	0.23960	0.0015400	0.19413	0.0011300	0.15086	0.00077800	0.17602	0.0027980
2210.0	0.23963	0.0016240	0.19468	0.0012810	0.15118	0.00074200	0.17580	0.0028570
2215.0	0.24033	0.0017070	0.19503	0.0015650	0.15133	0.00080400	0.17635	0.0025890
2220.0	0.24070	0.0016320	0.19539	0.0012500	0.15183	0.00077200	0.17672	0.0029590
2225.0	0.24120	0.0016180	0.19577	0.0012160	0.15233	0.00073600	0.17704	0.0030890
2230.0	0.24137	0.0016250	0.19614	0.0012490	0.15237	0.00071700	0.17709	0.0037710
2235.0	0.24183	0.0017380	0.19665	0.0011250	0.15284	0.00079400	0.17757	0.0033180
2240.0	0.24239	0.0018040	0.19683	0.0011700	0.15315	0.00069800	0.17775	0.0037320
2245.0	0.24302	0.0016960	0.19767	0.0012260	0.15348	0.00064900	0.17825	0.0034100
2250.0	0.24308	0.0018360	0.19787	0.0012330	0.15381	0.00066700	0.17866	0.0038840
2255.0	0.24352	0.0017020	0.19811	0.0012960	0.15411	0.00063500	0.17902	0.0035500
2260.0	0.24362	0.0016750	0.19843	0.0011420	0.15429	0.00066100	0.17916	0.0028930
2265.0	0.24416	0.0016890	0.19926	0.0011460	0.15485	0.00073100	0.18004	0.0024320
2270.0	0.24467	0.0015710	0.19996	0.0011050	0.15548	0.00077000	0.18015	0.0020190
2275.0	0.24487	0.0017080	0.20019	0.0010060	0.15574	0.00084000	0.18056	0.0016970
2280.0	0.24513	0.0017770	0.20069	0.00096600	0.15606	0.00081200	0.18064	0.0015200
2285.0	0.24575	0.0016890	0.20118	0.00099200	0.15660	0.00080000	0.18096	0.0014050
2290.0	0.24607	0.0017330	0.20202	0.0010090	0.15711	0.00088400	0.18123	0.0016720
2295.0	0.24678	0.0016640	0.20251	0.00091500	0.15749	0.00080100	0.18195	0.0012920
2300.0	0.24718	0.0017310	0.20292	0.0010850	0.15794	0.00076100	0.18229	0.0015870
2305.0	0.24795	0.0019790	0.20370	0.0010240	0.15839	0.00080400	0.18298	0.0012350
2310.0	0.24799	0.0018890	0.20408	0.00093800	0.15895	0.00071900	0.18337	0.0011940
2315.0	0.24829	0.0018410	0.20452	0.00092600	0.15909	0.00080200	0.18330	0.0010540
2320.0	0.24821	0.0019070	0.20482	0.0011210	0.15933	0.00087000	0.18370	0.0013840
2325.0	0.24820	0.0018550	0.20497	0.00099000	0.15941	0.00093100	0.18402	0.0013630
2330.0	0.24877	0.0015520	0.20510	0.0010160	0.15979	0.00092600	0.18443	0.0016110
2335.0	0.24920	0.0015600	0.20564	0.0012250	0.16032	0.00086500	0.18466	0.0014540
2340.0	0.24950	0.0018690	0.20623	0.0011480	0.16073	0.00085700	0.18509	0.0017450
2345.0	0.24961	0.0020040	0.20684	0.0012460	0.16105	0.00091100	0.18523	0.0017000
2350.0	0.24955	0.0020010	0.20698	0.0011660	0.16100	0.00084700	0.18541	0.0018890
2355.0	0.24980	0.0020660	0.20704	0.0011480	0.16118	0.00079200	0.18529	0.0016490
2360.0	0.25003	0.0020500	0.20768	0.0010440	0.16145	0.00088300	0.18551	0.0011770
2365.0	0.25051	0.0019400	0.20841	0.0011040	0.16201	0.00092900	0.18608	0.00093100
2370.0	0.25089	0.0019270	0.20830	0.0011780	0.16242	0.00080200	0.18613	0.0012290
2375.0	0.25117	0.0018600	0.20879	0.0015010	0.16276	0.00084800	0.18643	0.0015010
2380.0	0.25160	0.0019720	0.20929	0.0015830	0.16326	0.00093800	0.18725	0.0018370
2385.0	0.25172	0.0020750	0.20969	0.0014980	0.16380	0.00086800	0.18767	0.0020360
2390.0	0.25192	0.0019770	0.21014	0.0016110	0.16426	0.00084900	0.18771	0.0024420
2395.0	0.25239	0.0020630	0.21052	0.0014690	0.16485	0.00086600	0.18830	0.0022430
2400.0	0.25335	0.0020830	0.21115	0.0016690	0.16537	0.00087800	0.18856	0.0029450
2405.0	0.25394	0.0019560	0.21171	0.0015750	0.16575	0.00078800	0.18936	0.0028250
2410.0	0.25357	0.0017870	0.21170	0.0019110	0.16615	0.00086200	0.18924	0.0032670
2415.0	0.25417	0.0016020	0.21233	0.0017410	0.16680	0.00084500	0.18975	0.0030660
2420.0	0.25435	0.0015350	0.21316	0.0017880	0.16713	0.00090100	0.18962	0.0032140
2425.0	0.25559	0.0014710	0.21435	0.0020140	0.16790	0.00091800	0.19022	0.0030300
2430.0	0.25551	0.0016460	0.21454	0.0018020	0.16804	0.00083700	0.19040	0.0036340
2435.0	0.25591	0.0016140	0.21503	0.0015450	0.16826	0.00082200	0.19076	0.0033040
2440.0	0.25616	0.0019060	0.21502	0.0015200	0.16880	0.0010230	0.19114	0.0038100
2445.0	0.25671	0.0017950	0.21562	0.0013720	0.16958	0.00093000	0.19133	0.0033400
2450.0	0.25658	0.0016830	0.21584	0.0016350	0.16976	0.00094300	0.19198	0.0036860
2455.0	0.25682	0.0017590	0.21647	0.0016430	0.17029	0.00089700	0.19226	0.0033430
2460.0	0.25707	0.0014960	0.21680	0.0015540	0.17071	0.00082600	0.19270	0.0024740
2465.0	0.25732	0.0016730	0.21705	0.0014420	0.17120	0.00084800	0.19357	0.0022560
2470.0	0.25781	0.0015960	0.21780	0.0012860	0.17157	0.00074400	0.19361	0.0018080
2475.0	0.25777	0.0017060	0.21825	0.0011110	0.17202	0.00076200	0.19439	0.0017640
2480.0	0.25923	0.0034140	0.21949	0.0028040	0.17243	0.0021860	0.19434	0.0029220
2485.0	0.25869	0.0015550	0.21943	0.0012310	0.17303	0.00084200	0.19486	0.0020200
2490.0	0.25915	0.0016890	0.21989	0.0017660	0.17338	0.00082600	0.19520	0.0023930
2495.0	0.25970	0.0017670	0.22044	0.0018350	0.17385	0.00081500	0.19611	0.0023400
2500.0	0.25988	0.0019160	0.22057	0.0016770	0.17461	0.00096000	0.19636	0.0028050
2505.0	0.26061	0.0019430	0.22126	0.0016890	0.17564	0.00095100	0.19759	0.0031750
2510.0	0.25981	0.0016820	0.22108	0.0015980	0.17531	0.00096000	0.19710	0.0034140
2515.0	0.26075	0.0016690	0.22160	0.0019010	0.17595	0.00093200	0.19806	0.0032560
2520.0	0.26009	0.0018680	0.22156	0.0017790	0.17644	0.0010160	0.19849	0.0038780
2525.0	0.26114	0.0019040	0.22236	0.0017370	0.17701	0.00096200	0.19872	0.0033630
2530.0	0.26045	0.0024500	0.22268	0.0020800	0.17737	0.0012040	0.19903	0.0035470
2535.0	0.26055	0.0025460	0.22285	0.0020910	0.17843	0.0012970	0.20066	0.0030620
2540.0	0.26260	0.0024070	0.22382	0.0027450	0.17782	0.0012290	0.19894	0.0033910
2545.0	0.26203	0.0022810	0.22431	0.0023070	0.17975	0.0012220	0.20200	0.0032320
2550.0	0.26256	0.0025980	0.22442	0.0020440	0.17972	0.0011780	0.20133	0.0035750
2555.0	0.26362	0.0027760	0.22510	0.0019940	0.18019	0.0012580	0.20307	0.0033140
2560.0	0.26360	0.0026000	0.22571	0.0021090	0.18081	0.0010950	0.20258	0.0034770
2565.0	0.26400	0.0030550	0.22639	0.0023620	0.18148	0.0016260	0.20334	0.0032670
2570.0	0.26416	0.0030120	0.22676	0.0023080	0.18178	0.0013630	0.20346	0.0033160
2575.0	0.26399	0.0029470	0.22715	0.0019750	0.18266	0.0014390	0.20471	0.0024210
2580.0	0.26540	0.0028520	0.22807	0.0022900	0.18264	0.0014240	0.20368	0.0022740
2585.0	0.26532	0.0025390	0.22876	0.0021820	0.18369	0.0013940	0.20516	0.0020070
2590.0	0.26619	0.0027400	0.22932	0.0024280	0.18376	0.0017850	0.20459	0.0025030
2595.0	0.26706	0.0022390	0.23012	0.0020840	0.18395	0.0013170	0.20433	0.0023340
2600.0	0.26776	0.0035120	0.23078	0.0028630	0.18403	0.0019740	0.20394	0.0031380
