300.00	0.055417	0.19185	0.054237	0.19196	0.046843	0.19606	0.062278	0.19600
305.00	0.059150	0.12525	0.056505	0.12519	0.053015	0.12877	0.062080	0.12882
310.00	0.060489	0.091127	0.053677	0.091242	0.051479	0.093274	0.059589	0.093314
315.00	0.062455	0.069516	0.054943	0.069539	0.053758	0.071167	0.062915	0.070948
320.00	0.063114	0.054416	0.055486	0.054524	0.054677	0.055780	0.063156	0.055681
325.00	0.064752	0.043739	0.055144	0.043884	0.055857	0.045033	0.064495	0.044793
330.00	0.066269	0.035840	0.056919	0.036076	0.055515	0.036972	0.065578	0.036677
335.00	0.067470	0.029549	0.056960	0.029758	0.056727	0.030484	0.066399	0.030226
340.00	0.069107	0.024678	0.057815	0.024781	0.057402	0.025333	0.068496	0.025293
345.00	0.070415	0.020707	0.058737	0.020726	0.058742	0.021272	0.069151	0.021247
350.00	0.072226	0.017295	0.060494	0.017362	0.059947	0.017852	0.070665	0.017815
355.00	0.073550	0.014377	0.061032	0.014546	0.061352	0.014934	0.071842	0.014774
360.00	0.074634	0.012186	0.062348	0.012098	0.062464	0.012415	0.072957	0.012452
365.00	0.076908	0.010415	0.063586	0.010353	0.064009	0.010603	0.074781	0.010693
370.00	0.079015	0.0089950	0.064992	0.0089920	0.065953	0.0092400	0.076668	0.0092810
375.00	0.080837	0.0079770	0.066328	0.0080210	0.067644	0.0082190	0.078091	0.0082160
380.00	0.082474	0.0073720	0.067623	0.0074470	0.069009	0.0076420	0.079576	0.0076590
385.00	0.084107	0.0073340	0.069299	0.0073900	0.070637	0.0075980	0.080847	0.0076310
390.00	0.086222	0.0082020	0.070518	0.0082130	0.072119	0.0084670	0.082473	0.0084680
395.00	0.087494	0.010386	0.071716	0.010330	0.073180	0.010631	0.083905	0.010666
400.00	0.088767	0.0043800	0.072914	0.0043280	0.074243	0.0045540	0.085338	0.0045530
405.00	0.090461	0.0034630	0.073726	0.0034470	0.075259	0.0036430	0.086467	0.0037140
410.00	0.091820	0.0028140	0.074376	0.0028260	0.076081	0.0029860	0.087250	0.0030800
415.00	0.093260	0.0024300	0.075260	0.0023600	0.076918	0.0025330	0.088171	0.0027260
420.00	0.094320	0.0021100	0.075951	0.0020330	0.077652	0.0022290	0.088953	0.0023790
425.00	0.095485	0.0019160	0.076747	0.0018720	0.078260	0.0020030	0.089865	0.0022310
430.00	0.096746	0.0017380	0.077172	0.0017010	0.078807	0.0019050	0.090409	0.0021450
435.00	0.097736	0.0016530	0.077749	0.0016070	0.079350	0.0018160	0.091098	0.0019600
440.00	0.098437	0.0015410	0.078269	0.0015070	0.079756	0.0017880	0.091627	0.0019050
445.00	0.099537	0.0015030	0.078832	0.0014360	0.080215	0.0016280	0.092275	0.0018250
450.00	0.10041	0.0014930	0.079180	0.0013980	0.080562	0.0015640	0.092777	0.0017500
455.00	0.10126	0.0014250	0.079727	0.0013350	0.080955	0.0016210	0.093238	0.0017800
460.00	0.10199	0.0013670	0.080035	0.0012580	0.081306	0.0014570	0.093790	0.0017170
465.00	0.10270	0.0014150	0.080523	0.0012880	0.081668	0.0015190	0.094120	0.0016580
470.00	0.10347	0.0013320	0.081003	0.0012150	0.082032	0.0014990	0.094689	0.0015950
475.00	0.10420	0.0012450	0.081526	0.0011600	0.082454	0.0014490	0.095234	0.0015990
480.00	0.10506	0.0013220	0.081967	0.0011920	0.083017	0.0014820	0.095769	0.0015900
485.00	0.10565	0.0012720	0.082551	0.0011560	0.083337	0.0014480	0.096219	0.0016240
490.00	0.10648	0.0012820	0.082959	0.0011470	0.083831	0.0014590	0.096783	0.0016300
495.00	0.10738	0.0013010	0.083644	0.0011600	0.084271	0.0014640	0.097282	0.0016290
500.00	0.10807	0.0012620	0.084016	0.0011810	0.084547	0.0014030	0.097857	0.0016190
505.00	0.10892	0.0012790	0.084387	0.0011680	0.084732	0.0014150	0.098212	0.0016140
510.00	0.10972	0.0012760	0.085083	0.0011360	0.085381	0.0014480	0.098827	0.0016870
515.00	0.11057	0.0012740	0.085821	0.0011400	0.086554	0.0014370	0.099566	0.0016270
520.00	0.11166	0.0013050	0.086694	0.0011680	0.087526	0.0013840	0.10030	0.0016050
525.00	0.11241	0.0012640	0.087292	0.0011540	0.087977	0.0014450	0.10078	0.0016520
530.00	0.11335	0.0012900	0.087961	0.0011510	0.088837	0.0014310	0.10157	0.0016060
535.00	0.11398	0.0012050	0.088610	0.0011370	0.089422	0.0013980	0.10234	0.0016640
540.00	0.11495	0.0013190	0.089329	0.0011820	0.089972	0.0014440	0.10294	0.0016620
545.00	0.11574	0.0012250	0.089831	0.0011160	0.090614	0.0014510	0.10375	0.0016730
550.00	0.11678	0.0013570	0.090551	0.0012410	0.091099	0.0014930	0.10417	0.0016830
555.00	0.11731	0.0013520	0.091168	0.0011970	0.091806	0.0014390	0.10486	0.0016750
560.00	0.11832	0.0012850	0.091881	0.0011990	0.092525	0.0014150	0.10539	0.0016380
565.00	0.11911	0.0013540	0.092633	0.0012040	0.093388	0.0014890	0.10600	0.0017160
570.00	0.11989	0.0012500	0.093207	0.0011850	0.093947	0.0014670	0.10674	0.0016620
575.00	0.12070	0.0013600	0.093958	0.0012490	0.094667	0.0014810	0.10733	0.0017790
580.00	0.12162	0.0014110	0.094556	0.0012550	0.095187	0.0015240	0.10792	0.0017680
585.00	0.12233	0.0013460	0.095216	0.0012460	0.096079	0.0014170	0.10858	0.0016930
590.00	0.12332	0.0013980	0.095802	0.0012520	0.096510	0.0014290	0.10921	0.0017610
595.00	0.12411	0.0013450	0.096413	0.0012260	0.097014	0.0015220	0.10967	0.0016920
600.00	0.12492	0.0014280	0.097060	0.0012550	0.097642	0.0015510	0.11039	0.0017810
605.00	0.12583	0.0013690	0.097710	0.0011950	0.098348	0.0015310	0.11105	0.0017400
610.00	0.12665	0.0013870	0.098306	0.0012480	0.098972	0.0015250	0.11187	0.0017330
615.00	0.12775	0.0013970	0.099192	0.0012630	0.099867	0.0015540	0.11266	0.0017910
620.00	0.12860	0.0014800	0.099808	0.0013060	0.10055	0.0015870	0.11334	0.0018420
625.00	0.12959	0.0013380	0.10049	0.0012130	0.10125	0.0015390	0.11405	0.0019160
630.00	0.13051	0.0014860	0.10119	0.0012970	0.10203	0.0014750	0.11491	0.0018730
635.00	0.13141	0.0015610	0.10188	0.0013350	0.10262	0.0015310	0.11568	0.0018790
640.00	0.13224	0.0014780	0.10248	0.0012690	0.10327	0.0015390	0.11639	0.0018670
645.00	0.13318	0.0015070	0.10300	0.0012970	0.10383	0.0015490	0.11694	0.0019170
650.00	0.13404	0.0015480	0.10363	0.0013090	0.10448	0.0015530	0.11757	0.0019040
655.00	0.13498	0.0015040	0.10422	0.0012720	0.10491	0.0016480	0.11814	0.0019440
660.00	0.13587	0.0015250	0.10483	0.0013080	0.10551	0.0016210	0.11863	0.0019610
665.00	0.13676	0.0016110	0.10537	0.0013310	0.10598	0.0016040	0.11922	0.0018830
670.00	0.13774	0.0016490	0.10594	0.0013720	0.10664	0.0017080	0.11998	0.0020040
675.00	0.13868	0.0017030	0.10665	0.0014300	0.10722	0.0016590	0.12060	0.0018940
680.00	0.13975	0.0016930	0.10729	0.0014580	0.10781	0.0016700	0.12110	0.0019580
685.00	0.14081	0.0017090	0.10790	0.0014630	0.10836	0.0017090	0.12199	0.0020330
690.00	0.14174	0.0018180	0.10835	0.0015530	0.10896	0.0017550	0.12261	0.0020100
695.00	0.14258	0.0017430	0.10884	0.0015330	0.10940	0.0018060	0.12337	0.0020380
700.00	0.14368	0.0017860	0.10954	0.0015270	0.11004	0.0017880	0.12393	0.0020900
705.00	0.14504	0.0018960	0.11031	0.0015860	0.11048	0.0018580	0.12459	0.0020690
710.00	0.14576	0.0018290	0.11071	0.0015930	0.11118	0.0018070	0.12554	0.0021080
715.00	0.14715	0.0018370	0.11143	0.0016170	0.11151	0.0018860	0.12606	0.0021240
720.00	0.14844	0.0018550	0.11244	0.0015950	0.11244	0.0017610	0.12722	0.0020880
725.00	0.15220	0.0089050	0.11499	0.0065590	0.11270	0.0018360	0.12789	0.0027260
730.00	0.15098	0.0017810	0.11357	0.0015540	0.11338	0.0018730	0.12928	0.0021580
735.00	0.15238	0.0019790	0.11424	0.0016490	0.11391	0.0018760	0.13007	0.0022470
740.00	0.15359	0.0019990	0.11502	0.0016340	0.11445	0.0019470	0.13105	0.0022930
745.00	0.15506	0.0019660	0.11578	0.0016650	0.11464	0.0019220	0.13146	0.0022160
750.00	0.15599	0.0020390	0.11624	0.0017440	0.11510	0.0019380	0.13254	0.0023130
755.00	0.15737	0.0020660	0.11666	0.0017880	0.11536	0.0020790	0.13349	0.0023800
760.00	0.15881	0.0019930	0.11756	0.0018080	0.11560	0.0020940	0.13437	0.0023880
765.00	0.16001	0.0021800	0.11807	0.0019440	0.11584	0.0021930	0.13536	0.0024920
770.00	0.16137	0.0022810	0.11854	0.0019880	0.11620	0.0022210	0.13612	0.0025310
775.00	0.16244	0.0024070	0.11892	0.0020720	0.11626	0.0023220	0.13705	0.0026280
780.00	0.16416	0.0023770	0.11970	0.0021200	0.11612	0.0023590	0.13778	0.0026660
785.00	0.16548	0.0024570	0.12020	0.0021500	0.11611	0.0024060	0.13861	0.0027820
790.00	0.16710	0.0025640	0.12069	0.0022880	0.11612	0.0024600	0.13960	0.0027730
795.00	0.16809	0.0026710	0.12091	0.0023900	0.11599	0.0026070	0.14040	0.0029150
800.00	0.16976	0.0036590	0.12223	0.0034050	0.11509	0.0034880	0.14121	0.0039360
805.00	0.17103	0.0038050	0.12208	0.0034450	0.11465	0.0036220	0.14217	0.0041840
810.00	0.17287	0.0039120	0.12266	0.0035560	0.11452	0.0037190	0.14273	0.0041320
815.00	0.17426	0.0039040	0.12342	0.0035230	0.11436	0.0037970	0.14362	0.0041340
820.00	0.17557	0.0039430	0.12361	0.0035780	0.11397	0.0037780	0.14453	0.0043020
825.00	0.17733	0.0040410	0.12401	0.0038000	0.11309	0.0037580	0.14509	0.0042330
830.00	0.17855	0.0040770	0.12396	0.0037450	0.11256	0.0038090	0.14570	0.0043570
835.00	0.17921	0.0040890	0.12422	0.0037050	0.11167	0.0038050	0.14670	0.0044490
840.00	0.18037	0.0040310	0.12433	0.0035820	0.11109	0.0037530	0.14722	0.0043540
845.00	0.18192	0.0039640	0.12515	0.0036060	0.11051	0.0036650	0.14808	0.0044420
850.00	0.18401	0.0038700	0.12507	0.0035940	0.10974	0.0037630	0.14798	0.0041470
855.00	0.18470	0.0042250	0.12478	0.0039010	0.10934	0.0040820	0.14875	0.0048320
860.00	0.18587	0.0040540	0.12467	0.0039560	0.10786	0.0037650	0.14858	0.0046770
865.00	0.18738	0.0037970	0.12544	0.0036460	0.10716	0.0035680	0.14908	0.0044060
870.00	0.18808	0.0037290	0.12480	0.0034920	0.10615	0.0034920	0.15014	0.0044550
875.00	0.18951	0.0036470	0.12479	0.0034060	0.10553	0.0032590	0.14998	0.0040410
880.00	0.19082	0.0034250	0.12518	0.0029420	0.10528	0.0029780	0.15122	0.0041010
885.00	0.19166	0.0033260	0.12509	0.0030780	0.10361	0.0027780	0.15132	0.0036630
890.00	0.19291	0.0031570	0.12531	0.0028330	0.10316	0.0028500	0.15168	0.0034920
895.00	0.19417	0.0031200	0.12518	0.0027240	0.10295	0.0026240	0.15220	0.0036750
900.00	0.19515	0.0028750	0.12558	0.0026790	0.10075	0.0024730	0.15237	0.0032550
905.00	0.19625	0.0027170	0.12582	0.0024650	0.10063	0.0023840	0.15310	0.0030930
910.00	0.19701	0.0028030	0.12553	0.0023150	0.099837	0.0023890	0.15369	0.0034390
915.00	0.19800	0.0027250	0.12595	0.0023830	0.099549	0.0021900	0.15377	0.0029330
920.00	0.19858	0.0024820	0.12600	0.0022630	0.099151	0.0021070	0.15443	0.0029390
925.00	0.19967	0.0023390	0.12641	0.0022550	0.098933	0.0019970	0.15476	0.0028350
930.00	0.20084	0.0024620	0.12633	0.0020290	0.098383	0.0018940	0.15494	0.0030210
935.00	0.20165	0.0024280	0.12677	0.0020340	0.098409	0.0019350	0.15571	0.0029490
940.00	0.20207	0.0023320	0.12708	0.0020470	0.098046	0.0018980	0.15601	0.0027670
945.00	0.20305	0.0022900	0.12754	0.0019890	0.098093	0.0017810	0.15624	0.0026840
950.00	0.20381	0.0022750	0.12778	0.0019200	0.097531	0.0016540	0.15693	0.0028580
955.00	0.20484	0.0021650	0.12821	0.0017810	0.097651	0.0017190	0.15749	0.0029190
960.00	0.20529	0.0022740	0.12833	0.0020370	0.097589	0.0016150	0.15781	0.0028090
965.00	0.20552	0.0023340	0.12859	0.0017930	0.097340	0.0016410	0.15833	0.0029180
970.00	0.20677	0.0022450	0.12925	0.0018390	0.097718	0.0016310	0.15874	0.0027930
975.00	0.20703	0.0021570	0.12958	0.0017770	0.097614	0.0016740	0.15915	0.0029820
980.00	0.20796	0.0023080	0.12972	0.0017920	0.097829	0.0015430	0.15995	0.0027840
985.00	0.20842	0.0021420	0.13004	0.0017900	0.098039	0.0015980	0.16024	0.0024790
990.00	0.20895	0.0021660	0.13095	0.0017670	0.098189	0.0015840	0.16063	0.0026230
995.00	0.20958	0.0020930	0.13112	0.0018170	0.098250	0.0015110	0.16113	0.0028880
1000.0	0.21064	0.0022160	0.13162	0.0019230	0.098292	0.0014130	0.16102	0.0028090
1005.0	0.21078	0.0022230	0.13220	0.0018630	0.098770	0.0016670	0.16160	0.0030070
1010.0	0.21135	0.0022490	0.13278	0.0019170	0.099221	0.0016410	0.16204	0.0032050
1015.0	0.21168	0.0021590	0.13300	0.0017680	0.099435	0.0016060	0.16233	0.0029810
1020.0	0.21246	0.0022450	0.13333	0.0018110	0.099972	0.0015350	0.16257	0.0029630
1025.0	0.21285	0.0022170	0.13402	0.0019640	0.10012	0.0015330	0.16344	0.0029190
1030.0	0.21304	0.0020920	0.13462	0.0018390	0.10092	0.0014840	0.16396	0.0028390
1035.0	0.21330	0.0022090	0.13530	0.0019020	0.10138	0.0015170	0.16442	0.0028310
1040.0	0.21394	0.0022830	0.13575	0.0018940	0.10201	0.0015340	0.16483	0.0029810
1045.0	0.21488	0.0023190	0.13658	0.0019050	0.10277	0.0015780	0.16584	0.0029770
1050.0	0.21545	0.0023990	0.13729	0.0019540	0.10344	0.0015300	0.16590	0.0029150
1055.0	0.21510	0.0021900	0.13778	0.0019530	0.10387	0.0015610	0.16684	0.0031470
1060.0	0.21604	0.0021210	0.13859	0.0018820	0.10495	0.0015180	0.16792	0.0027550
1065.0	0.21623	0.0021510	0.13952	0.0018260	0.10586	0.0014780	0.16781	0.0030670
1070.0	0.21680	0.0021120	0.14035	0.0018550	0.10681	0.0014440	0.16871	0.0029190
1075.0	0.21684	0.0021140	0.14111	0.0017580	0.10779	0.0013430	0.16932	0.0030740
1080.0	0.21711	0.0020890	0.14176	0.0017820	0.10853	0.0015270	0.16957	0.0028790
1085.0	0.21809	0.0021880	0.14240	0.0019020	0.10958	0.0015010	0.17005	0.0029960
1090.0	0.21811	0.0021630	0.14334	0.0017720	0.11066	0.0014160	0.17137	0.0028750
1095.0	0.21874	0.0020010	0.14400	0.0016450	0.11177	0.0013940	0.17174	0.0029340
1100.0	0.21946	0.0021270	0.14500	0.0016870	0.11293	0.0013580	0.17269	0.0029990
1105.0	0.21945	0.0019500	0.14558	0.0017770	0.11394	0.0013910	0.17334	0.0028790
1110.0	0.21992	0.0020870	0.14630	0.0016020	0.11507	0.0014040	0.17402	0.0028020
1115.0	0.22024	0.0020440	0.14731	0.0017800	0.11570	0.0013380	0.17462	0.0029880
1120.0	0.22056	0.0019940	0.14783	0.0017190	0.11705	0.0014360	0.17506	0.0029320
1125.0	0.22129	0.0022790	0.14819	0.0017240	0.11798	0.0014830	0.17520	0.0026760
1130.0	0.22126	0.0021840	0.14853	0.0017920	0.11877	0.0014180	0.17550	0.0028200
1135.0	0.22173	0.0020580	0.14992	0.0017250	0.11966	0.0012980	0.17681	0.0029540
1140.0	0.22206	0.0021710	0.15033	0.0017400	0.12047	0.0013950	0.17671	0.0030640
1145.0	0.22197	0.0022090	0.15068	0.0019260	0.12103	0.0014060	0.17748	0.0031200
1150.0	0.22261	0.0022320	0.15101	0.0018350	0.12201	0.0015100	0.17738	0.0031630
1155.0	0.22256	0.0021130	0.15142	0.0018580	0.12251	0.0014620	0.17783	0.0031590
1160.0	0.22272	0.0021380	0.15204	0.0018240	0.12317	0.0014390	0.17811	0.0030880
1165.0	0.22298	0.0021450	0.15232	0.0017370	0.12374	0.0014610	0.17809	0.0030400
1170.0	0.22322	0.0020750	0.15283	0.0017290	0.12386	0.0014830	0.17880	0.0031130
1175.0	0.22324	0.0021110	0.15330	0.0018610	0.12455	0.0013820	0.17891	0.0030540
1180.0	0.22340	0.0022100	0.15360	0.0017850	0.12486	0.0014790	0.17963	0.0030250
1185.0	0.22412	0.0022620	0.15420	0.0018120	0.12525	0.0014720	0.17935	0.0030810
1190.0	0.22382	0.0021380	0.15424	0.0017290	0.12571	0.0015460	0.18004	0.0031140
1195.0	0.22452	0.0021500	0.15465	0.0017460	0.12627	0.0014390	0.18039	0.0031410
1200.0	0.22450	0.0021480	0.15539	0.0018940	0.12649	0.0015360	0.18041	0.0032260
1205.0	0.22475	0.0043610	0.15547	0.0029680	0.12610	0.0023740	0.18131	0.0044270
1210.0	0.22449	0.0024460	0.15573	0.0021440	0.12574	0.0017040	0.18154	0.0032820
1215.0	0.22511	0.0022220	0.15589	0.0021180	0.12653	0.0016880	0.18104	0.0033350
1220.0	0.22547	0.0023120	0.15614	0.0021200	0.12694	0.0017590	0.18174	0.0033590
1225.0	0.22543	0.0024390	0.15663	0.0021460	0.12704	0.0017130	0.18215	0.0031610
1230.0	0.22558	0.0023280	0.15716	0.0021040	0.12723	0.0016510	0.18285	0.0031200
1235.0	0.22560	0.0023030	0.15783	0.0019200	0.12744	0.0015190	0.18292	0.0032610
1240.0	0.22648	0.0023530	0.15792	0.0020500	0.12790	0.0015860	0.18330	0.0031310
1245.0	0.22707	0.0023070	0.15846	0.0020630	0.12842	0.0016080	0.18382	0.0032540
1250.0	0.22708	0.0022120	0.15870	0.0018050	0.12865	0.0015600	0.18442	0.0032510
1255.0	0.22794	0.0022110	0.15913	0.0018540	0.12888	0.0014450	0.18472	0.0030070
1260.0	0.22825	0.0021700	0.15946	0.0018250	0.12909	0.0015290	0.18535	0.0031440
1265.0	0.22868	0.0021780	0.15991	0.0018730	0.12959	0.0014640	0.18559	0.0032300
1270.0	0.22869	0.0023610	0.16035	0.0017760	0.13018	0.0015310	0.18574	0.0031460
1275.0	0.22942	0.0023070	0.16096	0.0019060	0.13031	0.0014240	0.18607	0.0033380
1280.0	0.22979	0.0022740	0.16102	0.0018890	0.13085	0.0015500	0.18621	0.0031340
1285.0	0.23038	0.0022050	0.16112	0.0018910	0.13131	0.0014090	0.18642	0.0030790
1290.0	0.23056	0.0023480	0.16174	0.0019750	0.13164	0.0014580	0.18665	0.0029330
1295.0	0.23166	0.0022550	0.16221	0.0019710	0.13205	0.0014870	0.18734	0.0032310
1300.0	0.23317	0.0022440	0.16246	0.0019450	0.13311	0.0014980	0.18769	0.0033010
1305.0	0.23341	0.0022510	0.16353	0.0019330	0.13354	0.0014980	0.18808	0.0032340
1310.0	0.23407	0.0021470	0.16374	0.0018800	0.13407	0.0015350	0.18874	0.0034800
1315.0	0.23449	0.0021840	0.16465	0.0020100	0.13470	0.0014750	0.18904	0.0034080
1320.0	0.23545	0.0023650	0.16498	0.0019860	0.13513	0.0014860	0.18956	0.0031870
1325.0	0.23582	0.0023100	0.16563	0.0019450	0.13584	0.0014910	0.19013	0.0033090
1330.0	0.23696	0.0022550	0.16638	0.0019240	0.13623	0.0015690	0.19070	0.0031500
1335.0	0.23761	0.0021170	0.16674	0.0018730	0.13676	0.0015820	0.19135	0.0032020
1340.0	0.23790	0.0022510	0.16741	0.0019460	0.13715	0.0015450	0.19220	0.0033540
1345.0	0.23855	0.0023440	0.16824	0.0020890	0.13790	0.0015380	0.19285	0.0035420
1350.0	0.23903	0.0021830	0.16930	0.0020600	0.13831	0.0016250	0.19305	0.0034540
1355.0	0.23978	0.0023670	0.16973	0.0020780	0.13862	0.0017770	0.19407	0.0033850
1360.0	0.24038	0.0024880	0.17022	0.0021940	0.13918	0.0017070	0.19446	0.0036520
1365.0	0.24118	0.0023580	0.17057	0.0023500	0.13980	0.0017780	0.19478	0.0034610
1370.0	0.24183	0.0025510	0.17127	0.0022750	0.14026	0.0018250	0.19547	0.0033360
1375.0	0.24254	0.0022970	0.17137	0.0020310	0.14120	0.0015930	0.19531	0.0034480
1380.0	0.24296	0.0023690	0.17195	0.0021980	0.14180	0.0016930	0.19584	0.0034770
1385.0	0.24381	0.0025600	0.17292	0.0022540	0.14233	0.0018450	0.19684	0.0035670
1390.0	0.24433	0.0024520	0.17390	0.0021640	0.14261	0.0017470	0.19813	0.0033970
1395.0	0.24487	0.0024130	0.17437	0.0022230	0.14316	0.0017110	0.19840	0.0035090
1400.0	0.24547	0.0024400	0.17524	0.0020040	0.14328	0.0017510	0.19945	0.0038270
1405.0	0.24629	0.0025010	0.17625	0.0022880	0.14362	0.0017220	0.20071	0.0036730
1410.0	0.24708	0.0024120	0.17691	0.0022290	0.14418	0.0018310	0.20139	0.0034870
1415.0	0.24793	0.0025980	0.17747	0.0022580	0.14499	0.0018150	0.20188	0.0035860
1420.0	0.24882	0.0024430	0.17795	0.0020930	0.14545	0.0017510	0.20222	0.0034670
1425.0	0.24916	0.0023100	0.17824	0.0020240	0.14654	0.0016910	0.20306	0.0037020
1430.0	0.24958	0.0024380	0.17833	0.0020570	0.14700	0.0016550	0.20324	0.0034570
1435.0	0.25092	0.0022870	0.17962	0.0021220	0.14727	0.0017680	0.20303	0.0036700
1440.0	0.25066	0.0025060	0.17985	0.0023440	0.14744	0.0017630	0.20424	0.0035760
1445.0	0.25140	0.0023580	0.18077	0.0021060	0.14822	0.0019000	0.20511	0.0038310
1450.0	0.25225	0.0021940	0.18127	0.0020320	0.14887	0.0019040	0.20572	0.0037110
1455.0	0.25239	0.0025030	0.18139	0.0021450	0.14938	0.0017060	0.20626	0.0037440
1460.0	0.25355	0.0024820	0.18192	0.0021670	0.14951	0.0016660	0.20690	0.0038320
1465.0	0.25420	0.0024380	0.18307	0.0020930	0.14972	0.0016900	0.20692	0.0036060
1470.0	0.25463	0.0025540	0.18391	0.0021560	0.15035	0.0017440	0.20802	0.0036080
1475.0	0.25564	0.0026250	0.18372	0.0022750	0.15107	0.0018570	0.20787	0.0036280
1480.0	0.25627	0.0024820	0.18497	0.0021080	0.15132	0.0018190	0.20821	0.0035440
1485.0	0.25712	0.0025410	0.18504	0.0020860	0.15149	0.0017540	0.20861	0.0035210
1490.0	0.25753	0.0028100	0.18535	0.0023180	0.15203	0.0017120	0.20992	0.0037170
1495.0	0.25823	0.0024300	0.18586	0.0020830	0.15253	0.0017940	0.21029	0.0040520
1500.0	0.25879	0.0024510	0.18647	0.0020580	0.15287	0.0018150	0.21103	0.0039690
1505.0	0.25934	0.0024790	0.18699	0.0022770	0.15344	0.0018390	0.21176	0.0041780
1510.0	0.25990	0.0026310	0.18791	0.0021860	0.15347	0.0019700	0.21220	0.0039970
1515.0	0.26062	0.0027080	0.18789	0.0022400	0.15393	0.0017240	0.21289	0.0037160
1520.0	0.26105	0.0025350	0.18853	0.0022230	0.15406	0.0019870	0.21308	0.0039940
1525.0	0.26240	0.0027110	0.18911	0.0021570	0.15508	0.0018910	0.21378	0.0039910
1530.0	0.26282	0.0027430	0.18961	0.0022640	0.15486	0.0017480	0.21413	0.0039170
1535.0	0.26351	0.0025660	0.19006	0.0020980	0.15474	0.0017680	0.21491	0.0038600
1540.0	0.26405	0.0025720	0.19045	0.0022950	0.15507	0.0018900	0.21522	0.0036470
1545.0	0.26387	0.0026130	0.19083	0.0023830	0.15579	0.0019690	0.21577	0.0039950
1550.0	0.26439	0.0025940	0.19112	0.0024040	0.15609	0.0018320	0.21603	0.0039810
1555.0	0.26542	0.0025840	0.19165	0.0024150	0.15625	0.0018120	0.21691	0.0039970
1560.0	0.26567	0.0027060	0.19205	0.0024550	0.15632	0.0018680	0.21686	0.0037680
1565.0	0.26681	0.0028730	0.19207	0.0024830	0.15670	0.0019180	0.21729	0.0038090
1570.0	0.26715	0.0027370	0.19261	0.0022830	0.15696	0.0019440	0.21770	0.0039580
1575.0	0.26770	0.0026220	0.19351	0.0024220	0.15675	0.0020000	0.21834	0.0040730
1580.0	0.26805	0.0026520	0.19340	0.0023180	0.15655	0.0018670	0.21860	0.0041170
1585.0	0.26882	0.0025280	0.19400	0.0023220	0.15694	0.0020280	0.21937	0.0038390
1590.0	0.26870	0.0027270	0.19392	0.0022420	0.15721	0.0019430	0.22000	0.0042930
1595.0	0.26953	0.0027300	0.19445	0.0023200	0.15735	0.0019430	0.22041	0.0040830
1600.0	0.27065	0.0027980	0.19533	0.0023980	0.15807	0.0019620	0.22086	0.0040820
1605.0	0.27130	0.0027870	0.19509	0.0023480	0.15821	0.0018560	0.22112	0.0039260
1610.0	0.27222	0.0029440	0.19601	0.0023740	0.15851	0.0017620	0.22224	0.0040450
1615.0	0.27316	0.0025430	0.19657	0.0023470	0.15836	0.0019270	0.22268	0.0040710
1620.0	0.27373	0.0025460	0.19683	0.0020960	0.15864	0.0019070	0.22304	0.0040240
1625.0	0.27374	0.0027060	0.19722	0.0024010	0.15873	0.0017830	0.22336	0.0039000
1630.0	0.27464	0.0026250	0.19731	0.0024400	0.15856	0.0019140	0.22370	0.0039840
1635.0	0.27539	0.0027270	0.19809	0.0024730	0.15885	0.0018660	0.22415	0.0037590
1640.0	0.27656	0.0025810	0.19820	0.0023820	0.15899	0.0019170	0.22424	0.0041830
1645.0	0.27685	0.0027860	0.19874	0.0024270	0.15929	0.0018190	0.22507	0.0040340
1650.0	0.27753	0.0028600	0.19963	0.0024930	0.15945	0.0018930	0.22548	0.0042500
1655.0	0.27846	0.0027540	0.19977	0.0024870	0.15949	0.0019690	0.22659	0.0041910
1660.0	0.27925	0.0027220	0.19994	0.0024780	0.15968	0.0018820	0.22675	0.0038550
1665.0	0.28018	0.0078860	0.20150	0.0043200	0.15985	0.0038570	0.22735	0.0066590
1670.0	0.28104	0.0026510	0.20122	0.0024060	0.15950	0.0018810	0.22774	0.0040790
1675.0	0.28154	0.0029140	0.20178	0.0026410	0.16003	0.0018600	0.22802	0.0039330
1680.0	0.28276	0.0029250	0.20212	0.0024910	0.15982	0.0018320	0.22856	0.0038300
1685.0	0.28313	0.0028310	0.20267	0.0023380	0.16034	0.0020110	0.22887	0.0039010
1690.0	0.28351	0.0028460	0.20333	0.0025310	0.16022	0.0019730	0.22964	0.0038590
1695.0	0.28472	0.0025730	0.20371	0.0023350	0.16028	0.0020580	0.22992	0.0040730
1700.0	0.28528	0.0026660	0.20296	0.0023980	0.15934	0.0019210	0.22924	0.0042690
1705.0	0.28644	0.0028040	0.20373	0.0024050	0.15939	0.0019430	0.23021	0.0042140
1710.0	0.28697	0.0027650	0.20428	0.0024140	0.15978	0.0018150	0.23106	0.0041720
1715.0	0.28784	0.0027240	0.20481	0.0024060	0.15984	0.0019040	0.23158	0.0042700
1720.0	0.28860	0.0027220	0.20577	0.0023740	0.15988	0.0018020	0.23225	0.0041470
1725.0	0.28906	0.0027220	0.20613	0.0024030	0.15996	0.0018440	0.23248	0.0041620
1730.0	0.28973	0.0029400	0.20645	0.0025040	0.16023	0.0018000	0.23352	0.0043060
1735.0	0.29052	0.0027210	0.20707	0.0023610	0.16027	0.0018120	0.23398	0.0040330
1740.0	0.29100	0.0027380	0.20776	0.0025410	0.16004	0.0018440	0.23425	0.0040610
1745.0	0.29159	0.0026190	0.20806	0.0023750	0.16044	0.0018400	0.23452	0.0040190
1750.0	0.29243	0.0026990	0.20854	0.0024850	0.16064	0.0018400	0.23511	0.0042590
1755.0	0.29300	0.0025140	0.20975	0.0025040	0.16061	0.0016470	0.23616	0.0043910
1760.0	0.29412	0.0027660	0.21016	0.0025950	0.16071	0.0018090	0.23660	0.0042690
1765.0	0.29480	0.0027760	0.21072	0.0025950	0.16122	0.0017490	0.23790	0.0042960
1770.0	0.29588	0.0026670	0.21145	0.0025260	0.16123	0.0017530	0.23803	0.0043260
1775.0	0.29603	0.0027490	0.21195	0.0025930	0.16126	0.0018770	0.23918	0.0043060
1780.0	0.29693	0.0027750	0.21235	0.0026910	0.16136	0.0018350	0.23956	0.0042700
1785.0	0.29784	0.0028120	0.21313	0.0025670	0.16205	0.0019620	0.24012	0.0042510
1790.0	0.29892	0.0026240	0.21368	0.0025770	0.16209	0.0016880	0.24102	0.0042480
1795.0	0.29959	0.0028220	0.21450	0.0025080	0.16200	0.0017470	0.24175	0.0043930
1800.0	0.30003	0.0027470	0.21496	0.0022990	0.16189	0.0017450	0.24266	0.0042950
1805.0	0.30068	0.0028050	0.21530	0.0024510	0.16207	0.0017200	0.24298	0.0045120
1810.0	0.30123	0.0027160	0.21584	0.0022870	0.16248	0.0017630	0.24429	0.0046080
1815.0	0.30166	0.0028300	0.21640	0.0024460	0.16254	0.0017300	0.24509	0.0043740
1820.0	0.30239	0.0026360	0.21793	0.0023670	0.16190	0.0017380	0.24668	0.0041570
1825.0	0.30361	0.0029310	0.21796	0.0025240	0.16271	0.0017700	0.24657	0.0043620
1830.0	0.30439	0.0027790	0.21875	0.0022930	0.16289	0.0018020	0.24734	0.0046290
1835.0	0.30536	0.0027810	0.21885	0.0024410	0.16338	0.0018270	0.24719	0.0045140
1840.0	0.30597	0.0028540	0.21961	0.0025700	0.16354	0.0018280	0.24809	0.0045060
1845.0	0.30666	0.0030600	0.21973	0.0026940	0.16385	0.0018270	0.24813	0.0045170
1850.0	0.30741	0.0030960	0.21979	0.0025710	0.16428	0.0018220	0.24811	0.0044570
1855.0	0.30822	0.0027630	0.21989	0.0023870	0.16464	0.0018690	0.24820	0.0045780
1860.0	0.30871	0.0031190	0.22177	0.0026040	0.16427	0.0018900	0.25074	0.0047990
1865.0	0.30975	0.0028390	0.22179	0.0023720	0.16493	0.0018310	0.25038	0.0045920
1870.0	0.31090	0.0029330	0.22180	0.0026250	0.16561	0.0017520	0.24998	0.0047060
1875.0	0.31158	0.0033050	0.22252	0.0029340	0.16575	0.0020930	0.25072	0.0046650
1880.0	0.31233	0.0030610	0.22320	0.0027730	0.16594	0.0018450	0.25146	0.0044910
1885.0	0.31320	0.0028840	0.22254	0.0028520	0.16687	0.0018590	0.25024	0.0045210
1890.0	0.31359	0.0028200	0.22404	0.0027890	0.16647	0.0018950	0.25249	0.0044690
1895.0	0.31394	0.0030450	0.22531	0.0026860	0.16630	0.0018030	0.25429	0.0045960
1900.0	0.31479	0.0027730	0.22544	0.0024290	0.16676	0.0019170	0.25435	0.0047800
1905.0	0.31539	0.0029330	0.22598	0.0024610	0.16702	0.0018350	0.25497	0.0046460
1910.0	0.31607	0.0027170	0.22664	0.0023860	0.16713	0.0018120	0.25579	0.0043600
1915.0	0.31672	0.0028630	0.22729	0.0025720	0.16764	0.0017430	0.25655	0.0047430
1920.0	0.31749	0.0028670	0.22783	0.0024960	0.16772	0.0017870	0.25659	0.0044500
1925.0	0.31824	0.0030470	0.22606	0.0028280	0.16933	0.0018920	0.25481	0.0046370
1930.0	0.31878	0.0029020	0.22869	0.0025900	0.16861	0.0018130	0.25684	0.0046450
1935.0	0.31907	0.0030570	0.22902	0.0026020	0.16930	0.0017440	0.25727	0.0045990
1940.0	0.31984	0.0031330	0.23045	0.0026720	0.16916	0.0017980	0.25802	0.0046870
1945.0	0.32099	0.0031840	0.23050	0.0027080	0.16953	0.0019430	0.25837	0.0050470
1950.0	0.32142	0.0032740	0.23098	0.0027450	0.16951	0.0018800	0.25975	0.0050030
1955.0	0.32170	0.0030490	0.23214	0.0025180	0.16979	0.0019250	0.26067	0.0050780
1960.0	0.32287	0.0032390	0.23235	0.0026290	0.17030	0.0020720	0.26115	0.0051420
1965.0	0.32318	0.0029750	0.23293	0.0023960	0.17089	0.0017850	0.26144	0.0048310
1970.0	0.32392	0.0028720	0.23376	0.0024620	0.17123	0.0018490	0.26241	0.0049320
1975.0	0.32459	0.0029670	0.23447	0.0025340	0.17146	0.0019650	0.26326	0.0048450
1980.0	0.32478	0.0028980	0.23514	0.0025570	0.17168	0.0020330	0.26394	0.0047850
1985.0	0.32516	0.0028510	0.23555	0.0025600	0.17220	0.0019500	0.26483	0.0045410
1990.0	0.32599	0.0027900	0.23613	0.0026330	0.17243	0.0017800	0.26485	0.0045340
1995.0	0.32630	0.0028320	0.23654	0.0024830	0.17324	0.0016800	0.26536	0.0046760
2000.0	0.32767	0.0029100	0.23747	0.0027380	0.17334	0.0018710	0.26603	0.0045000
2005.0	0.32849	0.0029780	0.23817	0.0026750	0.17390	0.0018770	0.26609	0.0049440
2010.0	0.32872	0.0031900	0.23839	0.0026470	0.17416	0.0019620	0.26693	0.0051280
2015.0	0.32913	0.0030300	0.23915	0.0026010	0.17380	0.0018780	0.26764	0.0050360
2020.0	0.32962	0.0031580	0.23960	0.0026390	0.17485	0.0017190	0.26809	0.0050770
2025.0	0.33048	0.0032080	0.24057	0.0026760	0.17480	0.0019240	0.26874	0.0049330
2030.0	0.33109	0.0032900	0.24106	0.0027310	0.17537	0.0020740	0.26912	0.0048030
2035.0	0.33138	0.0034240	0.24156	0.0029120	0.17572	0.0020160	0.26946	0.0045910
2040.0	0.33233	0.0031640	0.24265	0.0027620	0.17603	0.0019770	0.27033	0.0050080
2045.0	0.33273	0.0030770	0.24279	0.0026910	0.17650	0.0019150	0.27107	0.0048410
2050.0	0.33296	0.0032810	0.24339	0.0028520	0.17647	0.0020770	0.27166	0.0052370
2055.0	0.33368	0.0032820	0.24438	0.0027980	0.17737	0.0021620	0.27228	0.0050480
2060.0	0.33425	0.0032200	0.24455	0.0028670	0.17756	0.0021900	0.27256	0.0050440
2065.0	0.33455	0.0031830	0.24491	0.0029800	0.17793	0.0021900	0.27342	0.0053110
2070.0	0.33486	0.0032190	0.24505	0.0030290	0.17806	0.0020150	0.27346	0.0051190
2075.0	0.33542	0.0034330	0.24611	0.0030030	0.17852	0.0020360	0.27385	0.0054970
2080.0	0.33575	0.0032290	0.24615	0.0028550	0.17921	0.0019170	0.27491	0.0052750
2085.0	0.33689	0.0033500	0.24654	0.0028750	0.17962	0.0022580	0.27555	0.0055270
2090.0	0.33729	0.0033640	0.24749	0.0029590	0.17948	0.0020500	0.27624	0.0053540
2095.0	0.33757	0.0032700	0.24806	0.0028540	0.18008	0.0020190	0.27666	0.0053450
2100.0	0.33791	0.0034000	0.24850	0.0029640	0.18115	0.0019920	0.27640	0.0052140
2105.0	0.33881	0.0033170	0.24888	0.0029240	0.18144	0.0022170	0.27703	0.0050790
2110.0	0.33871	0.0033210	0.24894	0.0029750	0.18182	0.0021210	0.27776	0.0053000
2115.0	0.33959	0.0034240	0.25054	0.0029780	0.18214	0.0021250	0.27864	0.0051710
2120.0	0.33989	0.0034810	0.25063	0.0028130	0.18227	0.0022530	0.27944	0.0050650
2125.0	0.34115	0.0031440	0.25183	0.0027820	0.18295	0.0021440	0.28039	0.0049870
2130.0	0.34187	0.0033670	0.25235	0.0029030	0.18311	0.0021140	0.28074	0.0050700
2135.0	0.34201	0.0035380	0.25258	0.0028930	0.18356	0.0019790	0.28116	0.0053130
2140.0	0.34236	0.0034660	0.25302	0.0030440	0.18364	0.0021280	0.28190	0.0051530
2145.0	0.34241	0.0033140	0.25347	0.0028580	0.18353	0.0022070	0.28238	0.0053370
2150.0	0.34300	0.0034440	0.25362	0.0028260	0.18397	0.0022660	0.28255	0.0055030
2155.0	0.34408	0.0033770	0.25467	0.0027750	0.18468	0.0022410	0.28386	0.0053080
2160.0	0.34371	0.0035700	0.25475	0.0030870	0.18531	0.0024350	0.28471	0.0059720
2165.0	0.34410	0.0033360	0.25581	0.0029400	0.18528	0.0023880	0.28515	0.0056180
2170.0	0.34439	0.0034760	0.25619	0.0029050	0.18567	0.0021370	0.28510	0.0056850
2175.0	0.34553	0.0036380	0.25742	0.0031470	0.18572	0.0021810	0.28558	0.0052950
2180.0	0.34596	0.0033610	0.25800	0.0029540	0.18643	0.0022070	0.28630	0.0054190
2185.0	0.34611	0.0031340	0.25870	0.0028320	0.18674	0.0021770	0.28682	0.0051770
2190.0	0.34714	0.0033020	0.25914	0.0028470	0.18734	0.0022860	0.28779	0.0054250
2195.0	0.34676	0.0033100	0.25964	0.0028740	0.18762	0.0021550	0.28815	0.0052600
2200.0	0.34815	0.0034400	0.26087	0.0028800	0.18727	0.0022740	0.28843	0.0056560
2205.0	0.34877	0.0032200	0.26164	0.0027530	0.18809	0.0022690	0.28918	0.0056920
2210.0	0.34924	0.0033960	0.26215	0.0030190	0.18875	0.0021020	0.28970	0.0052220
2215.0	0.35017	0.0033760	0.26253	0.0030370	0.18880	0.0022470	0.28971	0.0054290
2220.0	0.35051	0.0033550	0.26305	0.0029650	0.18925	0.0021960	0.29037	0.0056750
2225.0	0.35139	0.0032240	0.26349	0.0030410	0.18950	0.0020280	0.29147	0.0055380
2230.0	0.35197	0.0032000	0.26417	0.0028310	0.19004	0.0021240	0.29162	0.0054790
2235.0	0.35227	0.0031670	0.26461	0.0031090	0.19043	0.0020140	0.29262	0.0054440
2240.0	0.35290	0.0033850	0.26526	0.0031130	0.19085	0.0021640	0.29294	0.0056320
2245.0	0.35277	0.0033800	0.26575	0.0030420	0.19124	0.0021350	0.29366	0.0052910
2250.0	0.35358	0.0032930	0.26666	0.0030690	0.19154	0.0021790	0.29382	0.0052450
2255.0	0.35398	0.0033230	0.26756	0.0029120	0.19235	0.0022370	0.29458	0.0054740
2260.0	0.35459	0.0034210	0.26828	0.0028260	0.19298	0.0019830	0.29535	0.0054800
2265.0	0.35528	0.0033050	0.26863	0.0029480	0.19332	0.0021790	0.29540	0.0055470
2270.0	0.35537	0.0032610	0.26921	0.0028280	0.19355	0.0024440	0.29587	0.0057320
2275.0	0.35603	0.0036100	0.26933	0.0029490	0.19463	0.0022940	0.29695	0.0062940
2280.0	0.35701	0.0033930	0.27031	0.0029780	0.19496	0.0021960	0.29798	0.0057520
2285.0	0.35745	0.0034470	0.27119	0.0029190	0.19555	0.0022230	0.29840	0.0059050
2290.0	0.35789	0.0034520	0.27209	0.0028530	0.19573	0.0022240	0.29860	0.0057640
2295.0	0.35854	0.0031230	0.27272	0.0028450	0.19660	0.0024130	0.29920	0.0055930
2300.0	0.35868	0.0034920	0.27349	0.0033010	0.19715	0.0023080	0.29930	0.0057980
2305.0	0.35978	0.0035640	0.27423	0.0030900	0.19757	0.0022690	0.30068	0.0059360
2310.0	0.36001	0.0035310	0.27529	0.0032110	0.19819	0.0022910	0.30088	0.0060140
2315.0	0.36066	0.0034900	0.27582	0.0031600	0.19874	0.0025330	0.30110	0.0058140
2320.0	0.36119	0.0036230	0.27696	0.0032530	0.19939	0.0023790	0.30206	0.0058300
2325.0	0.36147	0.0036120	0.27744	0.0032700	0.19967	0.0022920	0.30204	0.0059960
2330.0	0.36230	0.0035070	0.27814	0.0034100	0.20005	0.0022910	0.30226	0.0058940
2335.0	0.36274	0.0033940	0.27831	0.0034090	0.20071	0.0024440	0.30327	0.0061640
2340.0	0.36316	0.0035480	0.27932	0.0033550	0.20127	0.0024560	0.30368	0.0059140
2345.0	0.36403	0.0035780	0.27997	0.0032620	0.20178	0.0023460	0.30433	0.0058750
2350.0	0.36403	0.0038080	0.28040	0.0032610	0.20194	0.0025890	0.30522	0.0059800
2355.0	0.36433	0.0038360	0.28065	0.0034060	0.20288	0.0025700	0.30540	0.0055570
2360.0	0.36467	0.0034090	0.28023	0.0030540	0.20310	0.0024490	0.30581	0.0058310
2365.0	0.36561	0.0035490	0.28114	0.0031170	0.20345	0.0024210	0.30594	0.0060690
2370.0	0.36558	0.0034350	0.28195	0.0029630	0.20394	0.0025590	0.30653	0.0061500
2375.0	0.36631	0.0035260	0.28321	0.0031810	0.20435	0.0023930	0.30696	0.0062180
2380.0	0.36667	0.0036040	0.28338	0.0031260	0.20500	0.0025200	0.30768	0.0059800
2385.0	0.36677	0.0038800	0.28386	0.0034090	0.20602	0.0023470	0.30793	0.0062270
2390.0	0.36725	0.0036200	0.28498	0.0032260	0.20626	0.0025220	0.30830	0.0061100
2395.0	0.36836	0.0039240	0.28535	0.0035270	0.20686	0.0024480	0.30908	0.0060310
2400.0	0.36994	0.0039560	0.28637	0.0034840	0.20798	0.0026370	0.31029	0.0061170
2405.0	0.36995	0.0034630	0.28713	0.0034390	0.20869	0.0025750	0.31093	0.0057760
2410.0	0.36973	0.0036990	0.28733	0.0033920	0.20917	0.0023160	0.31105	0.0059720
2415.0	0.37092	0.0040330	0.28856	0.0036460	0.20910	0.0025760	0.31212	0.0061510
2420.0	0.37165	0.0037150	0.28866	0.0034250	0.21033	0.0026660	0.31284	0.0060580
2425.0	0.37205	0.0038960	0.28785	0.0036600	0.21126	0.0026660	0.31141	0.0060040
2430.0	0.37284	0.0036490	0.28886	0.0036370	0.21170	0.0026780	0.31286	0.0060650
2435.0	0.37236	0.0037880	0.29071	0.0034280	0.21206	0.0029020	0.31474	0.0060520
2440.0	0.37284	0.0039820	0.29046	0.0033260	0.21317	0.0028790	0.31407	0.0062750
2445.0	0.37346	0.0035730	0.29176	0.0030240	0.21351	0.0026000	0.31627	0.0061480
2450.0	0.37355	0.0039780	0.29274	0.0034390	0.21393	0.0028140	0.31663	0.0061410
2455.0	0.37404	0.0039330	0.29271	0.0033800	0.21480	0.0024990	0.31674	0.0062770
2460.0	0.37451	0.0039320	0.29379	0.0035440	0.21528	0.0027320	0.31804	0.0064460
2465.0	0.37540	0.0038270	0.29505	0.0033850	0.21583	0.0025630	0.31861	0.0069030
2470.0	0.37569	0.0041480	0.29655	0.0032560	0.21650	0.0026280	0.32010	0.0065370
2475.0	0.37602	0.0041710	0.29686	0.0033600	0.21749	0.0026300	0.32054	0.0065240
2480.0	0.37778	0.010733	0.29657	0.0085310	0.21688	0.016051	0.32177	0.016059
2485.0	0.37652	0.0042910	0.29749	0.0032750	0.21921	0.0025620	0.32293	0.0062750
2490.0	0.37661	0.0039800	0.29759	0.0032010	0.22007	0.0026120	0.32242	0.0066360
2495.0	0.37700	0.0042800	0.29919	0.0035370	0.22005	0.0026940	0.32460	0.0066050
2500.0	0.37698	0.0039040	0.29968	0.0032760	0.22092	0.0024880	0.32450	0.0065160
2505.0	0.37758	0.0040060	0.30094	0.0034710	0.22131	0.0025220	0.32590	0.0063090
2510.0	0.37841	0.0037850	0.30141	0.0033670	0.22211	0.0025060	0.32616	0.0059930
2515.0	0.37871	0.0037410	0.30268	0.0033570	0.22269	0.0024910	0.32760	0.0061770
2520.0	0.37884	0.0042330	0.30366	0.0037720	0.22342	0.0027630	0.32882	0.0063280
2525.0	0.37892	0.0039570	0.30488	0.0035610	0.22397	0.0026630	0.33081	0.0058860
2530.0	0.38001	0.0039200	0.30469	0.0035160	0.22520	0.0025910	0.33010	0.0062760
2535.0	0.38060	0.0040700	0.30687	0.0037120	0.22564	0.0029210	0.33325	0.0067880
2540.0	0.38174	0.0041470	0.30721	0.0033890	0.22665	0.0026580	0.33359	0.0070240
2545.0	0.38255	0.0041330	0.30603	0.0036700	0.22827	0.0028290	0.33139	0.0069440
2550.0	0.38311	0.0042480	0.30798	0.0035960	0.22882	0.0029470	0.33413	0.0070840
2555.0	0.38364	0.0042790	0.30986	0.0035180	0.22997	0.0028810	0.33803	0.0075970
2560.0	0.38474	0.0040460	0.30811	0.0035020	0.23175	0.0028780	0.33505	0.0073810
2565.0	0.38568	0.0046280	0.30980	0.0042800	0.23228	0.0032520	0.33689	0.0076180
2570.0	0.38636	0.0040910	0.31040	0.0035400	0.23306	0.0030520	0.33743	0.0072780
2575.0	0.38701	0.0045370	0.31214	0.0038290	0.23364	0.0030710	0.34016	0.0070620
2580.0	0.38781	0.0044760	0.30997	0.0039760	0.23537	0.0029230	0.33576	0.0069010
2585.0	0.38842	0.0042120	0.31501	0.0038450	0.23494	0.0035340	0.34343	0.0079220
2590.0	0.38923	0.0052840	0.31479	0.0044390	0.23816	0.0038170	0.34359	0.0072680
2595.0	0.39003	0.0046710	0.31364	0.0041240	0.24069	0.0034170	0.34215	0.0079370
2600.0	0.39058	0.0043150	0.31431	0.0039030	0.24306	0.0036700	0.34596	0.0068950
