300	0.073349	0.30073	0.052545	0.29989	0.059746	0.30018	0.062829	0.29995
305	0.078808	0.19993	0.058293	0.19989	0.063818	0.20031	0.065583	0.20026
310	0.079835	0.14785	0.057404	0.148	0.063208	0.14736	0.067541	0.14782
315	0.081463	0.11368	0.058758	0.11357	0.065336	0.11371	0.068912	0.11372
320	0.083928	0.090259	0.060084	0.090186	0.066242	0.090274	0.070066	0.090261
325	0.086253	0.072661	0.060583	0.072857	0.06788	0.072935	0.071208	0.072781
330	0.089511	0.059946	0.06239	0.059975	0.06865	0.06008	0.073067	0.059954
335	0.0916	0.049597	0.063768	0.049789	0.070115	0.049795	0.07496	0.049724
340	0.094954	0.041606	0.066087	0.041697	0.07184	0.041561	0.077537	0.041701
345	0.097269	0.034959	0.068193	0.034917	0.072533	0.034883	0.07987	0.034896
350	0.10081	0.029486	0.071004	0.029324	0.074303	0.029279	0.081135	0.029349
355	0.10366	0.024838	0.072933	0.024611	0.076628	0.024671	0.084124	0.024672
360	0.10768	0.021029	0.075979	0.020968	0.078976	0.020971	0.087088	0.020973
365	0.11068	0.017899	0.079047	0.017943	0.081391	0.017942	0.089935	0.017915
370	0.11336	0.015673	0.08129	0.015585	0.083508	0.015616	0.092489	0.015548
375	0.11704	0.014097	0.084352	0.013988	0.086357	0.014007	0.094841	0.014058
380	0.11923	0.01319	0.086084	0.013113	0.087851	0.013135	0.096965	0.013183
385	0.12274	0.013342	0.088906	0.013286	0.089529	0.013298	0.099457	0.013383
390	0.1241	0.014957	0.090693	0.014851	0.091208	0.014867	0.1017	0.014887
395	0.12637	0.019037	0.092743	0.018995	0.093307	0.018979	0.10394	0.01899
400	0.12986	0.007877	0.094756	0.00783	0.095416	0.007812	0.10514	0.007844
405	0.13155	0.006206	0.096245	0.006108	0.096921	0.006098	0.10685	0.00616
410	0.13404	0.005054	0.098178	0.004946	0.098049	0.004947	0.10863	0.005033
415	0.1357	0.004216	0.099368	0.004091	0.099486	0.004107	0.1101	0.004143
420	0.1378	0.003637	0.101	0.003555	0.10032	0.003524	0.11165	0.003565
425	0.13908	0.003239	0.10205	0.003163	0.10127	0.003142	0.11293	0.003165
430	0.14099	0.002976	0.10322	0.002799	0.10203	0.00279	0.11402	0.002859
435	0.14216	0.002751	0.10399	0.002592	0.10328	0.002602	0.11513	0.002618
440	0.14394	0.002552	0.10521	0.002415	0.10458	0.002363	0.11635	0.002439
445	0.14502	0.002356	0.10611	0.002248	0.10637	0.002207	0.11733	0.002247
450	0.14668	0.002374	0.10726	0.002182	0.10657	0.002089	0.11845	0.002087
455	0.14785	0.002197	0.10801	0.002089	0.10706	0.001911	0.11925	0.002004
460	0.14842	0.002022	0.1086	0.001948	0.10702	0.001988	0.12009	0.001935
465	0.15083	0.001917	0.11025	0.001831	0.10918	0.001791	0.12121	0.001809
470	0.1508	0.00199	0.11038	0.001781	0.10899	0.001715	0.12181	0.001777
475	0.15325	0.002046	0.11196	0.001777	0.11098	0.001756	0.12293	0.001778
480	0.15321	0.00188	0.11185	0.001733	0.11059	0.001666	0.12367	0.001713
485	0.1554	0.001851	0.11358	0.001698	0.11214	0.001552	0.12466	0.001674
490	0.15582	0.001916	0.11392	0.001699	0.11293	0.001577	0.12555	0.001603
495	0.15771	0.001909	0.11526	0.001594	0.11441	0.001488	0.12629	0.001635
500	0.1581	0.001778	0.11563	0.001641	0.11491	0.00141	0.12714	0.001674
505	0.15902	0.00176	0.11599	0.001608	0.11578	0.001439	0.12746	0.001621
510	0.16026	0.001595	0.11709	0.001733	0.11519	0.001305	0.12854	0.001594
515	0.16151	0.001547	0.11856	0.001679	0.11712	0.001281	0.12982	0.001499
520	0.16297	0.001737	0.11986	0.001631	0.11866	0.001274	0.13107	0.001534
525	0.16393	0.001616	0.12071	0.001595	0.11862	0.001321	0.13199	0.001472
530	0.1653	0.001508	0.12177	0.001612	0.11968	0.001295	0.13321	0.001486
535	0.16607	0.001528	0.12262	0.00162	0.12031	0.001302	0.13395	0.001411
540	0.16709	0.00159	0.12347	0.001463	0.12094	0.001451	0.13476	0.001444
545	0.16791	0.001686	0.1241	0.001396	0.12221	0.001239	0.1354	0.001428
550	0.16883	0.001518	0.12501	0.001478	0.12249	0.001395	0.13629	0.00131
555	0.16971	0.001543	0.12562	0.001414	0.12335	0.001178	0.13709	0.001385
560	0.1712	0.001744	0.12671	0.001381	0.12399	0.00123	0.1381	0.001456
565	0.172	0.001663	0.12747	0.001418	0.1253	0.001182	0.13912	0.001356
570	0.17325	0.001477	0.12863	0.001519	0.126	0.001295	0.13997	0.001287
575	0.17397	0.001601	0.12911	0.001551	0.12627	0.001304	0.14064	0.001364
580	0.17517	0.001544	0.12988	0.001517	0.12674	0.001151	0.14139	0.001498
585	0.17614	0.001557	0.13061	0.001694	0.12784	0.001203	0.1422	0.001359
590	0.17696	0.00149	0.13137	0.001732	0.12884	0.001334	0.14312	0.001327
595	0.17778	0.001572	0.13196	0.001786	0.12946	0.00124	0.14376	0.001367
600	0.17916	0.00169	0.13289	0.001766	0.13097	0.001192	0.14455	0.001466
605	0.1804	0.001648	0.13379	0.001754	0.13068	0.001202	0.14542	0.001383
610	0.18105	0.001892	0.13457	0.001634	0.13056	0.001208	0.14618	0.001487
615	0.18192	0.001888	0.13543	0.001544	0.13196	0.001203	0.14722	0.001381
620	0.18303	0.001833	0.1363	0.001642	0.13265	0.001237	0.14811	0.001305
625	0.18395	0.001881	0.13708	0.001658	0.13364	0.001194	0.14896	0.001324
630	0.18484	0.00186	0.13756	0.001657	0.13331	0.001234	0.14963	0.001458
635	0.18559	0.001862	0.13846	0.001603	0.13462	0.00126	0.15047	0.001379
640	0.18673	0.001856	0.13934	0.001561	0.13508	0.001257	0.15143	0.00134
645	0.18757	0.001905	0.14022	0.001653	0.13613	0.001373	0.15214	0.001408
650	0.1886	0.001935	0.1409	0.001685	0.13674	0.001397	0.15286	0.001514
655	0.18982	0.002033	0.14146	0.001617	0.13782	0.001644	0.15374	0.001517
660	0.19024	0.002191	0.14221	0.00172	0.13783	0.001716	0.15436	0.001536
665	0.19242	0.002169	0.1436	0.001764	0.1394	0.0017	0.1552	0.00159
670	0.19227	0.001984	0.14348	0.001751	0.13917	0.001673	0.15574	0.001748
675	0.19433	0.002183	0.14501	0.001788	0.14061	0.00172	0.15691	0.001747
680	0.19475	0.002126	0.14538	0.00194	0.14113	0.001764	0.15776	0.001778
685	0.19658	0.002263	0.14653	0.002009	0.14202	0.001854	0.15841	0.001882
690	0.19694	0.002168	0.14699	0.002001	0.14217	0.00195	0.15915	0.00206
695	0.19842	0.002189	0.14808	0.002122	0.14251	0.002049	0.16011	0.002044
700	0.19946	0.002355	0.14864	0.002229	0.14327	0.002134	0.16113	0.002082
705	0.20023	0.002379	0.14895	0.002212	0.14392	0.002191	0.16168	0.002174
710	0.20158	0.002551	0.15032	0.002387	0.14509	0.002286	0.16252	0.002269
715	0.20219	0.002653	0.15102	0.002523	0.14563	0.002436	0.16331	0.002411
720	0.20361	0.002683	0.1516	0.00252	0.14664	0.002474	0.16428	0.00248
725	0.20295	0.002272	0.15173	0.002206	0.14676	0.002132	0.16496	0.002141
730	0.20416	0.002393	0.15221	0.002231	0.1469	0.002254	0.1654	0.002393
735	0.20476	0.002536	0.15267	0.002333	0.1482	0.00237	0.1664	0.002318
740	0.20635	0.002699	0.15341	0.002584	0.14664	0.002536	0.16726	0.002428
745	0.20661	0.00273	0.1536	0.002598	0.14694	0.002546	0.16774	0.002497
750	0.20817	0.002895	0.15414	0.002694	0.14738	0.002642	0.16827	0.00276
755	0.20869	0.002948	0.15457	0.002769	0.14769	0.002663	0.16919	0.002743
760	0.20989	0.003238	0.15544	0.002995	0.14835	0.002864	0.16993	0.002896
765	0.21063	0.003402	0.15557	0.003112	0.14906	0.00298	0.17032	0.003066
770	0.21148	0.003484	0.15568	0.003221	0.14811	0.003206	0.1707	0.003243
775	0.2118	0.00361	0.15571	0.003391	0.14886	0.003376	0.17098	0.003364
780	0.21293	0.003934	0.15605	0.003557	0.14687	0.003527	0.17142	0.003538
785	0.21338	0.004034	0.15566	0.003739	0.14793	0.003697	0.17152	0.003792
790	0.21466	0.00406	0.15606	0.004006	0.14793	0.003945	0.17214	0.003993
795	0.2147	0.004238	0.15557	0.004167	0.14754	0.004146	0.17201	0.004173
800	0.21617	0.004675	0.15599	0.004308	0.1459	0.004307	0.17221	0.004365
805	0.21661	0.004902	0.15536	0.004534	0.14574	0.004528	0.17202	0.004536
810	0.21708	0.005052	0.15517	0.004713	0.14374	0.004751	0.17193	0.004766
815	0.21703	0.005185	0.15419	0.004886	0.14299	0.004851	0.17136	0.004939
820	0.21756	0.005265	0.15402	0.005084	0.14185	0.005092	0.17097	0.005168
825	0.2178	0.00541	0.15299	0.005226	0.14079	0.00525	0.17059	0.005248
830	0.21837	0.005622	0.1524	0.005405	0.13994	0.005354	0.17031	0.005407
835	0.2183	0.005687	0.15136	0.00555	0.13822	0.005506	0.16934	0.005528
840	0.21861	0.00292	0.15054	0.002809	0.13711	0.00283	0.16885	0.002851
845	0.21923	0.003002	0.14918	0.002864	0.1356	0.002896	0.16748	0.002888
850	0.21827	0.003055	0.14742	0.002943	0.13436	0.002933	0.16699	0.002941
855	0.21779	-1	0.14647	-1	0.1332	-1	0.16537	-1
860	0.21809	-1	0.14538	-1	0.13272	-1	0.16391	-1
865	0.22033	-1	0.14566	-1	0.13243	-1	0.1636	-1
870	0.21802	-1	0.14124	-1	0.12967	-1	0.16226	-1
875	0.21848	-1	0.14073	-1	0.12783	-1	0.16102	-1
880	0.21903	-1	0.14029	-1	0.12641	-1	0.16051	-1
885	0.21609	-1	0.13823	-1	0.12504	-1	0.15899	-1
890	0.21701	-1	0.136	-1	0.12261	-1	0.158	-1
895	0.21646	-1	0.13593	-1	0.12194	-1	0.15761	-1
900	0.2169	-1	0.13497	-1	0.12108	-1	0.15721	-1
905	0.21753	-1	0.13411	-1	0.12107	-1	0.15677	-1
910	0.21563	-1	0.13319	-1	0.11942	-1	0.15554	-1
915	0.21527	-1	0.13205	-1	0.11881	-1	0.15439	-1
920	0.21706	-1	0.13203	-1	0.11778	-1	0.15391	-1
925	0.21647	-1	0.13024	-1	0.11625	-1	0.15421	-1
930	0.21695	-1	0.13089	-1	0.11657	-1	0.15386	-1
935	0.21674	-1	0.12979	-1	0.11507	-1	0.15372	-1
940	0.21756	-1	0.12993	-1	0.11485	-1	0.15374	-1
945	0.21757	-1	0.12957	-1	0.11613	-1	0.15383	-1
950	0.21672	-1	0.12952	-1	0.11484	-1	0.1535	-1
955	0.21935	-1	0.13054	-1	0.11628	-1	0.15447	-1
960	0.21877	-1	0.13026	-1	0.11603	-1	0.15455	-1
965	0.21998	-1	0.13043	-1	0.11605	-1	0.15519	-1
970	0.22063	-1	0.13131	-1	0.11654	-1	0.15524	-1
975	0.22105	-1	0.13169	-1	0.11679	-1	0.15608	-1
980	0.22256	-1	0.13252	-1	0.11624	-1	0.15732	-1
985	0.22357	-1	0.13325	-1	0.11775	-1	0.15757	-1
990	0.22487	-1	0.13453	-1	0.11838	-1	0.15866	-1
995	0.22518	-1	0.1353	-1	0.11911	-1	0.15984	-1
1000	0.22588	-1	0.13593	-1	0.11926	-1	0.16071	-1
1005	0.22779	-1	0.13711	-1	0.11999	-1	0.16167	-1
1010	0.22866	-1	0.13824	-1	0.12137	-1	0.16273	-1
1015	0.23033	-1	0.14004	-1	0.12256	-1	0.1642	-1
1020	0.2313	-1	0.14144	-1	0.12263	-1	0.16539	-1
1025	0.23243	-1	0.1423	-1	0.12396	-1	0.16641	-1
1030	0.23403	-1	0.14441	-1	0.12528	-1	0.16802	-1
1035	0.23524	-1	0.14603	-1	0.12707	-1	0.16976	-1
1040	0.23655	-1	0.14706	-1	0.12835	-1	0.17123	-1
1045	0.23736	-1	0.14854	-1	0.12952	-1	0.17205	-1
1050	0.2396	0.000988	0.15013	-1	0.13103	-1	0.17428	-1
1055	0.2408	0.00096	0.15172	0.001248	0.13261	0.000946	0.17528	0.000802
1060	0.24227	0.00108	0.15341	0.001213	0.13312	0.001037	0.17697	0.000787
1065	0.24256	0.001096	0.15446	0.001054	0.13481	0.000856	0.17849	0.000733
1070	0.24434	0.001024	0.1562	0.001145	0.13641	0.000852	0.17979	0.000736
1075	0.24557	0.001826	0.15772	0.001954	0.13905	0.002065	0.18135	0.00145
1080	0.24644	0.001657	0.15944	0.002298	0.14016	0.00188	0.18304	0.001438
1085	0.24774	0.001666	0.16123	0.002075	0.14195	0.002005	0.18418	0.001497
1090	0.24812	0.001698	0.16273	0.002304	0.14251	0.001906	0.18564	0.001537
1095	0.25015	0.001624	0.1645	0.00217	0.1455	0.001705	0.18741	0.00134
1100	0.25035	0.001686	0.16525	0.00282	0.14656	0.001721	0.18863	0.001421
1105	0.25236	0.001669	0.16732	0.002814	0.14868	0.001809	0.19007	0.001457
1110	0.25255	0.001756	0.16848	0.002475	0.14946	0.001748	0.19148	0.001458
1115	0.25333	0.001938	0.16986	0.002748	0.15095	0.001869	0.19256	0.001541
1120	0.25395	0.00199	0.17086	0.002869	0.15188	0.001929	0.19388	0.001572
1125	0.25549	0.001911	0.17248	0.003123	0.15284	0.00165	0.19507	0.001561
1130	0.2556	0.001807	0.17328	0.003149	0.15382	0.001747	0.19602	0.001454
1135	0.25618	0.002063	0.17449	0.003207	0.15549	0.001843	0.19728	0.001618
1140	0.25717	0.001873	0.17536	0.003416	0.15676	0.001953	0.19799	0.001639
1145	0.25821	0.001715	0.17586	0.003182	0.15784	0.001869	0.1988	0.001461
1150	0.25888	0.001772	0.17727	0.002934	0.159	0.001954	0.1995	0.001499
1155	0.25987	0.001684	0.17823	0.003309	0.16017	0.00179	0.2007	0.001494
1160	0.25973	0.001682	0.17871	0.003168	0.16001	0.001547	0.20082	0.001505
1165	0.26049	0.001748	0.17983	0.003175	0.16146	0.002039	0.20169	0.001491
1170	0.26126	0.001937	0.18022	0.003533	0.16171	0.001501	0.20247	0.001495
1175	0.2619	0.002008	0.18112	0.003309	0.16281	0.001796	0.20326	0.001503
1180	0.2626	0.00209	0.18155	0.002978	0.16363	0.001779	0.20343	0.001665
1185	0.26316	0.002193	0.18221	0.003254	0.16419	0.001926	0.20459	0.001593
1190	0.26357	0.00237	0.18279	0.003274	0.16458	0.001573	0.20525	0.001537
1195	0.26373	0.002286	0.18308	0.00314	0.16547	0.001846	0.20564	0.001539
1200	0.2643	0.001688	0.18392	0.002962	0.16535	0.001608	0.20611	0.001501
1205	0.26392	0.008669	0.18397	0.003117	0.16587	0.002127	0.20637	0.00191
1210	0.26419	0.002282	0.18458	0.002987	0.16593	0.002187	0.207	0.001997
1215	0.26551	0.002163	0.18533	0.003356	0.1679	0.002069	0.20752	0.002094
1220	0.26599	0.002025	0.18618	0.003289	0.16871	0.002215	0.208	0.001906
1225	0.2665	0.001921	0.18633	0.003554	0.16906	0.002018	0.20862	0.001984
1230	0.26697	0.001979	0.18671	0.003118	0.16944	0.00215	0.2087	0.001775
1235	0.2672	0.001845	0.18701	0.003189	0.16998	0.002056	0.20957	0.001739
1240	0.26793	0.001832	0.18771	0.002993	0.17026	0.00226	0.20992	0.001732
1245	0.26781	0.001795	0.18799	0.002993	0.17158	0.001955	0.2103	0.001658
1250	0.26863	0.001778	0.18845	0.003204	0.17036	0.001789	0.21063	0.001569
1255	0.26887	0.001743	0.18896	0.00315	0.17278	0.001944	0.21126	0.001609
1260	0.26974	0.001664	0.18937	0.003063	0.17259	0.001944	0.21228	0.001492
1265	0.27062	0.001701	0.18993	0.003332	0.17321	0.001863	0.2126	0.001501
1270	0.2713	0.00171	0.19067	0.003118	0.17387	0.001692	0.21324	0.001684
1275	0.27151	0.001732	0.19134	0.003347	0.17499	0.001667	0.21355	0.001501
1280	0.27251	0.001866	0.19205	0.002996	0.17502	0.001816	0.21414	0.001574
1285	0.27281	0.001859	0.19271	0.003244	0.17638	0.001932	0.21471	0.001509
1290	0.27381	0.00175	0.19307	0.003441	0.17566	0.001762	0.21573	0.00148
1295	0.27443	0.001821	0.19337	0.003151	0.17736	0.001715	0.21635	0.00145
1300	0.27521	0.001665	0.1946	0.003267	0.17845	0.001769	0.21691	0.001459
1305	0.27586	0.001731	0.19489	0.003299	0.17943	0.001896	0.21753	0.00164
1310	0.27723	0.001633	0.19621	0.003216	0.18015	0.001735	0.21856	0.001493
1315	0.27746	0.001696	0.19654	0.003374	0.18005	0.002143	0.21865	0.001535
1320	0.27873	0.001863	0.19733	0.003437	0.18126	0.002003	0.21955	0.001504
1325	0.27893	0.001825	0.19793	0.003647	0.18322	0.001795	0.22039	0.001554
1330	0.27921	0.00179	0.19861	0.003132	0.18355	0.001879	0.22083	0.001553
1335	0.28034	0.001934	0.19951	0.003097	0.18494	0.001952	0.22155	0.001639
1340	0.28092	0.001974	0.20006	0.003013	0.18554	0.00167	0.22237	0.001629
1345	0.28123	0.001867	0.2009	0.003019	0.18602	0.001835	0.22297	0.001718
1350	0.2814	0.001837	0.20115	0.003499	0.18607	0.001921	0.22363	0.001626
1355	0.28219	0.001858	0.20185	0.00348	0.18687	0.002042	0.22418	0.001842
1360	0.28274	0.001938	0.20245	0.003463	0.18756	0.002034	0.22482	0.001934
1365	0.28379	0.00212	0.20318	0.003596	0.18874	0.002124	0.22523	0.001932
1370	0.28457	0.001988	0.20386	0.00344	0.1896	0.002276	0.22625	0.001828
1375	0.286	0.002111	0.20489	0.003746	0.19085	0.001937	0.22703	0.0019
1380	0.28669	0.001855	0.20546	0.00373	0.19147	0.001744	0.22795	0.001743
1385	0.28729	0.002374	0.20625	0.003353	0.19216	0.002149	0.22823	0.002025
1390	0.28744	0.002101	0.20681	0.003594	0.19222	0.001936	0.22861	0.001922
1395	0.28805	0.002098	0.20747	0.003477	0.1928	0.002009	0.22953	0.0019
1400	0.28807	0.001997	0.20771	0.003779	0.19286	0.001807	0.22994	0.001876
1405	0.28841	0.001936	0.20827	0.004081	0.19339	0.001797	0.23115	0.001772
1410	0.28931	0.002166	0.20889	0.00366	0.19413	0.001871	0.23138	0.001915
1415	0.29052	0.002052	0.20968	0.003911	0.19518	0.001897	0.2316	0.001841
1420	0.2908	0.001835	0.20994	0.003987	0.19587	0.001965	0.23261	0.001776
1425	0.29298	0.001958	0.21137	0.003701	0.19679	0.001776	0.23301	0.001774
1430	0.29299	0.002154	0.21156	0.003039	0.19754	0.002045	0.23392	0.001857
1435	0.2944	0.00205	0.21257	0.002787	0.19842	0.001696	0.23482	0.001763
1440	0.29469	0.002058	0.21304	0.002959	0.19901	0.001882	0.2348	0.001792
1445	0.29467	0.001957	0.21392	0.002857	0.19989	0.001789	0.23574	0.00189
1450	0.29601	0.002026	0.21499	0.003144	0.20063	0.001734	0.23686	0.001872
1455	0.29683	0.002149	0.21525	0.003419	0.20127	0.002061	0.23739	0.001818
1460	0.29764	0.002181	0.2163	0.00341	0.20172	0.001844	0.23812	0.002126
1465	0.29728	0.00202	0.2161	0.003608	0.20253	0.001878	0.23824	0.001869
1470	0.2982	0.002006	0.2167	0.003346	0.20299	0.001902	0.2394	0.001939
1475	0.29967	0.002104	0.21742	0.003557	0.20347	0.001801	0.2395	0.00189
1480	0.30027	0.002211	0.21786	0.003973	0.20392	0.001871	0.23976	0.00185
1485	0.30027	0.002015	0.21831	0.004175	0.20455	0.0019	0.24026	0.00189
1490	0.30087	0.002081	0.21906	0.004132	0.20491	0.001817	0.24086	0.001786
1495	0.30104	0.002133	0.2192	0.004068	0.20551	0.002183	0.24142	0.001812
1500	0.30219	0.002168	0.21964	0.004193	0.20587	0.001894	0.24193	0.001788
1505	0.30235	0.002107	0.22002	0.004141	0.20659	0.001839	0.24242	0.001762
1510	0.30292	0.001907	0.22039	0.004239	0.20691	0.001957	0.2426	0.001972
1515	0.30331	0.001984	0.22041	0.004498	0.20737	0.002056	0.24281	0.001862
1520	0.30406	0.002034	0.22168	0.004289	0.20778	0.002079	0.24385	0.00197
1525	0.30499	0.002002	0.22169	0.004263	0.20819	0.00207	0.24358	0.001901
1530	0.30495	0.002247	0.22196	0.003768	0.20858	0.002079	0.24407	0.001926
1535	0.30523	0.002051	0.22201	0.003886	0.20884	0.002028	0.24457	0.001863
1540	0.30578	0.002257	0.22257	0.004307	0.20873	0.001952	0.24507	0.001871
1545	0.30579	0.002236	0.22254	0.004085	0.20856	0.002024	0.24531	0.001868
1550	0.30619	0.002281	0.22329	0.004159	0.20865	0.001984	0.24547	0.002032
1555	0.30688	0.002343	0.22312	0.003833	0.20877	0.001919	0.24584	0.00197
1560	0.30797	0.002329	0.22397	0.004015	0.20883	0.002005	0.24612	0.002018
1565	0.30861	0.002487	0.22433	0.003867	0.20923	0.00233	0.24633	0.002047
1570	0.30922	0.002621	0.22536	0.004265	0.20957	0.001935	0.24703	0.001999
1575	0.30874	0.002377	0.2247	0.003688	0.20992	0.002229	0.2468	0.00203
1580	0.30939	0.002438	0.22491	0.003432	0.21003	0.001969	0.24694	0.00205
1585	0.30974	0.002458	0.22552	0.003495	0.21022	0.002167	0.24782	0.002103
1590	0.3101	0.002413	0.22541	0.003445	0.2104	0.002078	0.24775	0.001991
1595	0.31048	0.002178	0.22551	0.0035	0.21063	0.001973	0.24828	0.002159
1600	0.31047	0.002539	0.22549	0.003326	0.2106	0.001993	0.24781	0.002112
1605	0.31176	0.002625	0.22589	0.003197	0.21082	0.002102	0.24847	0.002102
1610	0.31115	0.002928	0.2258	0.003052	0.2108	0.00202	0.24826	0.002142
1615	0.31247	0.002905	0.22594	0.003019	0.21066	0.00209	0.2493	0.002176
1620	0.31231	0.002902	0.22602	0.003036	0.21037	0.002079	0.24858	0.00219
1625	0.31322	0.002791	0.22672	0.003093	0.21022	0.002	0.24896	0.002199
1630	0.31301	0.002661	0.22575	0.003331	0.20986	0.002232	0.24842	0.002414
1635	0.31329	0.002404	0.22644	0.003294	0.20987	0.002136	0.24864	0.002225
1640	0.31398	0.002263	0.22637	0.003463	0.21001	0.002282	0.24921	0.002293
1645	0.31446	0.002439	0.22629	0.003665	0.21017	0.002071	0.2492	0.002237
1650	0.31462	0.002586	0.22613	0.003632	0.20991	0.002195	0.24947	0.002264
1655	0.3148	0.00257	0.22625	0.003656	0.2098	0.001994	0.24964	0.00204
1660	0.3153	0.002448	0.226	0.004039	0.20969	0.002228	0.24939	0.002286
1665	0.31578	0.002558	0.22574	0.001605	0.20958	0.001607	0.24912	0.001824
1670	0.31658	0.002816	0.22583	0.00165	0.20959	0.001584	0.24919	0.001671
1675	0.31676	0.002715	0.22583	0.001611	0.20987	0.001508	0.24952	0.001513
1680	0.31776	0.002815	0.22604	0.001591	0.20949	0.001522	0.24996	0.001699
1685	0.31739	0.002849	0.2257	0.001682	0.20886	0.001539	0.24969	0.001658
1690	0.31839	0.002847	0.2267	0.001717	0.20893	0.001506	0.24983	0.001623
1695	0.31824	0.003115	0.22617	0.001784	0.20839	0.001444	0.24986	0.001802
1700	0.31901	0.003097	0.2265	0.001675	0.20861	0.001537	0.25014	0.001703
1705	0.31912	0.002875	0.22626	0.001867	0.20869	0.00143	0.25028	0.001943
1710	0.32009	0.002857	0.22643	0.001617	0.2088	0.001461	0.25012	0.001764
1715	0.3198	0.0025	0.22604	0.001723	0.20817	0.001574	0.25023	0.001919
1720	0.32076	0.002594	0.2268	0.001655	0.20831	0.001455	0.25033	0.001868
1725	0.3205	0.002762	0.22648	0.001758	0.20796	0.001469	0.25047	0.002147
1730	0.32099	0.002624	0.22653	0.001677	0.2082	0.001466	0.25059	0.001843
1735	0.32096	0.002914	0.22632	0.00175	0.20775	0.001519	0.25021	0.002151
1740	0.32143	0.002946	0.22658	0.001867	0.20741	0.001507	0.25021	0.001975
1745	0.32134	0.00287	0.22637	0.001872	0.2075	0.001515	0.24989	0.002209
1750	0.322	0.00285	0.22653	0.001731	0.20724	0.001607	0.25021	0.001996
1755	0.32282	0.002949	0.22654	0.001685	0.20766	0.001417	0.25072	0.002194
1760	0.32297	0.002891	0.22652	0.001766	0.20686	0.001527	0.25071	0.002081
1765	0.3233	0.002724	0.22623	0.001831	0.20663	0.001495	0.25058	0.002382
1770	0.32373	0.002623	0.22646	0.001785	0.2065	0.001582	0.25069	0.002125
1775	0.32399	0.002531	0.22654	0.001656	0.20639	0.001606	0.25091	0.002185
1780	0.32397	0.002594	0.22613	0.001775	0.20587	0.001573	0.25045	0.001913
1785	0.32451	0.002956	0.22642	0.001864	0.20584	0.001621	0.25074	0.001948
1790	0.32458	0.002932	0.22646	0.001868	0.20547	0.001468	0.25067	0.001794
1795	0.32512	0.002592	0.22664	0.0018	0.20559	0.001425	0.25095	0.002129
1800	0.32497	0.002661	0.22618	0.001975	0.20508	0.00153	0.25124	0.001758
1805	0.32627	0.002678	0.22666	0.002013	0.20528	0.001627	0.25105	0.002061
1810	0.32619	0.002655	0.22632	0.00226	0.20483	0.001535	0.25112	0.00182
1815	0.32627	0.002896	0.22632	0.002258	0.20469	0.001581	0.25084	0.002033
1820	0.32613	0.002978	0.22625	0.00224	0.20445	0.00168	0.25107	0.001903
1825	0.3262	0.00306	0.22621	0.002089	0.20417	0.001698	0.25084	0.001817
1830	0.32631	0.003433	0.22615	0.00217	0.20377	0.00166	0.25091	0.001913
1835	0.32742	0.003282	0.22665	0.002325	0.20382	0.001667	0.25131	0.001931
1840	0.32761	0.00339	0.22664	0.002349	0.20337	0.001844	0.25064	0.001882
1845	0.32847	0.002936	0.22696	0.002022	0.20319	0.001547	0.25152	0.001664
1850	0.32877	0.003143	0.22715	0.002393	0.20304	0.001867	0.2513	0.001799
1855	0.32927	0.003242	0.22758	0.0025	0.20312	0.001575	0.25156	0.001636
1860	0.32991	0.003248	0.22688	0.002738	0.20218	0.001701	0.25119	0.001755
1865	0.33053	0.003294	0.22724	0.002658	0.20248	0.001672	0.25205	0.001625
1870	0.33095	0.003289	0.22773	0.002832	0.20283	0.002008	0.25204	0.001731
1875	0.33188	0.002784	0.22777	0.002694	0.20267	0.001824	0.25104	0.001789
1880	0.33229	0.002631	0.2276	0.002625	0.20238	0.001583	0.25199	0.001603
1885	0.33232	0.003179	0.22842	0.002574	0.20304	0.001473	0.25211	0.001699
1890	0.33247	0.003076	0.22807	0.002557	0.20228	0.001559	0.25208	0.001642
1895	0.33262	0.003241	0.22766	0.002745	0.20167	0.001693	0.25184	0.001664
1900	0.33245	0.003415	0.22809	0.00301	0.20185	0.001499	0.25232	0.001854
1905	0.33241	0.003	0.22818	0.002402	0.20174	0.001635	0.25226	0.001891
1910	0.3328	0.002696	0.22815	0.002208	0.20153	0.001551	0.25259	0.002104
1915	0.33245	0.002648	0.228	0.002655	0.2013	0.001622	0.2523	0.002185
1920	0.33386	0.002919	0.22854	0.002946	0.20168	0.001655	0.25304	0.002149
1925	0.33596	0.00283	0.2295	0.002557	0.20319	0.001876	0.25282	0.002192
1930	0.33527	0.002823	0.22907	0.002581	0.20168	0.001537	0.25273	0.002011
1935	0.33541	0.003077	0.229	0.002566	0.20181	0.001589	0.25293	0.001993
1940	0.33587	0.002854	0.22894	0.002507	0.20202	0.001543	0.25318	0.001965
1945	0.33669	0.002625	0.22948	0.002911	0.20234	0.001687	0.25308	0.002205
1950	0.33676	0.002395	0.22975	0.002601	0.20181	0.001409	0.25339	0.001982
1955	0.33656	0.002458	0.22962	0.002198	0.20162	0.001621	0.25392	0.002354
1960	0.33777	0.002558	0.23039	0.002045	0.20166	0.001589	0.25414	0.002369
1965	0.33761	0.002481	0.23005	0.002437	0.2012	0.0015	0.25414	0.002401
1970	0.33777	0.002792	0.23019	0.002322	0.20081	0.001502	0.25402	0.002346
1975	0.3376	0.002597	0.2304	0.002296	0.20059	0.001548	0.25457	0.002176
1980	0.33854	0.002631	0.23078	0.002533	0.20106	0.001682	0.25515	0.001937
1985	0.33865	0.002956	0.23105	0.002204	0.20033	0.001575	0.25495	0.001928
1990	0.33965	0.003021	0.2313	0.00238	0.2002	0.001601	0.25522	0.001747
1995	0.3395	0.002706	0.23163	0.002252	0.19993	0.00185	0.25549	0.001672
2000	0.34007	0.002679	0.2318	0.002447	0.20015	0.00173	0.25561	0.00169
2005	0.34069	0.002597	0.23209	0.002477	0.20018	0.001724	0.25602	0.001742
2010	0.34112	0.002542	0.23242	0.001959	0.20068	0.002017	0.25642	0.001714
2015	0.34156	0.002656	0.23284	0.002506	0.20034	0.001935	0.25647	0.001693
2020	0.34218	0.002705	0.23303	0.002331	0.20039	0.002002	0.25681	0.001809
2025	0.34271	0.002735	0.23366	0.002548	0.20039	0.002183	0.25716	0.00178
2030	0.34227	0.002685	0.23357	0.002438	0.19999	0.002207	0.25736	0.001811
2035	0.34335	0.00282	0.2343	0.002773	0.20056	0.001884	0.25782	0.001726
2040	0.34337	0.002795	0.2344	0.002543	0.20034	0.002122	0.25785	0.00164
2045	0.34427	0.002557	0.23499	0.002832	0.20103	0.002057	0.25835	0.001634
2050	0.34389	0.002579	0.23488	0.003464	0.20103	0.002203	0.25813	0.001693
2055	0.34462	0.002757	0.2352	0.003632	0.2008	0.00201	0.25871	0.001775
2060	0.34476	0.002856	0.23512	0.003513	0.20122	0.001806	0.2591	0.001783
2065	0.34542	0.002724	0.23583	0.004012	0.20066	0.002189	0.25955	0.001825
2070	0.34545	0.002578	0.2359	0.003701	0.20142	0.001826	0.25971	0.001734
2075	0.3462	0.002598	0.23688	0.003485	0.20171	0.001658	0.26031	0.001965
2080	0.34647	0.002604	0.23702	0.003504	0.2017	0.001849	0.26063	0.001835
2085	0.34748	0.002631	0.23778	0.00322	0.20236	0.001995	0.26113	0.001932
2090	0.34748	0.002701	0.23755	0.00348	0.20206	0.001999	0.26115	0.001898
2095	0.34834	0.002543	0.2382	0.002915	0.20257	0.001892	0.26156	0.001893
2100	0.34902	0.002615	0.2386	0.003101	0.20341	0.00198	0.26174	0.001939
2105	0.35	0.002685	0.23934	0.002566	0.20324	0.00207	0.26235	0.001987
2110	0.35008	0.002655	0.23963	0.002892	0.20281	0.002131	0.26309	0.002008
2115	0.35077	0.00255	0.24062	0.002645	0.20319	0.001897	0.26329	0.002149
2120	0.35079	0.002523	0.24075	0.002744	0.20353	0.001835	0.26371	0.001909
2125	0.35116	0.002687	0.24116	0.002818	0.20403	0.002129	0.2641	0.001885
2130	0.35178	0.002832	0.24157	0.002649	0.20432	0.002204	0.26468	0.00196
2135	0.35274	0.002919	0.24179	0.002611	0.20479	0.002082	0.26527	0.002145
2140	0.353	0.002838	0.24234	0.002736	0.20476	0.002291	0.26526	0.002007
2145	0.35302	0.002762	0.24268	0.002567	0.20563	0.002152	0.26573	0.001933
2150	0.35408	0.002928	0.24346	0.002835	0.2056	0.002333	0.26626	0.002001
2155	0.35439	0.002307	0.24417	0.002401	0.2055	0.002145	0.26677	0.002014
2160	0.35465	0.002343	0.24457	0.002539	0.20586	0.002197	0.26771	0.002129
2165	0.35439	0.002227	0.24484	0.00242	0.20566	0.002068	0.26765	0.002224
2170	0.35498	0.001967	0.2457	0.001925	0.20596	0.002238	0.26838	0.002032
2175	0.3554	0.002836	0.24584	0.002441	0.20658	0.002259	0.26873	0.002101
2180	0.35582	0.002703	0.24618	0.00241	0.20704	0.002421	0.26929	0.001899
2185	0.35664	0.002481	0.24674	0.002501	0.20795	0.001873	0.26965	0.001747
2190	0.35782	0.002736	0.2474	0.002232	0.20804	0.001971	0.2705	0.001897
2195	0.35705	0.002379	0.24787	0.002503	0.20769	0.002074	0.27097	0.00183
2200	0.35845	0.002601	0.24876	0.002834	0.20869	0.002499	0.27161	0.001904
2205	0.35856	0.002685	0.24888	0.002712	0.20825	0.002808	0.27201	0.002018
2210	0.35965	0.00235	0.24996	0.002359	0.20949	0.002569	0.27257	0.001829
2215	0.35993	0.002335	0.25008	0.002383	0.21008	0.002776	0.27294	0.001703
2220	0.3611	0.002414	0.25082	0.002565	0.21048	0.002379	0.27359	0.001963
2225	0.36144	0.002624	0.25161	0.002575	0.21068	0.002803	0.2744	0.001785
2230	0.36152	0.002678	0.25203	0.002594	0.21123	0.002771	0.27435	0.001926
2235	0.36152	0.002728	0.25234	0.003026	0.21184	0.002982	0.27567	0.001939
2240	0.36272	0.002611	0.25297	0.002941	0.21182	0.003106	0.27585	0.001854
2245	0.36304	0.002691	0.25341	0.002985	0.21185	0.003126	0.27635	0.001934
2250	0.36372	0.002336	0.25407	0.002765	0.21266	0.003268	0.27721	0.001856
2255	0.36479	0.002471	0.25511	0.003554	0.21332	0.003103	0.27795	0.001879
2260	0.36517	0.00249	0.25602	0.003504	0.214	0.002978	0.27845	0.00184
2265	0.36591	0.002409	0.25677	0.003823	0.2149	0.002739	0.2793	0.002146
2270	0.36645	0.002523	0.25745	0.003496	0.21549	0.002494	0.28012	0.002071
2275	0.36733	0.002618	0.25787	0.003254	0.21593	0.002449	0.28048	0.002117
2280	0.36817	0.002647	0.2585	0.003286	0.2168	0.002628	0.28144	0.002098
2285	0.36925	0.003025	0.25959	0.003532	0.21718	0.002687	0.28233	0.002367
2290	0.36887	0.003013	0.25995	0.003591	0.21749	0.002687	0.28284	0.002179
2295	0.37027	0.002828	0.26097	0.003435	0.21879	0.00263	0.28365	0.002433
2300	0.37022	0.002667	0.26176	0.003352	0.21967	0.002786	0.28477	0.002209
2305	0.37128	0.003058	0.2621	0.003649	0.22074	0.00268	0.28549	0.002572
2310	0.37155	0.00306	0.26285	0.003696	0.22088	0.002998	0.28584	0.002337
2315	0.37164	0.002988	0.26354	0.003739	0.22237	0.002808	0.28627	0.00263
2320	0.37168	0.002878	0.26342	0.0038	0.22197	0.002498	0.28638	0.002718
2325	0.37284	0.003121	0.26432	0.003346	0.22243	0.002287	0.28675	0.002939
2330	0.37278	0.002818	0.26479	0.003497	0.22338	0.002457	0.28752	0.00273
2335	0.37362	0.002746	0.26588	0.003837	0.22337	0.002374	0.28818	0.003072
2340	0.37382	0.002749	0.2664	0.003415	0.22361	0.002655	0.28862	0.002435
2345	0.37461	0.002933	0.26738	0.003469	0.22418	0.002572	0.28982	0.002634
2350	0.3742	0.002804	0.26749	0.003774	0.22485	0.002669	0.28962	0.002645
2355	0.37565	0.002637	0.26806	0.003766	0.22554	0.00261	0.29045	0.002583
2360	0.37617	0.002815	0.26828	0.003983	0.22624	0.002688	0.29138	0.002449
2365	0.37642	0.003235	0.26894	0.00374	0.22667	0.002981	0.2919	0.002981
2370	0.37665	0.003268	0.26992	0.003924	0.22748	0.002851	0.29215	0.002624
2375	0.37703	0.00349	0.27036	0.003826	0.22801	0.00272	0.29319	0.002942
2380	0.37689	0.003653	0.27064	0.003697	0.22781	0.00251	0.29355	0.002539
2385	0.37865	0.002661	0.27215	0.003525	0.22905	0.00255	0.29458	0.002799
2390	0.37906	0.002569	0.27288	0.003439	0.23057	0.002707	0.2958	0.002307
2395	0.37996	0.003181	0.27363	0.003675	0.23152	0.00295	0.29626	0.002426
2400	0.38057	0.003061	0.27467	0.003555	0.23162	0.002858	0.29725	0.002389
2405	0.38094	0.002868	0.27513	0.003734	0.23241	0.00258	0.29756	0.00277
2410	0.38167	0.002973	0.27591	0.003639	0.23248	0.002527	0.29789	0.002442
2415	0.3814	0.002597	0.27668	0.003704	0.23247	0.002416	0.29936	0.002912
2420	0.38279	0.002878	0.27749	0.00389	0.23363	0.003123	0.29981	0.002618
2425	0.38451	0.002865	0.2787	0.003564	0.23535	0.00288	0.30083	0.002665
2430	0.38605	0.00296	0.28017	0.003459	0.23585	0.002698	0.30187	0.002339
2435	0.3841	0.002974	0.27934	0.003559	0.2355	0.003123	0.30194	0.002426
2440	0.38644	0.002892	0.28096	0.003361	0.23681	0.002709	0.3029	0.002285
2445	0.38521	0.002865	0.28093	0.003055	0.23662	0.002851	0.30427	0.002451
2450	0.38658	0.00328	0.28188	0.003387	0.23832	0.002961	0.30456	0.002468
2455	0.38704	0.002925	0.28236	0.003287	0.23883	0.002765	0.30566	0.002423
2460	0.38762	0.002969	0.28312	0.003466	0.23949	0.002676	0.30631	0.002206
2465	0.38774	0.002673	0.28336	0.003181	0.2394	0.002464	0.30652	0.002829
2470	0.38763	0.002627	0.28434	0.003164	0.24011	0.002778	0.30737	0.002708
2475	0.38781	0.002775	0.28573	0.003045	0.24128	0.002385	0.30845	0.00266
2480	0.38859	0.011694	0.28614	0.003379	0.24211	0.002228	0.30891	0.002187
2485	0.38881	0.002965	0.28567	0.00364	0.24142	0.00263	0.30992	0.002291
2490	0.38914	0.003003	0.28719	0.003436	0.24222	0.003172	0.31015	0.002106
2495	0.38962	0.002774	0.28714	0.003697	0.24243	0.002872	0.31147	0.002102
2500	0.39009	0.002727	0.28841	0.0037	0.24419	0.003354	0.31185	0.002117
2505	0.38979	0.002858	0.28779	0.004081	0.2429	0.00266	0.31297	0.002414
2510	0.39005	0.002881	0.28928	0.003831	0.24445	0.003007	0.31349	0.002177
2515	0.38979	0.002236	0.28887	0.004136	0.24431	0.003174	0.31476	0.001973
2520	0.39039	0.002407	0.29038	0.004097	0.24602	0.003438	0.31464	0.002034
2525	0.39047	0.002656	0.29072	0.004938	0.2469	0.003531	0.3156	0.002054
2530	0.39118	0.002757	0.2921	0.004633	0.24848	0.003861	0.31639	0.002092
2535	0.39213	0.003127	0.29216	0.005241	0.2487	0.003811	0.31717	0.002253
2540	0.39294	0.00288	0.29332	0.004686	0.2499	0.002975	0.31778	0.002277
2545	0.39313	0.003115	0.29517	0.005117	0.25192	0.003887	0.31848	0.002491
2550	0.39401	0.003215	0.29564	0.005429	0.25165	0.00327	0.31966	0.002601
2555	0.39473	0.002748	0.29499	0.005042	0.25144	0.003299	0.32006	0.002658
2560	0.39493	0.00245	0.29706	0.004776	0.25339	0.004392	0.32108	0.002567
2565	0.39518	0.004277	0.29723	0.006451	0.2535	0.004535	0.32194	0.003724
2570	0.39629	0.003801	0.29774	0.004774	0.25387	0.004054	0.32282	0.003356
2575	0.39631	0.003862	0.29769	0.004903	0.25379	0.004307	0.32342	0.003736
2580	0.39779	0.003344	0.30056	0.00472	0.25652	0.003676	0.32438	0.00322
2585	0.3985	0.003915	0.29946	0.005295	0.25482	0.004409	0.32563	0.003782
2590	0.3992	0.004089	0.30327	0.005408	0.25901	0.004173	0.32609	0.00368
2595	0.3999	0.004037	0.30622	0.005822	0.26239	0.005037	0.32633	0.004413
2600	0.4006	0.004224	0.30897	0.005053	0.26559	0.004231	0.32637	0.003622
