   3.0000000e+02   3.4411000e-02   3.4922000e-02   3.4046000e-02   3.6449000e-02
   3.0500000e+02   3.4124000e-02   3.4130000e-02   3.4602000e-02   3.3238000e-02
   3.1000000e+02   3.3838000e-02   3.3339000e-02   3.5000000e-02   3.3613000e-02
   3.1500000e+02   3.3215000e-02   3.2251000e-02   3.5500000e-02   3.3053000e-02
   3.2000000e+02   3.3380000e-02   3.2655000e-02   3.5900000e-02   3.2825000e-02
   3.2500000e+02   3.4552000e-02   3.3419000e-02   3.6328000e-02   3.4109000e-02
   3.3000000e+02   3.5199000e-02   3.4263000e-02   3.6773000e-02   3.5413000e-02
   3.3500000e+02   3.6019000e-02   3.4949000e-02   3.6873000e-02   3.6188000e-02
   3.4000000e+02   3.6851000e-02   3.5715000e-02   3.7614000e-02   3.6177000e-02
   3.4500000e+02   3.7519000e-02   3.6276000e-02   3.7734000e-02   3.6989000e-02
   3.5000000e+02   3.8103000e-02   3.6523000e-02   3.8337000e-02   3.7880000e-02
   3.5500000e+02   3.8728000e-02   3.7008000e-02   3.8726000e-02   3.8443000e-02
   3.6000000e+02   3.9441000e-02   3.7807000e-02   3.9148000e-02   3.9101000e-02
   3.6500000e+02   3.9869000e-02   3.8131000e-02   3.9528000e-02   3.9533000e-02
   3.7000000e+02   4.0419000e-02   3.8558000e-02   3.9919000e-02   4.0055000e-02
   3.7500000e+02   4.0639000e-02   3.9055000e-02   4.0277000e-02   4.0375000e-02
   3.8000000e+02   4.1545000e-02   3.9488000e-02   4.0674000e-02   4.1073000e-02
   3.8500000e+02   4.1808000e-02   3.9829000e-02   4.1008000e-02   4.1519000e-02
   3.9000000e+02   4.2419000e-02   4.0356000e-02   4.1322000e-02   4.2222000e-02
   3.9500000e+02   4.3102000e-02   4.0742000e-02   4.2012000e-02   4.2839000e-02
   4.0000000e+02   4.4495000e-02   4.1919000e-02   4.2750000e-02   4.3507000e-02
   4.0500000e+02   4.4966000e-02   4.2305000e-02   4.3041000e-02   4.3899000e-02
   4.1000000e+02   4.5542000e-02   4.2786000e-02   4.3531000e-02   4.4482000e-02
   4.1500000e+02   4.6192000e-02   4.3101000e-02   4.3729000e-02   4.4845000e-02
   4.2000000e+02   4.6740000e-02   4.3730000e-02   4.4126000e-02   4.5380000e-02
   4.2500000e+02   4.7423000e-02   4.4150000e-02   4.4538000e-02   4.5994000e-02
   4.3000000e+02   4.8041000e-02   4.4630000e-02   4.4835000e-02   4.6608000e-02
   4.3500000e+02   4.8507000e-02   4.4995000e-02   4.5123000e-02   4.6932000e-02
   4.4000000e+02   4.9048000e-02   4.5312000e-02   4.5396000e-02   4.7283000e-02
   4.4500000e+02   5.0073000e-02   4.6132000e-02   4.5924000e-02   4.7960000e-02
   4.5000000e+02   5.0358000e-02   4.6263000e-02   4.6183000e-02   4.8341000e-02
   4.5500000e+02   5.1445000e-02   4.7090000e-02   4.6796000e-02   4.8791000e-02
   4.6000000e+02   5.1590000e-02   4.7216000e-02   4.6925000e-02   4.9101000e-02
   4.6500000e+02   5.2661000e-02   4.7975000e-02   4.7428000e-02   4.9644000e-02
   4.7000000e+02   5.3016000e-02   4.8247000e-02   4.7643000e-02   5.0068000e-02
   4.7500000e+02   5.3680000e-02   4.8719000e-02   4.7942000e-02   5.0381000e-02
   4.8000000e+02   5.4262000e-02   4.9125000e-02   4.8189000e-02   5.0869000e-02
   4.8500000e+02   5.4732000e-02   4.9518000e-02   4.8504000e-02   5.1339000e-02
   4.9000000e+02   5.5395000e-02   5.0002000e-02   4.8854000e-02   5.1724000e-02
   4.9500000e+02   5.5723000e-02   5.0256000e-02   4.9107000e-02   5.2112000e-02
   5.0000000e+02   5.6431000e-02   5.0678000e-02   4.9390000e-02   5.2659000e-02
   5.0500000e+02   5.6886000e-02   5.1001000e-02   4.9584000e-02   5.2988000e-02
   5.1000000e+02   5.7407000e-02   5.1394000e-02   4.9851000e-02   5.3436000e-02
   5.1500000e+02   5.7947000e-02   5.1855000e-02   5.0178000e-02   5.3894000e-02
   5.2000000e+02   5.8515000e-02   5.2333000e-02   5.0518000e-02   5.4342000e-02
   5.2500000e+02   5.9046000e-02   5.2703000e-02   5.0869000e-02   5.4927000e-02
   5.3000000e+02   5.9671000e-02   5.3214000e-02   5.1304000e-02   5.5481000e-02
   5.3500000e+02   6.0170000e-02   5.3561000e-02   5.1609000e-02   5.5833000e-02
   5.4000000e+02   6.0685000e-02   5.3998000e-02   5.1980000e-02   5.6117000e-02
   5.4500000e+02   6.1175000e-02   5.4411000e-02   5.2235000e-02   5.6725000e-02
   5.5000000e+02   6.1690000e-02   5.4821000e-02   5.2549000e-02   5.7191000e-02
   5.5500000e+02   6.2168000e-02   5.5158000e-02   5.2851000e-02   5.7563000e-02
   5.6000000e+02   6.2772000e-02   5.5604000e-02   5.3222000e-02   5.7968000e-02
   5.6500000e+02   6.3264000e-02   5.5970000e-02   5.3557000e-02   5.8319000e-02
   5.7000000e+02   6.3790000e-02   5.6380000e-02   5.3918000e-02   5.8816000e-02
   5.7500000e+02   6.4295000e-02   5.6780000e-02   5.4284000e-02   5.9166000e-02
   5.8000000e+02   6.4781000e-02   5.7135000e-02   5.4520000e-02   5.9591000e-02
   5.8500000e+02   6.5516000e-02   5.7687000e-02   5.4907000e-02   6.0027000e-02
   5.9000000e+02   6.5585000e-02   5.7846000e-02   5.5018000e-02   6.0197000e-02
   5.9500000e+02   6.6743000e-02   5.8614000e-02   5.5678000e-02   6.0903000e-02
   6.0000000e+02   6.6813000e-02   5.8741000e-02   5.5749000e-02   6.1273000e-02
   6.0500000e+02   6.8233000e-02   5.9704000e-02   5.6527000e-02   6.1732000e-02
   6.1000000e+02   6.8162000e-02   5.9750000e-02   5.6672000e-02   6.2154000e-02
   6.1500000e+02   6.9218000e-02   6.0586000e-02   5.7308000e-02   6.2693000e-02
   6.2000000e+02   6.9371000e-02   6.0718000e-02   5.7445000e-02   6.2955000e-02
   6.2500000e+02   6.9946000e-02   6.1106000e-02   5.7812000e-02   6.3502000e-02
   6.3000000e+02   7.0476000e-02   6.1653000e-02   5.8253000e-02   6.4100000e-02
   6.3500000e+02   7.0676000e-02   6.1808000e-02   5.8435000e-02   6.4283000e-02
   6.4000000e+02   7.1363000e-02   6.2344000e-02   5.8814000e-02   6.4617000e-02
   6.4500000e+02   7.1442000e-02   6.2442000e-02   5.8943000e-02   6.5055000e-02
   6.5000000e+02   7.2203000e-02   6.2977000e-02   5.9392000e-02   6.5615000e-02
   6.5500000e+02   7.2372000e-02   6.3168000e-02   5.9424000e-02   6.5847000e-02
   6.6000000e+02   7.3019000e-02   6.3649000e-02   5.9746000e-02   6.6205000e-02
   6.6500000e+02   7.3263000e-02   6.3772000e-02   5.9933000e-02   6.6484000e-02
   6.7000000e+02   7.3928000e-02   6.4290000e-02   6.0304000e-02   6.6813000e-02
   6.7500000e+02   7.4143000e-02   6.4529000e-02   6.0547000e-02   6.7287000e-02
   6.8000000e+02   7.4716000e-02   6.4860000e-02   6.0822000e-02   6.7732000e-02
   6.8500000e+02   7.5035000e-02   6.5232000e-02   6.1061000e-02   6.8075000e-02
   6.9000000e+02   7.5713000e-02   6.5604000e-02   6.1410000e-02   6.8375000e-02
   6.9500000e+02   7.5948000e-02   6.5830000e-02   6.1693000e-02   6.8852000e-02
   7.0000000e+02   7.6442000e-02   6.6194000e-02   6.1888000e-02   6.9243000e-02
   7.0500000e+02   7.6992000e-02   6.6610000e-02   6.2385000e-02   6.9548000e-02
   7.1000000e+02   7.7256000e-02   6.6846000e-02   6.2621000e-02   7.0038000e-02
   7.1500000e+02   7.8245000e-02   6.7715000e-02   6.3221000e-02   7.0373000e-02
   7.2000000e+02   7.8150000e-02   6.7518000e-02   6.3294000e-02   7.0396000e-02
   7.2500000e+02   7.8206000e-02   6.7696000e-02   6.3480000e-02   7.0768000e-02
   7.3000000e+02   7.8296000e-02   6.7824000e-02   6.3644000e-02   7.1068000e-02
   7.3500000e+02   7.8756000e-02   6.8185000e-02   6.3882000e-02   7.1411000e-02
   7.4000000e+02   7.9442000e-02   6.8636000e-02   6.4090000e-02   7.1737000e-02
   7.4500000e+02   7.9328000e-02   6.8724000e-02   6.4156000e-02   7.2196000e-02
   7.5000000e+02   8.0020000e-02   6.9144000e-02   6.4485000e-02   7.2632000e-02
   7.5500000e+02   7.9921000e-02   6.9127000e-02   6.4565000e-02   7.2860000e-02
   7.6000000e+02   8.0556000e-02   6.9515000e-02   6.4766000e-02   7.3006000e-02
   7.6500000e+02   8.0869000e-02   6.9749000e-02   6.5050000e-02   7.3497000e-02
   7.7000000e+02   8.1537000e-02   7.0235000e-02   6.5336000e-02   7.4121000e-02
   7.7500000e+02   8.1522000e-02   7.0311000e-02   6.5287000e-02   7.4141000e-02
   7.8000000e+02   8.2014000e-02   7.0649000e-02   6.5486000e-02   7.4542000e-02
   7.8500000e+02   8.2414000e-02   7.0930000e-02   6.5715000e-02   7.4899000e-02
   7.9000000e+02   8.2704000e-02   7.1134000e-02   6.5671000e-02   7.5162000e-02
   7.9500000e+02   8.3137000e-02   7.1437000e-02   6.5749000e-02   7.5690000e-02
   8.0000000e+02   8.3317000e-02   7.1526000e-02   6.5665000e-02   7.5802000e-02
   8.0500000e+02   8.4631000e-02   7.2374000e-02   6.6200000e-02   7.6197000e-02
   8.1000000e+02   8.4373000e-02   7.2210000e-02   6.5803000e-02   7.6166000e-02
   8.1500000e+02   8.5547000e-02   7.3057000e-02   6.6373000e-02   7.6815000e-02
   8.2000000e+02   8.5295000e-02   7.2992000e-02   6.6407000e-02   7.6762000e-02
   8.2500000e+02   8.6551000e-02   7.3595000e-02   6.6626000e-02   7.7128000e-02
   8.3000000e+02   8.6759000e-02   7.3660000e-02   6.6636000e-02   7.7428000e-02
   8.3500000e+02   8.6754000e-02   7.3629000e-02   6.6535000e-02   7.7577000e-02
   8.4000000e+02   8.7120000e-02   7.3791000e-02   6.6512000e-02   7.7712000e-02
   8.4500000e+02   8.7359000e-02   7.3854000e-02   6.6476000e-02   7.8055000e-02
   8.5000000e+02   8.7730000e-02   7.4274000e-02   6.6039000e-02   7.8222000e-02
   8.5500000e+02   8.7997000e-02   7.4216000e-02   6.6016000e-02   7.8539000e-02
   8.6000000e+02   8.8419000e-02   7.3947000e-02   6.6090000e-02   7.8215000e-02
   8.6500000e+02   8.8519000e-02   7.4325000e-02   6.5672000e-02   7.8167000e-02
   8.7000000e+02   8.8508000e-02   7.3922000e-02   6.5498000e-02   7.8399000e-02
   8.7500000e+02   8.9161000e-02   7.4531000e-02   6.5504000e-02   7.8521000e-02
   8.8000000e+02   8.9577000e-02   7.4108000e-02   6.4871000e-02   7.8735000e-02
   8.8500000e+02   9.0002000e-02   7.4734000e-02   6.4378000e-02   7.8711000e-02
   8.9000000e+02   8.9922000e-02   7.4481000e-02   6.4452000e-02   7.8507000e-02
   8.9500000e+02   9.0015000e-02   7.4515000e-02   6.4011000e-02   7.8837000e-02
   9.0000000e+02   9.0603000e-02   7.4576000e-02   6.3843000e-02   7.9021000e-02
   9.0500000e+02   9.0705000e-02   7.4549000e-02   6.3873000e-02   7.8929000e-02
   9.1000000e+02   9.1140000e-02   7.4832000e-02   6.3901000e-02   7.8879000e-02
   9.1500000e+02   9.1307000e-02   7.4867000e-02   6.3872000e-02   7.8593000e-02
   9.2000000e+02   9.1498000e-02   7.4922000e-02   6.3742000e-02   7.9262000e-02
   9.2500000e+02   9.1828000e-02   7.4932000e-02   6.3261000e-02   7.9231000e-02
   9.3000000e+02   9.1907000e-02   7.4879000e-02   6.3109000e-02   7.9171000e-02
   9.3500000e+02   9.2584000e-02   7.5026000e-02   6.3012000e-02   7.9290000e-02
   9.4000000e+02   9.2223000e-02   7.4689000e-02   6.2541000e-02   7.9115000e-02
   9.4500000e+02   9.2833000e-02   7.5082000e-02   6.2603000e-02   7.9298000e-02
   9.5000000e+02   9.2897000e-02   7.5147000e-02   6.2625000e-02   7.9411000e-02
   9.5500000e+02   9.3304000e-02   7.5127000e-02   6.2452000e-02   7.9445000e-02
   9.6000000e+02   9.3626000e-02   7.5164000e-02   6.2794000e-02   7.9777000e-02
   9.6500000e+02   9.3875000e-02   7.5407000e-02   6.2408000e-02   7.9821000e-02
   9.7000000e+02   9.4157000e-02   7.5694000e-02   6.2568000e-02   8.0144000e-02
   9.7500000e+02   9.4528000e-02   7.5782000e-02   6.2427000e-02   8.0247000e-02
   9.8000000e+02   9.4754000e-02   7.6005000e-02   6.2427000e-02   8.0286000e-02
   9.8500000e+02   9.5079000e-02   7.6210000e-02   6.2629000e-02   8.0541000e-02
   9.9000000e+02   9.5620000e-02   7.6425000e-02   6.2729000e-02   8.0876000e-02
   9.9500000e+02   9.5791000e-02   7.6416000e-02   6.2788000e-02   8.1061000e-02
   1.0000000e+03   9.6124000e-02   7.6713000e-02   6.2674000e-02   8.1303000e-02
   1.0050000e+03   9.6317000e-02   7.6913000e-02   6.2930000e-02   8.1475000e-02
   1.0100000e+03   9.6956000e-02   7.7409000e-02   6.3081000e-02   8.1859000e-02
   1.0150000e+03   9.7259000e-02   7.7624000e-02   6.3375000e-02   8.2250000e-02
   1.0200000e+03   9.7456000e-02   7.8002000e-02   6.3607000e-02   8.2554000e-02
   1.0250000e+03   9.7759000e-02   7.8110000e-02   6.3829000e-02   8.2798000e-02
   1.0300000e+03   9.8358000e-02   7.8561000e-02   6.4225000e-02   8.3333000e-02
   1.0350000e+03   9.8795000e-02   7.8985000e-02   6.4629000e-02   8.3743000e-02
   1.0400000e+03   9.9186000e-02   7.9325000e-02   6.5057000e-02   8.4248000e-02
   1.0450000e+03   9.9299000e-02   7.9897000e-02   6.5222000e-02   8.4523000e-02
   1.0500000e+03   1.0010000e-01   8.0499000e-02   6.5751000e-02   8.5025000e-02
   1.0550000e+03   1.0046000e-01   8.0765000e-02   6.6150000e-02   8.5530000e-02
   1.0600000e+03   1.0093000e-01   8.1107000e-02   6.6455000e-02   8.5963000e-02
   1.0650000e+03   1.0132000e-01   8.1651000e-02   6.7087000e-02   8.6456000e-02
   1.0700000e+03   1.0178000e-01   8.2148000e-02   6.7271000e-02   8.6945000e-02
   1.0750000e+03   1.0220000e-01   8.2511000e-02   6.7863000e-02   8.7473000e-02
   1.0800000e+03   1.0255000e-01   8.2900000e-02   6.8342000e-02   8.7744000e-02
   1.0850000e+03   1.0316000e-01   8.3449000e-02   6.9129000e-02   8.8352000e-02
   1.0900000e+03   1.0372000e-01   8.4033000e-02   6.9463000e-02   8.8784000e-02
   1.0950000e+03   1.0431000e-01   8.4642000e-02   7.0179000e-02   8.9326000e-02
   1.1000000e+03   1.0458000e-01   8.4986000e-02   7.0847000e-02   8.9968000e-02
   1.1050000e+03   1.0518000e-01   8.5567000e-02   7.1322000e-02   9.0305000e-02
   1.1100000e+03   1.0561000e-01   8.6017000e-02   7.1854000e-02   9.0857000e-02
   1.1150000e+03   1.0602000e-01   8.6627000e-02   7.2255000e-02   9.1324000e-02
   1.1200000e+03   1.0654000e-01   8.6930000e-02   7.2863000e-02   9.2023000e-02
   1.1250000e+03   1.0700000e-01   8.7537000e-02   7.3475000e-02   9.2213000e-02
   1.1300000e+03   1.0760000e-01   8.8046000e-02   7.3877000e-02   9.2759000e-02
   1.1350000e+03   1.0777000e-01   8.8308000e-02   7.4195000e-02   9.3335000e-02
   1.1400000e+03   1.0824000e-01   8.8452000e-02   7.4695000e-02   9.3715000e-02
   1.1450000e+03   1.0868000e-01   8.8936000e-02   7.5125000e-02   9.4287000e-02
   1.1500000e+03   1.0932000e-01   8.9710000e-02   7.5679000e-02   9.4554000e-02
   1.1550000e+03   1.0954000e-01   9.0026000e-02   7.6147000e-02   9.4896000e-02
   1.1600000e+03   1.0990000e-01   9.0425000e-02   7.6665000e-02   9.5323000e-02
   1.1650000e+03   1.1009000e-01   9.0554000e-02   7.6819000e-02   9.5744000e-02
   1.1700000e+03   1.1060000e-01   9.0960000e-02   7.7315000e-02   9.6160000e-02
   1.1750000e+03   1.1119000e-01   9.1460000e-02   7.7500000e-02   9.6430000e-02
   1.1800000e+03   1.1136000e-01   9.1649000e-02   7.7854000e-02   9.6763000e-02
   1.1850000e+03   1.1183000e-01   9.2046000e-02   7.8196000e-02   9.7137000e-02
   1.1900000e+03   1.1211000e-01   9.2650000e-02   7.8500000e-02   9.7519000e-02
   1.1950000e+03   1.1259000e-01   9.2886000e-02   7.8571000e-02   9.7863000e-02
   1.2000000e+03   1.1278000e-01   9.2965000e-02   7.9081000e-02   9.8405000e-02
   1.2050000e+03   1.1274000e-01   9.3537000e-02   7.9387000e-02   9.8398000e-02
   1.2100000e+03   1.1304000e-01   9.3498000e-02   7.9184000e-02   9.8930000e-02
   1.2150000e+03   1.1423000e-01   9.4458000e-02   7.9860000e-02   9.9098000e-02
   1.2200000e+03   1.1422000e-01   9.4504000e-02   8.0292000e-02   9.9372000e-02
   1.2250000e+03   1.1494000e-01   9.4733000e-02   8.0370000e-02   9.9552000e-02
   1.2300000e+03   1.1483000e-01   9.4825000e-02   8.0585000e-02   1.0011000e-01
   1.2350000e+03   1.1567000e-01   9.5516000e-02   8.0878000e-02   1.0028000e-01
   1.2400000e+03   1.1576000e-01   9.5799000e-02   8.1243000e-02   1.0084000e-01
   1.2450000e+03   1.1632000e-01   9.6150000e-02   8.1616000e-02   1.0107000e-01
   1.2500000e+03   1.1651000e-01   9.6344000e-02   8.1793000e-02   1.0138000e-01
   1.2550000e+03   1.1706000e-01   9.6835000e-02   8.2225000e-02   1.0178000e-01
   1.2600000e+03   1.1747000e-01   9.6865000e-02   8.2339000e-02   1.0191000e-01
   1.2650000e+03   1.1779000e-01   9.7479000e-02   8.2764000e-02   1.0250000e-01
   1.2700000e+03   1.1838000e-01   9.7742000e-02   8.3094000e-02   1.0277000e-01
   1.2750000e+03   1.1897000e-01   9.8118000e-02   8.3265000e-02   1.0300000e-01
   1.2800000e+03   1.1922000e-01   9.8643000e-02   8.3655000e-02   1.0323000e-01
   1.2850000e+03   1.1957000e-01   9.8897000e-02   8.3853000e-02   1.0357000e-01
   1.2900000e+03   1.2017000e-01   9.9444000e-02   8.3961000e-02   1.0421000e-01
   1.2950000e+03   1.2049000e-01   9.9665000e-02   8.4369000e-02   1.0428000e-01
   1.3000000e+03   1.2125000e-01   1.0040000e-01   8.4898000e-02   1.0468000e-01
   1.3050000e+03   1.2098000e-01   1.0026000e-01   8.5073000e-02   1.0493000e-01
   1.3100000e+03   1.2206000e-01   1.0116000e-01   8.5331000e-02   1.0530000e-01
   1.3150000e+03   1.2181000e-01   1.0109000e-01   8.5743000e-02   1.0567000e-01
   1.3200000e+03   1.2287000e-01   1.0163000e-01   8.6047000e-02   1.0657000e-01
   1.3250000e+03   1.2259000e-01   1.0193000e-01   8.6453000e-02   1.0678000e-01
   1.3300000e+03   1.2369000e-01   1.0243000e-01   8.6837000e-02   1.0693000e-01
   1.3350000e+03   1.2370000e-01   1.0249000e-01   8.7083000e-02   1.0729000e-01
   1.3400000e+03   1.2438000e-01   1.0331000e-01   8.7570000e-02   1.0779000e-01
   1.3450000e+03   1.2456000e-01   1.0354000e-01   8.7703000e-02   1.0806000e-01
   1.3500000e+03   1.2474000e-01   1.0353000e-01   8.7852000e-02   1.0823000e-01
   1.3550000e+03   1.2524000e-01   1.0394000e-01   8.8098000e-02   1.0876000e-01
   1.3600000e+03   1.2574000e-01   1.0431000e-01   8.8423000e-02   1.0890000e-01
   1.3650000e+03   1.2636000e-01   1.0484000e-01   8.8832000e-02   1.0955000e-01
   1.3700000e+03   1.2659000e-01   1.0516000e-01   8.9077000e-02   1.0965000e-01
   1.3750000e+03   1.2761000e-01   1.0597000e-01   8.9683000e-02   1.0996000e-01
   1.3800000e+03   1.2798000e-01   1.0632000e-01   9.0041000e-02   1.1028000e-01
   1.3850000e+03   1.2833000e-01   1.0672000e-01   9.0340000e-02   1.1068000e-01
   1.3900000e+03   1.2832000e-01   1.0684000e-01   9.0450000e-02   1.1103000e-01
   1.3950000e+03   1.2886000e-01   1.0730000e-01   9.0789000e-02   1.1148000e-01
   1.4000000e+03   1.2892000e-01   1.0742000e-01   9.0948000e-02   1.1157000e-01
   1.4050000e+03   1.2922000e-01   1.0779000e-01   9.1178000e-02   1.1205000e-01
   1.4100000e+03   1.2970000e-01   1.0829000e-01   9.1577000e-02   1.1277000e-01
   1.4150000e+03   1.3052000e-01   1.0903000e-01   9.2162000e-02   1.1318000e-01
   1.4200000e+03   1.3115000e-01   1.0956000e-01   9.2362000e-02   1.1339000e-01
   1.4250000e+03   1.3173000e-01   1.1020000e-01   9.3021000e-02   1.1376000e-01
   1.4300000e+03   1.3203000e-01   1.1031000e-01   9.3288000e-02   1.1426000e-01
   1.4350000e+03   1.3276000e-01   1.1095000e-01   9.3777000e-02   1.1470000e-01
   1.4400000e+03   1.3297000e-01   1.1115000e-01   9.3967000e-02   1.1489000e-01
   1.4450000e+03   1.3284000e-01   1.1113000e-01   9.4124000e-02   1.1518000e-01
   1.4500000e+03   1.3298000e-01   1.1180000e-01   9.4386000e-02   1.1567000e-01
   1.4550000e+03   1.3383000e-01   1.1189000e-01   9.4634000e-02   1.1586000e-01
   1.4600000e+03   1.3417000e-01   1.1236000e-01   9.4930000e-02   1.1638000e-01
   1.4650000e+03   1.3452000e-01   1.1280000e-01   9.5189000e-02   1.1694000e-01
   1.4700000e+03   1.3489000e-01   1.1285000e-01   9.5430000e-02   1.1718000e-01
   1.4750000e+03   1.3559000e-01   1.1343000e-01   9.5973000e-02   1.1719000e-01
   1.4800000e+03   1.3589000e-01   1.1375000e-01   9.6347000e-02   1.1761000e-01
   1.4850000e+03   1.3626000e-01   1.1404000e-01   9.6393000e-02   1.1796000e-01
   1.4900000e+03   1.3687000e-01   1.1436000e-01   9.6720000e-02   1.1808000e-01
   1.4950000e+03   1.3693000e-01   1.1491000e-01   9.7047000e-02   1.1840000e-01
   1.5000000e+03   1.3760000e-01   1.1510000e-01   9.7516000e-02   1.1896000e-01
   1.5050000e+03   1.3787000e-01   1.1522000e-01   9.7559000e-02   1.1921000e-01
   1.5100000e+03   1.3800000e-01   1.1547000e-01   9.8050000e-02   1.1952000e-01
   1.5150000e+03   1.3856000e-01   1.1586000e-01   9.8051000e-02   1.1949000e-01
   1.5200000e+03   1.3880000e-01   1.1635000e-01   9.8389000e-02   1.2005000e-01
   1.5250000e+03   1.3934000e-01   1.1663000e-01   9.8747000e-02   1.2015000e-01
   1.5300000e+03   1.3978000e-01   1.1699000e-01   9.8869000e-02   1.2070000e-01
   1.5350000e+03   1.3999000e-01   1.1736000e-01   9.9446000e-02   1.2095000e-01
   1.5400000e+03   1.4031000e-01   1.1767000e-01   9.9351000e-02   1.2127000e-01
   1.5450000e+03   1.4066000e-01   1.1785000e-01   9.9650000e-02   1.2129000e-01
   1.5500000e+03   1.4069000e-01   1.1846000e-01   9.9808000e-02   1.2141000e-01
   1.5550000e+03   1.4109000e-01   1.1867000e-01   1.0000000e-01   1.2185000e-01
   1.5600000e+03   1.4151000e-01   1.1891000e-01   1.0041000e-01   1.2227000e-01
   1.5650000e+03   1.4193000e-01   1.1928000e-01   1.0076000e-01   1.2262000e-01
   1.5700000e+03   1.4225000e-01   1.1958000e-01   1.0105000e-01   1.2288000e-01
   1.5750000e+03   1.4230000e-01   1.1992000e-01   1.0120000e-01   1.2298000e-01
   1.5800000e+03   1.4269000e-01   1.2007000e-01   1.0118000e-01   1.2354000e-01
   1.5850000e+03   1.4341000e-01   1.2050000e-01   1.0165000e-01   1.2365000e-01
   1.5900000e+03   1.4373000e-01   1.2092000e-01   1.0194000e-01   1.2411000e-01
   1.5950000e+03   1.4387000e-01   1.2108000e-01   1.0186000e-01   1.2460000e-01
   1.6000000e+03   1.4403000e-01   1.2155000e-01   1.0217000e-01   1.2492000e-01
   1.6050000e+03   1.4445000e-01   1.2148000e-01   1.0245000e-01   1.2524000e-01
   1.6100000e+03   1.4482000e-01   1.2204000e-01   1.0281000e-01   1.2548000e-01
   1.6150000e+03   1.4510000e-01   1.2211000e-01   1.0298000e-01   1.2586000e-01
   1.6200000e+03   1.4584000e-01   1.2255000e-01   1.0316000e-01   1.2614000e-01
   1.6250000e+03   1.4631000e-01   1.2296000e-01   1.0325000e-01   1.2642000e-01
   1.6300000e+03   1.4609000e-01   1.2282000e-01   1.0322000e-01   1.2654000e-01
   1.6350000e+03   1.4658000e-01   1.2303000e-01   1.0338000e-01   1.2692000e-01
   1.6400000e+03   1.4729000e-01   1.2357000e-01   1.0355000e-01   1.2716000e-01
   1.6450000e+03   1.4734000e-01   1.2399000e-01   1.0403000e-01   1.2729000e-01
   1.6500000e+03   1.4794000e-01   1.2443000e-01   1.0429000e-01   1.2744000e-01
   1.6550000e+03   1.4778000e-01   1.2471000e-01   1.0443000e-01   1.2794000e-01
   1.6600000e+03   1.4833000e-01   1.2498000e-01   1.0464000e-01   1.2831000e-01
   1.6650000e+03   1.4887000e-01   1.2525000e-01   1.0488000e-01   1.2867000e-01
   1.6700000e+03   1.4989000e-01   1.2600000e-01   1.0517000e-01   1.2938000e-01
   1.6750000e+03   1.4980000e-01   1.2618000e-01   1.0551000e-01   1.2972000e-01
   1.6800000e+03   1.5044000e-01   1.2652000e-01   1.0603000e-01   1.2981000e-01
   1.6850000e+03   1.5069000e-01   1.2687000e-01   1.0640000e-01   1.2992000e-01
   1.6900000e+03   1.5112000e-01   1.2737000e-01   1.0671000e-01   1.3028000e-01
   1.6950000e+03   1.5146000e-01   1.2763000e-01   1.0707000e-01   1.3067000e-01
   1.7000000e+03   1.5201000e-01   1.2787000e-01   1.0717000e-01   1.3114000e-01
   1.7050000e+03   1.5231000e-01   1.2814000e-01   1.0776000e-01   1.3144000e-01
   1.7100000e+03   1.5220000e-01   1.2831000e-01   1.0787000e-01   1.3149000e-01
   1.7150000e+03   1.5326000e-01   1.2873000e-01   1.0835000e-01   1.3202000e-01
   1.7200000e+03   1.5257000e-01   1.2862000e-01   1.0832000e-01   1.3212000e-01
   1.7250000e+03   1.5394000e-01   1.2939000e-01   1.0850000e-01   1.3251000e-01
   1.7300000e+03   1.5346000e-01   1.2939000e-01   1.0857000e-01   1.3281000e-01
   1.7350000e+03   1.5449000e-01   1.2988000e-01   1.0892000e-01   1.3311000e-01
   1.7400000e+03   1.5422000e-01   1.2964000e-01   1.0924000e-01   1.3333000e-01
   1.7450000e+03   1.5528000e-01   1.3049000e-01   1.0944000e-01   1.3380000e-01
   1.7500000e+03   1.5525000e-01   1.3059000e-01   1.0968000e-01   1.3426000e-01
   1.7550000e+03   1.5628000e-01   1.3127000e-01   1.1017000e-01   1.3448000e-01
   1.7600000e+03   1.5569000e-01   1.3099000e-01   1.0993000e-01   1.3470000e-01
   1.7650000e+03   1.5664000e-01   1.3161000e-01   1.1056000e-01   1.3475000e-01
   1.7700000e+03   1.5645000e-01   1.3149000e-01   1.1073000e-01   1.3526000e-01
   1.7750000e+03   1.5686000e-01   1.3207000e-01   1.1104000e-01   1.3539000e-01
   1.7800000e+03   1.5704000e-01   1.3225000e-01   1.1131000e-01   1.3573000e-01
   1.7850000e+03   1.5734000e-01   1.3239000e-01   1.1154000e-01   1.3581000e-01
   1.7900000e+03   1.5783000e-01   1.3302000e-01   1.1197000e-01   1.3619000e-01
   1.7950000e+03   1.5770000e-01   1.3296000e-01   1.1207000e-01   1.3621000e-01
   1.8000000e+03   1.5871000e-01   1.3395000e-01   1.1206000e-01   1.3678000e-01
   1.8050000e+03   1.5850000e-01   1.3359000e-01   1.1215000e-01   1.3672000e-01
   1.8100000e+03   1.5935000e-01   1.3466000e-01   1.1239000e-01   1.3703000e-01
   1.8150000e+03   1.5901000e-01   1.3461000e-01   1.1242000e-01   1.3712000e-01
   1.8200000e+03   1.5992000e-01   1.3527000e-01   1.1272000e-01   1.3734000e-01
   1.8250000e+03   1.5962000e-01   1.3560000e-01   1.1288000e-01   1.3777000e-01
   1.8300000e+03   1.6031000e-01   1.3605000e-01   1.1317000e-01   1.3791000e-01
   1.8350000e+03   1.6026000e-01   1.3603000e-01   1.1317000e-01   1.3844000e-01
   1.8400000e+03   1.6106000e-01   1.3638000e-01   1.1337000e-01   1.3864000e-01
   1.8450000e+03   1.6123000e-01   1.3650000e-01   1.1324000e-01   1.3903000e-01
   1.8500000e+03   1.6172000e-01   1.3654000e-01   1.1319000e-01   1.3897000e-01
   1.8550000e+03   1.6170000e-01   1.3668000e-01   1.1321000e-01   1.3906000e-01
   1.8600000e+03   1.6178000e-01   1.3750000e-01   1.1385000e-01   1.3958000e-01
   1.8650000e+03   1.6285000e-01   1.3762000e-01   1.1394000e-01   1.4029000e-01
   1.8700000e+03   1.6263000e-01   1.3751000e-01   1.1404000e-01   1.4001000e-01
   1.8750000e+03   1.6334000e-01   1.3793000e-01   1.1443000e-01   1.4083000e-01
   1.8800000e+03   1.6355000e-01   1.3817000e-01   1.1470000e-01   1.4151000e-01
   1.8850000e+03   1.6430000e-01   1.3794000e-01   1.1446000e-01   1.4153000e-01
   1.8900000e+03   1.6404000e-01   1.3864000e-01   1.1497000e-01   1.4133000e-01
   1.8950000e+03   1.6477000e-01   1.3945000e-01   1.1546000e-01   1.4202000e-01
   1.9000000e+03   1.6450000e-01   1.3951000e-01   1.1550000e-01   1.4179000e-01
   1.9050000e+03   1.6551000e-01   1.3987000e-01   1.1580000e-01   1.4217000e-01
   1.9100000e+03   1.6553000e-01   1.4020000e-01   1.1624000e-01   1.4266000e-01
   1.9150000e+03   1.6586000e-01   1.4015000e-01   1.1634000e-01   1.4267000e-01
   1.9200000e+03   1.6579000e-01   1.4034000e-01   1.1653000e-01   1.4295000e-01
   1.9250000e+03   1.6646000e-01   1.4039000e-01   1.1652000e-01   1.4338000e-01
   1.9300000e+03   1.6627000e-01   1.4097000e-01   1.1649000e-01   1.4342000e-01
   1.9350000e+03   1.6748000e-01   1.4141000e-01   1.1625000e-01   1.4395000e-01
   1.9400000e+03   1.6734000e-01   1.4173000e-01   1.1639000e-01   1.4403000e-01
   1.9450000e+03   1.6774000e-01   1.4169000e-01   1.1640000e-01   1.4436000e-01
   1.9500000e+03   1.6830000e-01   1.4232000e-01   1.1673000e-01   1.4455000e-01
   1.9550000e+03   1.6821000e-01   1.4262000e-01   1.1694000e-01   1.4478000e-01
   1.9600000e+03   1.6897000e-01   1.4345000e-01   1.1743000e-01   1.4515000e-01
   1.9650000e+03   1.6810000e-01   1.4289000e-01   1.1760000e-01   1.4517000e-01
   1.9700000e+03   1.6935000e-01   1.4366000e-01   1.1813000e-01   1.4543000e-01
   1.9750000e+03   1.6883000e-01   1.4353000e-01   1.1775000e-01   1.4533000e-01
   1.9800000e+03   1.6983000e-01   1.4451000e-01   1.1826000e-01   1.4585000e-01
   1.9850000e+03   1.6950000e-01   1.4406000e-01   1.1827000e-01   1.4602000e-01
   1.9900000e+03   1.7023000e-01   1.4479000e-01   1.1889000e-01   1.4629000e-01
   1.9950000e+03   1.6985000e-01   1.4471000e-01   1.1828000e-01   1.4651000e-01
   2.0000000e+03   1.7073000e-01   1.4528000e-01   1.1854000e-01   1.4671000e-01
   2.0050000e+03   1.7065000e-01   1.4530000e-01   1.1863000e-01   1.4676000e-01
   2.0100000e+03   1.7131000e-01   1.4569000e-01   1.1912000e-01   1.4712000e-01
   2.0150000e+03   1.7142000e-01   1.4584000e-01   1.1891000e-01   1.4743000e-01
   2.0200000e+03   1.7174000e-01   1.4608000e-01   1.1940000e-01   1.4780000e-01
   2.0250000e+03   1.7170000e-01   1.4646000e-01   1.1917000e-01   1.4784000e-01
   2.0300000e+03   1.7217000e-01   1.4666000e-01   1.1952000e-01   1.4828000e-01
   2.0350000e+03   1.7284000e-01   1.4731000e-01   1.1939000e-01   1.4865000e-01
   2.0400000e+03   1.7261000e-01   1.4711000e-01   1.1932000e-01   1.4835000e-01
   2.0450000e+03   1.7310000e-01   1.4769000e-01   1.1977000e-01   1.4867000e-01
   2.0500000e+03   1.7330000e-01   1.4755000e-01   1.1961000e-01   1.4880000e-01
   2.0550000e+03   1.7379000e-01   1.4814000e-01   1.2003000e-01   1.4961000e-01
   2.0600000e+03   1.7411000e-01   1.4832000e-01   1.2015000e-01   1.4956000e-01
   2.0650000e+03   1.7447000e-01   1.4835000e-01   1.2078000e-01   1.4989000e-01
   2.0700000e+03   1.7438000e-01   1.4882000e-01   1.2106000e-01   1.4989000e-01
   2.0750000e+03   1.7503000e-01   1.4886000e-01   1.2138000e-01   1.5021000e-01
   2.0800000e+03   1.7489000e-01   1.4896000e-01   1.2112000e-01   1.5059000e-01
   2.0850000e+03   1.7574000e-01   1.4975000e-01   1.2167000e-01   1.5050000e-01
   2.0900000e+03   1.7562000e-01   1.4972000e-01   1.2177000e-01   1.5126000e-01
   2.0950000e+03   1.7618000e-01   1.5011000e-01   1.2170000e-01   1.5172000e-01
   2.1000000e+03   1.7624000e-01   1.5003000e-01   1.2171000e-01   1.5150000e-01
   2.1050000e+03   1.7625000e-01   1.5005000e-01   1.2179000e-01   1.5169000e-01
   2.1100000e+03   1.7656000e-01   1.5017000e-01   1.2214000e-01   1.5191000e-01
   2.1150000e+03   1.7654000e-01   1.5077000e-01   1.2246000e-01   1.5227000e-01
   2.1200000e+03   1.7717000e-01   1.5141000e-01   1.2240000e-01   1.5260000e-01
   2.1250000e+03   1.7680000e-01   1.5141000e-01   1.2238000e-01   1.5263000e-01
   2.1300000e+03   1.7789000e-01   1.5194000e-01   1.2288000e-01   1.5292000e-01
   2.1350000e+03   1.7705000e-01   1.5166000e-01   1.2241000e-01   1.5275000e-01
   2.1400000e+03   1.7821000e-01   1.5251000e-01   1.2281000e-01   1.5312000e-01
   2.1450000e+03   1.7781000e-01   1.5226000e-01   1.2320000e-01   1.5347000e-01
   2.1500000e+03   1.7876000e-01   1.5318000e-01   1.2379000e-01   1.5376000e-01
   2.1550000e+03   1.7859000e-01   1.5322000e-01   1.2387000e-01   1.5369000e-01
   2.1600000e+03   1.7917000e-01   1.5373000e-01   1.2437000e-01   1.5405000e-01
   2.1650000e+03   1.7846000e-01   1.5367000e-01   1.2411000e-01   1.5406000e-01
   2.1700000e+03   1.7901000e-01   1.5391000e-01   1.2409000e-01   1.5418000e-01
   2.1750000e+03   1.7948000e-01   1.5407000e-01   1.2378000e-01   1.5457000e-01
   2.1800000e+03   1.7975000e-01   1.5445000e-01   1.2442000e-01   1.5485000e-01
   2.1850000e+03   1.8006000e-01   1.5458000e-01   1.2497000e-01   1.5539000e-01
   2.1900000e+03   1.8055000e-01   1.5507000e-01   1.2530000e-01   1.5554000e-01
   2.1950000e+03   1.8134000e-01   1.5557000e-01   1.2563000e-01   1.5564000e-01
   2.2000000e+03   1.8094000e-01   1.5572000e-01   1.2567000e-01   1.5581000e-01
   2.2050000e+03   1.8158000e-01   1.5615000e-01   1.2532000e-01   1.5606000e-01
   2.2100000e+03   1.8120000e-01   1.5612000e-01   1.2582000e-01   1.5623000e-01
   2.2150000e+03   1.8196000e-01   1.5688000e-01   1.2659000e-01   1.5702000e-01
   2.2200000e+03   1.8149000e-01   1.5667000e-01   1.2645000e-01   1.5683000e-01
   2.2250000e+03   1.8256000e-01   1.5775000e-01   1.2704000e-01   1.5804000e-01
   2.2300000e+03   1.8209000e-01   1.5734000e-01   1.2632000e-01   1.5772000e-01
   2.2350000e+03   1.8325000e-01   1.5778000e-01   1.2667000e-01   1.5785000e-01
   2.2400000e+03   1.8293000e-01   1.5789000e-01   1.2711000e-01   1.5812000e-01
   2.2450000e+03   1.8386000e-01   1.5839000e-01   1.2748000e-01   1.5825000e-01
   2.2500000e+03   1.8340000e-01   1.5827000e-01   1.2816000e-01   1.5842000e-01
   2.2550000e+03   1.8449000e-01   1.5881000e-01   1.2858000e-01   1.5878000e-01
   2.2600000e+03   1.8440000e-01   1.5888000e-01   1.2874000e-01   1.5935000e-01
   2.2650000e+03   1.8522000e-01   1.5947000e-01   1.2935000e-01   1.6036000e-01
   2.2700000e+03   1.8598000e-01   1.6033000e-01   1.2971000e-01   1.6053000e-01
   2.2750000e+03   1.8574000e-01   1.6018000e-01   1.2946000e-01   1.6098000e-01
   2.2800000e+03   1.8659000e-01   1.6097000e-01   1.3023000e-01   1.6072000e-01
   2.2850000e+03   1.8607000e-01   1.6085000e-01   1.3003000e-01   1.6091000e-01
   2.2900000e+03   1.8739000e-01   1.6142000e-01   1.3117000e-01   1.6167000e-01
   2.2950000e+03   1.8648000e-01   1.6144000e-01   1.3150000e-01   1.6167000e-01
   2.3000000e+03   1.8747000e-01   1.6234000e-01   1.3214000e-01   1.6230000e-01
   2.3050000e+03   1.8738000e-01   1.6224000e-01   1.3227000e-01   1.6240000e-01
   2.3100000e+03   1.8837000e-01   1.6310000e-01   1.3289000e-01   1.6295000e-01
   2.3150000e+03   1.8768000e-01   1.6292000e-01   1.3210000e-01   1.6283000e-01
   2.3200000e+03   1.8841000e-01   1.6364000e-01   1.3254000e-01   1.6341000e-01
   2.3250000e+03   1.8795000e-01   1.6349000e-01   1.3207000e-01   1.6346000e-01
   2.3300000e+03   1.8849000e-01   1.6366000e-01   1.3354000e-01   1.6347000e-01
   2.3350000e+03   1.8868000e-01   1.6389000e-01   1.3358000e-01   1.6403000e-01
   2.3400000e+03   1.8887000e-01   1.6420000e-01   1.3358000e-01   1.6425000e-01
   2.3450000e+03   1.8920000e-01   1.6450000e-01   1.3411000e-01   1.6464000e-01
   2.3500000e+03   1.8961000e-01   1.6495000e-01   1.3450000e-01   1.6484000e-01
   2.3550000e+03   1.8970000e-01   1.6549000e-01   1.3497000e-01   1.6507000e-01
   2.3600000e+03   1.8983000e-01   1.6542000e-01   1.3477000e-01   1.6533000e-01
   2.3650000e+03   1.9051000e-01   1.6576000e-01   1.3524000e-01   1.6556000e-01
   2.3700000e+03   1.8992000e-01   1.6576000e-01   1.3572000e-01   1.6563000e-01
   2.3750000e+03   1.9088000e-01   1.6664000e-01   1.3633000e-01   1.6574000e-01
   2.3800000e+03   1.9042000e-01   1.6591000e-01   1.3616000e-01   1.6578000e-01
   2.3850000e+03   1.9102000e-01   1.6720000e-01   1.3658000e-01   1.6654000e-01
   2.3900000e+03   1.9134000e-01   1.6719000e-01   1.3670000e-01   1.6671000e-01
   2.3950000e+03   1.9237000e-01   1.6818000e-01   1.3833000e-01   1.6711000e-01
   2.4000000e+03   1.9189000e-01   1.6761000e-01   1.3691000e-01   1.6743000e-01
   2.4050000e+03   1.9280000e-01   1.6888000e-01   1.3816000e-01   1.6818000e-01
   2.4100000e+03   1.9209000e-01   1.6849000e-01   1.3812000e-01   1.6832000e-01
   2.4150000e+03   1.9289000e-01   1.6965000e-01   1.3878000e-01   1.6843000e-01
   2.4200000e+03   1.9293000e-01   1.6926000e-01   1.3871000e-01   1.6872000e-01
   2.4250000e+03   1.9356000e-01   1.6897000e-01   1.3915000e-01   1.6940000e-01
   2.4300000e+03   1.9402000e-01   1.6951000e-01   1.4010000e-01   1.6963000e-01
   2.4350000e+03   1.9330000e-01   1.6980000e-01   1.4009000e-01   1.6959000e-01
   2.4400000e+03   1.9420000e-01   1.7047000e-01   1.4043000e-01   1.7016000e-01
   2.4450000e+03   1.9361000e-01   1.7048000e-01   1.4084000e-01   1.7022000e-01
   2.4500000e+03   1.9457000e-01   1.7152000e-01   1.4193000e-01   1.7059000e-01
   2.4550000e+03   1.9392000e-01   1.7134000e-01   1.4117000e-01   1.7122000e-01
   2.4600000e+03   1.9510000e-01   1.7256000e-01   1.4226000e-01   1.7135000e-01
   2.4650000e+03   1.9508000e-01   1.7301000e-01   1.4256000e-01   1.7212000e-01
   2.4700000e+03   1.9590000e-01   1.7378000e-01   1.4345000e-01   1.7232000e-01
   2.4750000e+03   1.9617000e-01   1.7430000e-01   1.4388000e-01   1.7297000e-01
   2.4800000e+03   1.9476000e-01   1.7454000e-01   1.4407000e-01   1.7346000e-01
   2.4850000e+03   1.9641000e-01   1.7515000e-01   1.4504000e-01   1.7358000e-01
   2.4900000e+03   1.9711000e-01   1.7530000e-01   1.4560000e-01   1.7424000e-01
   2.4950000e+03   1.9719000e-01   1.7589000e-01   1.4592000e-01   1.7428000e-01
   2.5000000e+03   1.9727000e-01   1.7594000e-01   1.4668000e-01   1.7452000e-01
   2.5050000e+03   1.9798000e-01   1.7676000e-01   1.4657000e-01   1.7482000e-01
   2.5100000e+03   1.9775000e-01   1.7702000e-01   1.4711000e-01   1.7511000e-01
   2.5150000e+03   1.9823000e-01   1.7758000e-01   1.4732000e-01   1.7573000e-01
   2.5200000e+03   1.9825000e-01   1.7801000e-01   1.4786000e-01   1.7568000e-01
   2.5250000e+03   1.9912000e-01   1.7870000e-01   1.4845000e-01   1.7628000e-01
   2.5300000e+03   1.9889000e-01   1.7877000e-01   1.4878000e-01   1.7689000e-01
   2.5350000e+03   1.9968000e-01   1.7971000e-01   1.4962000e-01   1.7708000e-01
   2.5400000e+03   2.0021000e-01   1.7985000e-01   1.5004000e-01   1.7821000e-01
   2.5450000e+03   2.0020000e-01   1.7948000e-01   1.4987000e-01   1.7778000e-01
   2.5500000e+03   2.0039000e-01   1.8038000e-01   1.5082000e-01   1.7868000e-01
   2.5550000e+03   2.0147000e-01   1.8140000e-01   1.5177000e-01   1.7918000e-01
   2.5600000e+03   2.0149000e-01   1.8086000e-01   1.5144000e-01   1.7940000e-01
   2.5650000e+03   2.0062000e-01   1.8160000e-01   1.5201000e-01   1.7816000e-01
   2.5700000e+03   2.0104000e-01   1.8185000e-01   1.5233000e-01   1.8011000e-01
   2.5750000e+03   2.0156000e-01   1.8253000e-01   1.5284000e-01   1.7930000e-01
   2.5800000e+03   2.0229000e-01   1.8153000e-01   1.5330000e-01   1.8055000e-01
   2.5850000e+03   2.0107000e-01   1.8388000e-01   1.5424000e-01   1.7961000e-01
   2.5900000e+03   2.0322000e-01   1.8270000e-01   1.5430000e-01   1.8145000e-01
   2.5950000e+03   2.0187000e-01   1.8330000e-01   1.5480000e-01   1.8066000e-01
   2.6000000e+03   2.0450000e-01   1.8390000e-01   1.5530000e-01   1.8354000e-01
