   3.0000000e+02   3.8270000e-02   3.2900000e-02   3.3850000e-02   3.4046000e-02
   3.0500000e+02   3.8499000e-02   3.3067000e-02   3.3532000e-02   3.4202000e-02
   3.1000000e+02   3.7479000e-02   3.2723000e-02   3.4010000e-02   3.3962000e-02
   3.1500000e+02   3.7663000e-02   3.1984000e-02   3.4251000e-02   3.5155000e-02
   3.2000000e+02   3.7831000e-02   3.2048000e-02   3.4631000e-02   3.5942000e-02
   3.2500000e+02   3.8689000e-02   3.2935000e-02   3.5141000e-02   3.5654000e-02
   3.3000000e+02   3.9986000e-02   3.3871000e-02   3.6148000e-02   3.6143000e-02
   3.3500000e+02   4.1342000e-02   3.4893000e-02   3.7212000e-02   3.8234000e-02
   3.4000000e+02   4.2411000e-02   3.5869000e-02   3.8228000e-02   4.0072000e-02
   3.4500000e+02   4.3550000e-02   3.6757000e-02   3.9037000e-02   4.0852000e-02
   3.5000000e+02   4.4564000e-02   3.7516000e-02   3.9646000e-02   4.1455000e-02
   3.5500000e+02   4.5071000e-02   3.7923000e-02   3.9851000e-02   4.0954000e-02
   3.6000000e+02   4.5710000e-02   3.8333000e-02   4.0090000e-02   4.1792000e-02
   3.6500000e+02   4.6498000e-02   3.8827000e-02   4.0407000e-02   4.2121000e-02
   3.7000000e+02   4.7330000e-02   3.9383000e-02   4.0910000e-02   4.2960000e-02
   3.7500000e+02   4.8274000e-02   4.0026000e-02   4.1444000e-02   4.3774000e-02
   3.8000000e+02   4.9345000e-02   4.0788000e-02   4.2132000e-02   4.4426000e-02
   3.8500000e+02   5.0380000e-02   4.1599000e-02   4.2859000e-02   4.5231000e-02
   3.9000000e+02   5.1481000e-02   4.2370000e-02   4.3537000e-02   4.6297000e-02
   3.9500000e+02   5.2566000e-02   4.3106000e-02   4.4199000e-02   4.7375000e-02
   4.0000000e+02   5.3979000e-02   4.3979000e-02   4.5102000e-02   4.7763000e-02
   4.0500000e+02   5.4619000e-02   4.4291000e-02   4.5303000e-02   4.8210000e-02
   4.1000000e+02   5.5232000e-02   4.4741000e-02   4.5719000e-02   4.8738000e-02
   4.1500000e+02   5.6584000e-02   4.5572000e-02   4.6468000e-02   4.9566000e-02
   4.2000000e+02   5.6918000e-02   4.5807000e-02   4.6802000e-02   5.0014000e-02
   4.2500000e+02   5.8598000e-02   4.6857000e-02   4.7595000e-02   5.0822000e-02
   4.3000000e+02   5.8875000e-02   4.7059000e-02   4.7791000e-02   5.1429000e-02
   4.3500000e+02   6.0141000e-02   4.7875000e-02   4.8576000e-02   5.2142000e-02
   4.4000000e+02   6.1324000e-02   4.8543000e-02   4.9170000e-02   5.2857000e-02
   4.4500000e+02   6.1945000e-02   4.8953000e-02   4.9468000e-02   5.3460000e-02
   4.5000000e+02   6.3372000e-02   4.9851000e-02   5.0075000e-02   5.4139000e-02
   4.5500000e+02   6.3601000e-02   4.9991000e-02   5.0264000e-02   5.4638000e-02
   4.6000000e+02   6.5084000e-02   5.0954000e-02   5.0885000e-02   5.5348000e-02
   4.6500000e+02   6.5381000e-02   5.1212000e-02   5.1109000e-02   5.5819000e-02
   4.7000000e+02   6.6589000e-02   5.2050000e-02   5.1689000e-02   5.6451000e-02
   4.7500000e+02   6.7383000e-02   5.2571000e-02   5.2204000e-02   5.7163000e-02
   4.8000000e+02   6.7885000e-02   5.2972000e-02   5.2537000e-02   5.7699000e-02
   4.8500000e+02   6.9721000e-02   5.3997000e-02   5.3448000e-02   5.8387000e-02
   4.9000000e+02   6.9362000e-02   5.3832000e-02   5.3430000e-02   5.8717000e-02
   4.9500000e+02   7.1278000e-02   5.5011000e-02   5.4284000e-02   5.9514000e-02
   5.0000000e+02   7.1178000e-02   5.5104000e-02   5.4405000e-02   5.9960000e-02
   5.0500000e+02   7.2433000e-02   5.5753000e-02   5.5000000e-02   6.0576000e-02
   5.1000000e+02   7.3392000e-02   5.6474000e-02   5.5634000e-02   6.1195000e-02
   5.1500000e+02   7.3776000e-02   5.6925000e-02   5.6080000e-02   6.1723000e-02
   5.2000000e+02   7.5358000e-02   5.7986000e-02   5.6985000e-02   6.2550000e-02
   5.2500000e+02   7.5376000e-02   5.8057000e-02   5.7096000e-02   6.3034000e-02
   5.3000000e+02   7.6757000e-02   5.9105000e-02   5.7744000e-02   6.3782000e-02
   5.3500000e+02   7.7690000e-02   5.9715000e-02   5.8316000e-02   6.4390000e-02
   5.4000000e+02   7.7709000e-02   5.9857000e-02   5.8465000e-02   6.4900000e-02
   5.4500000e+02   7.9536000e-02   6.0928000e-02   5.9301000e-02   6.5383000e-02
   5.5000000e+02   7.9148000e-02   6.0796000e-02   5.9472000e-02   6.5827000e-02
   5.5500000e+02   8.0977000e-02   6.1980000e-02   6.0323000e-02   6.6540000e-02
   5.6000000e+02   8.1087000e-02   6.2102000e-02   6.0597000e-02   6.6934000e-02
   5.6500000e+02   8.1940000e-02   6.2784000e-02   6.1033000e-02   6.7554000e-02
   5.7000000e+02   8.3205000e-02   6.3706000e-02   6.1758000e-02   6.8313000e-02
   5.7500000e+02   8.2953000e-02   6.3632000e-02   6.1826000e-02   6.8504000e-02
   5.8000000e+02   8.4738000e-02   6.4646000e-02   6.2574000e-02   6.9226000e-02
   5.8500000e+02   8.4291000e-02   6.4540000e-02   6.2609000e-02   6.9568000e-02
   5.9000000e+02   8.5636000e-02   6.5513000e-02   6.3065000e-02   7.0127000e-02
   5.9500000e+02   8.6304000e-02   6.5969000e-02   6.3541000e-02   7.0589000e-02
   6.0000000e+02   8.6801000e-02   6.6353000e-02   6.3835000e-02   7.1008000e-02
   6.0500000e+02   8.8183000e-02   6.7146000e-02   6.4622000e-02   7.1653000e-02
   6.1000000e+02   8.8278000e-02   6.7334000e-02   6.4841000e-02   7.2149000e-02
   6.1500000e+02   8.9797000e-02   6.8448000e-02   6.5583000e-02   7.3001000e-02
   6.2000000e+02   8.9587000e-02   6.8541000e-02   6.5742000e-02   7.3447000e-02
   6.2500000e+02   9.1210000e-02   6.9510000e-02   6.6320000e-02   7.4075000e-02
   6.3000000e+02   9.1414000e-02   6.9647000e-02   6.6548000e-02   7.4523000e-02
   6.3500000e+02   9.2296000e-02   7.0337000e-02   6.6903000e-02   7.5195000e-02
   6.4000000e+02   9.3467000e-02   7.1002000e-02   6.7494000e-02   7.5731000e-02
   6.4500000e+02   9.3158000e-02   7.1094000e-02   6.7752000e-02   7.6093000e-02
   6.5000000e+02   9.5059000e-02   7.2259000e-02   6.8361000e-02   7.6735000e-02
   6.5500000e+02   9.4417000e-02   7.2020000e-02   6.8352000e-02   7.7071000e-02
   6.6000000e+02   9.6002000e-02   7.3097000e-02   6.9125000e-02   7.7704000e-02
   6.6500000e+02   9.6583000e-02   7.3576000e-02   6.9469000e-02   7.8033000e-02
   6.7000000e+02   9.6468000e-02   7.3629000e-02   6.9674000e-02   7.8419000e-02
   6.7500000e+02   9.8478000e-02   7.4808000e-02   7.0502000e-02   7.9148000e-02
   6.8000000e+02   9.8198000e-02   7.4653000e-02   7.0726000e-02   7.9580000e-02
   6.8500000e+02   1.0046000e-01   7.5973000e-02   7.1605000e-02   8.0263000e-02
   6.9000000e+02   1.0068000e-01   7.6242000e-02   7.1911000e-02   8.0718000e-02
   6.9500000e+02   1.0103000e-01   7.6452000e-02   7.1973000e-02   8.1130000e-02
   7.0000000e+02   1.0303000e-01   7.7672000e-02   7.2813000e-02   8.2059000e-02
   7.0500000e+02   1.0267000e-01   7.7572000e-02   7.2948000e-02   8.2574000e-02
   7.1000000e+02   1.0510000e-01   7.8821000e-02   7.3554000e-02   8.3382000e-02
   7.1500000e+02   1.0485000e-01   7.8955000e-02   7.3784000e-02   8.3698000e-02
   7.2000000e+02   1.0546000e-01   7.9376000e-02   7.4206000e-02   8.4016000e-02
   7.2500000e+02   1.0641000e-01   8.0078000e-02   7.4259000e-02   8.4640000e-02
   7.3000000e+02   1.0618000e-01   7.9922000e-02   7.4273000e-02   8.4919000e-02
   7.3500000e+02   1.0804000e-01   8.1155000e-02   7.4974000e-02   8.5673000e-02
   7.4000000e+02   1.0760000e-01   8.0921000e-02   7.4908000e-02   8.5855000e-02
   7.4500000e+02   1.0928000e-01   8.1859000e-02   7.5583000e-02   8.6324000e-02
   7.5000000e+02   1.0960000e-01   8.2207000e-02   7.5924000e-02   8.6800000e-02
   7.5500000e+02   1.0984000e-01   8.2433000e-02   7.5869000e-02   8.7338000e-02
   7.6000000e+02   1.1113000e-01   8.3098000e-02   7.6176000e-02   8.7876000e-02
   7.6500000e+02   1.1096000e-01   8.3135000e-02   7.6294000e-02   8.8052000e-02
   7.7000000e+02   1.1258000e-01   8.4070000e-02   7.6824000e-02   8.8636000e-02
   7.7500000e+02   1.1189000e-01   8.3806000e-02   7.6428000e-02   8.8881000e-02
   7.8000000e+02   1.1376000e-01   8.4735000e-02   7.6799000e-02   8.9529000e-02
   7.8500000e+02   1.1302000e-01   8.4283000e-02   7.6577000e-02   8.9576000e-02
   7.9000000e+02   1.1472000e-01   8.5138000e-02   7.6980000e-02   8.9871000e-02
   7.9500000e+02   1.1562000e-01   8.5721000e-02   7.6966000e-02   9.0227000e-02
   8.0000000e+02   1.1452000e-01   8.4960000e-02   7.6510000e-02   9.0388000e-02
   8.0500000e+02   1.1721000e-01   8.6259000e-02   7.7300000e-02   9.0750000e-02
   8.1000000e+02   1.1621000e-01   8.5618000e-02   7.6819000e-02   9.0792000e-02
   8.1500000e+02   1.1750000e-01   8.6098000e-02   7.7213000e-02   9.0922000e-02
   8.2000000e+02   1.1826000e-01   8.6390000e-02   7.6939000e-02   9.1040000e-02
   8.2500000e+02   1.1777000e-01   8.5804000e-02   7.6551000e-02   9.1079000e-02
   8.3000000e+02   1.2026000e-01   8.7122000e-02   7.6877000e-02   9.1638000e-02
   8.3500000e+02   1.1859000e-01   8.6024000e-02   7.6022000e-02   9.1465000e-02
   8.4000000e+02   1.1995000e-01   8.6357000e-02   7.5772000e-02   9.1338000e-02
   8.4500000e+02   1.2064000e-01   8.6851000e-02   7.5797000e-02   9.1779000e-02
   8.5000000e+02   1.2018000e-01   8.6009000e-02   7.5039000e-02   9.1545000e-02
   8.5500000e+02   1.2144000e-01   8.6545000e-02   7.4874000e-02   9.1624000e-02
   8.6000000e+02   1.2141000e-01   8.5594000e-02   7.4270000e-02   9.1436000e-02
   8.6500000e+02   1.2199000e-01   8.6195000e-02   7.4159000e-02   9.1474000e-02
   8.7000000e+02   1.2204000e-01   8.5427000e-02   7.3446000e-02   9.1442000e-02
   8.7500000e+02   1.2306000e-01   8.5750000e-02   7.3656000e-02   9.1310000e-02
   8.8000000e+02   1.2247000e-01   8.5330000e-02   7.3007000e-02   9.1388000e-02
   8.8500000e+02   1.2293000e-01   8.5164000e-02   7.2786000e-02   9.1460000e-02
   8.9000000e+02   1.2365000e-01   8.4857000e-02   7.2399000e-02   9.1185000e-02
   8.9500000e+02   1.2353000e-01   8.4860000e-02   7.2074000e-02   9.1057000e-02
   9.0000000e+02   1.2438000e-01   8.4771000e-02   7.1920000e-02   9.1230000e-02
   9.0500000e+02   1.2451000e-01   8.4546000e-02   7.1612000e-02   9.1075000e-02
   9.1000000e+02   1.2501000e-01   8.4717000e-02   7.1588000e-02   9.1181000e-02
   9.1500000e+02   1.2508000e-01   8.4317000e-02   7.1242000e-02   9.1242000e-02
   9.2000000e+02   1.2549000e-01   8.4225000e-02   7.0734000e-02   9.1409000e-02
   9.2500000e+02   1.2544000e-01   8.4146000e-02   7.0612000e-02   9.1213000e-02
   9.3000000e+02   1.2618000e-01   8.4170000e-02   7.0560000e-02   9.0923000e-02
   9.3500000e+02   1.2658000e-01   8.4177000e-02   7.0359000e-02   9.1230000e-02
   9.4000000e+02   1.2703000e-01   8.4482000e-02   7.0584000e-02   9.1608000e-02
   9.4500000e+02   1.2735000e-01   8.4510000e-02   7.0284000e-02   9.1670000e-02
   9.5000000e+02   1.2794000e-01   8.4722000e-02   7.0238000e-02   9.1852000e-02
   9.5500000e+02   1.2833000e-01   8.4759000e-02   7.0275000e-02   9.1998000e-02
   9.6000000e+02   1.2865000e-01   8.4967000e-02   7.0241000e-02   9.2168000e-02
   9.6500000e+02   1.2921000e-01   8.5238000e-02   7.0591000e-02   9.2543000e-02
   9.7000000e+02   1.3004000e-01   8.5412000e-02   7.0904000e-02   9.2860000e-02
   9.7500000e+02   1.3016000e-01   8.5830000e-02   7.0965000e-02   9.3316000e-02
   9.8000000e+02   1.3088000e-01   8.6372000e-02   7.1264000e-02   9.3629000e-02
   9.8500000e+02   1.3106000e-01   8.6780000e-02   7.1433000e-02   9.3969000e-02
   9.9000000e+02   1.3210000e-01   8.7080000e-02   7.1874000e-02   9.4396000e-02
   9.9500000e+02   1.3276000e-01   8.7733000e-02   7.2359000e-02   9.4807000e-02
   1.0000000e+03   1.3318000e-01   8.8184000e-02   7.2501000e-02   9.5437000e-02
   1.0050000e+03   1.3361000e-01   8.8690000e-02   7.2629000e-02   9.5826000e-02
   1.0100000e+03   1.3424000e-01   8.9254000e-02   7.3392000e-02   9.6497000e-02
   1.0150000e+03   1.3502000e-01   8.9894000e-02   7.3521000e-02   9.6882000e-02
   1.0200000e+03   1.3574000e-01   9.0665000e-02   7.4419000e-02   9.7666000e-02
   1.0250000e+03   1.3676000e-01   9.1360000e-02   7.4807000e-02   9.8138000e-02
   1.0300000e+03   1.3740000e-01   9.2072000e-02   7.5460000e-02   9.8877000e-02
   1.0350000e+03   1.3789000e-01   9.2600000e-02   7.5856000e-02   9.9461000e-02
   1.0400000e+03   1.3853000e-01   9.4022000e-02   7.6777000e-02   1.0048000e-01
   1.0450000e+03   1.3977000e-01   9.4530000e-02   7.7796000e-02   1.0117000e-01
   1.0500000e+03   1.4023000e-01   9.5533000e-02   7.8306000e-02   1.0197000e-01
   1.0550000e+03   1.4117000e-01   9.6184000e-02   7.8882000e-02   1.0232000e-01
   1.0600000e+03   1.4184000e-01   9.7075000e-02   7.9541000e-02   1.0326000e-01
   1.0650000e+03   1.4254000e-01   9.7744000e-02   8.0161000e-02   1.0387000e-01
   1.0700000e+03   1.4336000e-01   9.8797000e-02   8.1005000e-02   1.0465000e-01
   1.0750000e+03   1.4420000e-01   9.9597000e-02   8.1493000e-02   1.0513000e-01
   1.0800000e+03   1.4499000e-01   1.0046000e-01   8.1986000e-02   1.0604000e-01
   1.0850000e+03   1.4569000e-01   1.0136000e-01   8.2982000e-02   1.0671000e-01
   1.0900000e+03   1.4660000e-01   1.0213000e-01   8.3973000e-02   1.0759000e-01
   1.0950000e+03   1.4723000e-01   1.0289000e-01   8.4616000e-02   1.0827000e-01
   1.1000000e+03   1.4799000e-01   1.0368000e-01   8.5256000e-02   1.0911000e-01
   1.1050000e+03   1.4868000e-01   1.0475000e-01   8.6138000e-02   1.0994000e-01
   1.1100000e+03   1.4900000e-01   1.0542000e-01   8.7073000e-02   1.1068000e-01
   1.1150000e+03   1.4992000e-01   1.0631000e-01   8.7576000e-02   1.1130000e-01
   1.1200000e+03   1.5080000e-01   1.0706000e-01   8.8605000e-02   1.1207000e-01
   1.1250000e+03   1.5154000e-01   1.0763000e-01   8.9099000e-02   1.1267000e-01
   1.1300000e+03   1.5214000e-01   1.0877000e-01   8.9864000e-02   1.1334000e-01
   1.1350000e+03   1.5288000e-01   1.0928000e-01   9.0317000e-02   1.1390000e-01
   1.1400000e+03   1.5333000e-01   1.0943000e-01   9.0919000e-02   1.1427000e-01
   1.1450000e+03   1.5392000e-01   1.1020000e-01   9.1211000e-02   1.1499000e-01
   1.1500000e+03   1.5470000e-01   1.1104000e-01   9.2218000e-02   1.1554000e-01
   1.1550000e+03   1.5544000e-01   1.1154000e-01   9.2480000e-02   1.1600000e-01
   1.1600000e+03   1.5626000e-01   1.1231000e-01   9.3009000e-02   1.1666000e-01
   1.1650000e+03   1.5649000e-01   1.1277000e-01   9.3449000e-02   1.1719000e-01
   1.1700000e+03   1.5714000e-01   1.1351000e-01   9.4279000e-02   1.1777000e-01
   1.1750000e+03   1.5765000e-01   1.1392000e-01   9.4379000e-02   1.1828000e-01
   1.1800000e+03   1.5833000e-01   1.1441000e-01   9.4958000e-02   1.1862000e-01
   1.1850000e+03   1.5911000e-01   1.1510000e-01   9.5506000e-02   1.1931000e-01
   1.1900000e+03   1.5944000e-01   1.1572000e-01   9.5863000e-02   1.1993000e-01
   1.1950000e+03   1.6017000e-01   1.1609000e-01   9.6831000e-02   1.2053000e-01
   1.2000000e+03   1.6056000e-01   1.1680000e-01   9.6916000e-02   1.2086000e-01
   1.2050000e+03   1.5956000e-01   1.1706000e-01   9.7444000e-02   1.2098000e-01
   1.2100000e+03   1.6122000e-01   1.1768000e-01   9.7560000e-02   1.2164000e-01
   1.2150000e+03   1.6216000e-01   1.1827000e-01   9.8348000e-02   1.2240000e-01
   1.2200000e+03   1.6294000e-01   1.1889000e-01   9.9091000e-02   1.2282000e-01
   1.2250000e+03   1.6341000e-01   1.1904000e-01   9.9107000e-02   1.2321000e-01
   1.2300000e+03   1.6378000e-01   1.1984000e-01   9.9548000e-02   1.2348000e-01
   1.2350000e+03   1.6460000e-01   1.2045000e-01   9.9698000e-02   1.2420000e-01
   1.2400000e+03   1.6524000e-01   1.2111000e-01   1.0023000e-01   1.2467000e-01
   1.2450000e+03   1.6560000e-01   1.2142000e-01   1.0053000e-01   1.2504000e-01
   1.2500000e+03   1.6644000e-01   1.2193000e-01   1.0093000e-01   1.2557000e-01
   1.2550000e+03   1.6700000e-01   1.2259000e-01   1.0132000e-01   1.2608000e-01
   1.2600000e+03   1.6743000e-01   1.2303000e-01   1.0211000e-01   1.2635000e-01
   1.2650000e+03   1.6817000e-01   1.2355000e-01   1.0231000e-01   1.2725000e-01
   1.2700000e+03   1.6887000e-01   1.2427000e-01   1.0272000e-01   1.2764000e-01
   1.2750000e+03   1.6929000e-01   1.2480000e-01   1.0308000e-01   1.2812000e-01
   1.2800000e+03   1.6992000e-01   1.2531000e-01   1.0373000e-01   1.2838000e-01
   1.2850000e+03   1.7052000e-01   1.2602000e-01   1.0420000e-01   1.2902000e-01
   1.2900000e+03   1.7130000e-01   1.2655000e-01   1.0477000e-01   1.2964000e-01
   1.2950000e+03   1.7199000e-01   1.2700000e-01   1.0493000e-01   1.3002000e-01
   1.3000000e+03   1.7262000e-01   1.2776000e-01   1.0569000e-01   1.3060000e-01
   1.3050000e+03   1.7326000e-01   1.2836000e-01   1.0623000e-01   1.3093000e-01
   1.3100000e+03   1.7385000e-01   1.2870000e-01   1.0667000e-01   1.3181000e-01
   1.3150000e+03   1.7476000e-01   1.2931000e-01   1.0706000e-01   1.3239000e-01
   1.3200000e+03   1.7541000e-01   1.2984000e-01   1.0747000e-01   1.3293000e-01
   1.3250000e+03   1.7592000e-01   1.3073000e-01   1.0813000e-01   1.3347000e-01
   1.3300000e+03   1.7662000e-01   1.3137000e-01   1.0888000e-01   1.3391000e-01
   1.3350000e+03   1.7715000e-01   1.3219000e-01   1.0925000e-01   1.3453000e-01
   1.3400000e+03   1.7792000e-01   1.3264000e-01   1.1022000e-01   1.3506000e-01
   1.3450000e+03   1.7827000e-01   1.3347000e-01   1.1041000e-01   1.3562000e-01
   1.3500000e+03   1.7907000e-01   1.3361000e-01   1.1102000e-01   1.3624000e-01
   1.3550000e+03   1.7879000e-01   1.3404000e-01   1.1067000e-01   1.3661000e-01
   1.3600000e+03   1.7964000e-01   1.3464000e-01   1.1150000e-01   1.3704000e-01
   1.3650000e+03   1.8124000e-01   1.3575000e-01   1.1248000e-01   1.3770000e-01
   1.3700000e+03   1.8121000e-01   1.3607000e-01   1.1296000e-01   1.3813000e-01
   1.3750000e+03   1.8247000e-01   1.3682000e-01   1.1380000e-01   1.3871000e-01
   1.3800000e+03   1.8144000e-01   1.3697000e-01   1.1432000e-01   1.3955000e-01
   1.3850000e+03   1.8411000e-01   1.3855000e-01   1.1475000e-01   1.4020000e-01
   1.3900000e+03   1.8441000e-01   1.3915000e-01   1.1498000e-01   1.4042000e-01
   1.3950000e+03   1.8416000e-01   1.3907000e-01   1.1550000e-01   1.4100000e-01
   1.4000000e+03   1.8443000e-01   1.3922000e-01   1.1577000e-01   1.4178000e-01
   1.4050000e+03   1.8470000e-01   1.4012000e-01   1.1628000e-01   1.4222000e-01
   1.4100000e+03   1.8654000e-01   1.4104000e-01   1.1691000e-01   1.4269000e-01
   1.4150000e+03   1.8636000e-01   1.4154000e-01   1.1798000e-01   1.4337000e-01
   1.4200000e+03   1.8707000e-01   1.4222000e-01   1.1804000e-01   1.4374000e-01
   1.4250000e+03   1.8816000e-01   1.4283000e-01   1.1869000e-01   1.4423000e-01
   1.4300000e+03   1.8850000e-01   1.4376000e-01   1.1963000e-01   1.4497000e-01
   1.4350000e+03   1.8925000e-01   1.4396000e-01   1.1994000e-01   1.4537000e-01
   1.4400000e+03   1.8965000e-01   1.4487000e-01   1.2072000e-01   1.4596000e-01
   1.4450000e+03   1.9007000e-01   1.4528000e-01   1.2107000e-01   1.4638000e-01
   1.4500000e+03   1.9088000e-01   1.4568000e-01   1.2151000e-01   1.4702000e-01
   1.4550000e+03   1.9138000e-01   1.4625000e-01   1.2180000e-01   1.4756000e-01
   1.4600000e+03   1.9208000e-01   1.4665000e-01   1.2246000e-01   1.4829000e-01
   1.4650000e+03   1.9273000e-01   1.4739000e-01   1.2255000e-01   1.4866000e-01
   1.4700000e+03   1.9320000e-01   1.4781000e-01   1.2311000e-01   1.4908000e-01
   1.4750000e+03   1.9344000e-01   1.4813000e-01   1.2350000e-01   1.4939000e-01
   1.4800000e+03   1.9437000e-01   1.4874000e-01   1.2419000e-01   1.5031000e-01
   1.4850000e+03   1.9490000e-01   1.4985000e-01   1.2418000e-01   1.5047000e-01
   1.4900000e+03   1.9534000e-01   1.5001000e-01   1.2472000e-01   1.5109000e-01
   1.4950000e+03   1.9587000e-01   1.5066000e-01   1.2537000e-01   1.5154000e-01
   1.5000000e+03   1.9564000e-01   1.5110000e-01   1.2614000e-01   1.5183000e-01
   1.5050000e+03   1.9631000e-01   1.5163000e-01   1.2595000e-01   1.5237000e-01
   1.5100000e+03   1.9689000e-01   1.5225000e-01   1.2653000e-01   1.5268000e-01
   1.5150000e+03   1.9757000e-01   1.5285000e-01   1.2662000e-01   1.5321000e-01
   1.5200000e+03   1.9799000e-01   1.5281000e-01   1.2725000e-01   1.5377000e-01
   1.5250000e+03   1.9861000e-01   1.5337000e-01   1.2736000e-01   1.5392000e-01
   1.5300000e+03   1.9900000e-01   1.5383000e-01   1.2774000e-01   1.5440000e-01
   1.5350000e+03   1.9989000e-01   1.5428000e-01   1.2797000e-01   1.5482000e-01
   1.5400000e+03   1.9997000e-01   1.5489000e-01   1.2840000e-01   1.5539000e-01
   1.5450000e+03   2.0046000e-01   1.5552000e-01   1.2870000e-01   1.5566000e-01
   1.5500000e+03   2.0140000e-01   1.5564000e-01   1.2928000e-01   1.5610000e-01
   1.5550000e+03   2.0169000e-01   1.5616000e-01   1.2971000e-01   1.5680000e-01
   1.5600000e+03   2.0184000e-01   1.5678000e-01   1.3022000e-01   1.5714000e-01
   1.5650000e+03   2.0288000e-01   1.5723000e-01   1.3016000e-01   1.5767000e-01
   1.5700000e+03   2.0334000e-01   1.5798000e-01   1.3086000e-01   1.5764000e-01
   1.5750000e+03   2.0351000e-01   1.5786000e-01   1.3058000e-01   1.5804000e-01
   1.5800000e+03   2.0381000e-01   1.5808000e-01   1.3096000e-01   1.5855000e-01
   1.5850000e+03   2.0469000e-01   1.5876000e-01   1.3133000e-01   1.5893000e-01
   1.5900000e+03   2.0509000e-01   1.5908000e-01   1.3172000e-01   1.5950000e-01
   1.5950000e+03   2.0518000e-01   1.5911000e-01   1.3162000e-01   1.5978000e-01
   1.6000000e+03   2.0578000e-01   1.6007000e-01   1.3208000e-01   1.5992000e-01
   1.6050000e+03   2.0601000e-01   1.6003000e-01   1.3204000e-01   1.5987000e-01
   1.6100000e+03   2.0677000e-01   1.6055000e-01   1.3239000e-01   1.6019000e-01
   1.6150000e+03   2.0715000e-01   1.6114000e-01   1.3233000e-01   1.6092000e-01
   1.6200000e+03   2.0804000e-01   1.6130000e-01   1.3241000e-01   1.6103000e-01
   1.6250000e+03   2.0793000e-01   1.6133000e-01   1.3259000e-01   1.6123000e-01
   1.6300000e+03   2.0860000e-01   1.6173000e-01   1.3306000e-01   1.6141000e-01
   1.6350000e+03   2.0914000e-01   1.6227000e-01   1.3311000e-01   1.6176000e-01
   1.6400000e+03   2.0960000e-01   1.6255000e-01   1.3340000e-01   1.6224000e-01
   1.6450000e+03   2.0959000e-01   1.6293000e-01   1.3376000e-01   1.6244000e-01
   1.6500000e+03   2.1007000e-01   1.6288000e-01   1.3392000e-01   1.6245000e-01
   1.6550000e+03   2.1122000e-01   1.6335000e-01   1.3404000e-01   1.6285000e-01
   1.6600000e+03   2.1163000e-01   1.6365000e-01   1.3425000e-01   1.6319000e-01
   1.6650000e+03   2.1202000e-01   1.6394000e-01   1.3446000e-01   1.6353000e-01
   1.6700000e+03   2.1306000e-01   1.6466000e-01   1.3532000e-01   1.6435000e-01
   1.6750000e+03   2.1398000e-01   1.6514000e-01   1.3536000e-01   1.6462000e-01
   1.6800000e+03   2.1375000e-01   1.6523000e-01   1.3562000e-01   1.6420000e-01
   1.6850000e+03   2.1502000e-01   1.6603000e-01   1.3553000e-01   1.6496000e-01
   1.6900000e+03   2.1487000e-01   1.6579000e-01   1.3575000e-01   1.6497000e-01
   1.6950000e+03   2.1549000e-01   1.6645000e-01   1.3593000e-01   1.6545000e-01
   1.7000000e+03   2.1522000e-01   1.6620000e-01   1.3588000e-01   1.6538000e-01
   1.7050000e+03   2.1649000e-01   1.6695000e-01   1.3633000e-01   1.6560000e-01
   1.7100000e+03   2.1653000e-01   1.6738000e-01   1.3611000e-01   1.6565000e-01
   1.7150000e+03   2.1772000e-01   1.6801000e-01   1.3674000e-01   1.6648000e-01
   1.7200000e+03   2.1658000e-01   1.6726000e-01   1.3629000e-01   1.6594000e-01
   1.7250000e+03   2.1799000e-01   1.6823000e-01   1.3666000e-01   1.6638000e-01
   1.7300000e+03   2.1774000e-01   1.6848000e-01   1.3657000e-01   1.6684000e-01
   1.7350000e+03   2.1863000e-01   1.6842000e-01   1.3703000e-01   1.6708000e-01
   1.7400000e+03   2.1898000e-01   1.6866000e-01   1.3702000e-01   1.6710000e-01
   1.7450000e+03   2.1867000e-01   1.6883000e-01   1.3710000e-01   1.6723000e-01
   1.7500000e+03   2.1956000e-01   1.6926000e-01   1.3731000e-01   1.6742000e-01
   1.7550000e+03   2.1930000e-01   1.6925000e-01   1.3709000e-01   1.6776000e-01
   1.7600000e+03   2.2090000e-01   1.6962000e-01   1.3760000e-01   1.6805000e-01
   1.7650000e+03   2.1972000e-01   1.6930000e-01   1.3714000e-01   1.6807000e-01
   1.7700000e+03   2.2119000e-01   1.7052000e-01   1.3764000e-01   1.6899000e-01
   1.7750000e+03   2.2076000e-01   1.7004000e-01   1.3737000e-01   1.6872000e-01
   1.7800000e+03   2.2180000e-01   1.7046000e-01   1.3787000e-01   1.6923000e-01
   1.7850000e+03   2.2127000e-01   1.7040000e-01   1.3768000e-01   1.6891000e-01
   1.7900000e+03   2.2213000e-01   1.7086000e-01   1.3772000e-01   1.6920000e-01
   1.7950000e+03   2.2198000e-01   1.7079000e-01   1.3770000e-01   1.6948000e-01
   1.8000000e+03   2.2279000e-01   1.7138000e-01   1.3795000e-01   1.6963000e-01
   1.8050000e+03   2.2278000e-01   1.7124000e-01   1.3813000e-01   1.6954000e-01
   1.8100000e+03   2.2305000e-01   1.7173000e-01   1.3796000e-01   1.7005000e-01
   1.8150000e+03   2.2333000e-01   1.7156000e-01   1.3771000e-01   1.6994000e-01
   1.8200000e+03   2.2353000e-01   1.7177000e-01   1.3760000e-01   1.7036000e-01
   1.8250000e+03   2.2374000e-01   1.7204000e-01   1.3778000e-01   1.7036000e-01
   1.8300000e+03   2.2413000e-01   1.7227000e-01   1.3790000e-01   1.7032000e-01
   1.8350000e+03   2.2486000e-01   1.7267000e-01   1.3819000e-01   1.7083000e-01
   1.8400000e+03   2.2519000e-01   1.7293000e-01   1.3820000e-01   1.7106000e-01
   1.8450000e+03   2.2585000e-01   1.7333000e-01   1.3850000e-01   1.7151000e-01
   1.8500000e+03   2.2636000e-01   1.7363000e-01   1.3875000e-01   1.7143000e-01
   1.8550000e+03   2.2681000e-01   1.7412000e-01   1.3907000e-01   1.7176000e-01
   1.8600000e+03   2.2643000e-01   1.7407000e-01   1.3861000e-01   1.7209000e-01
   1.8650000e+03   2.2681000e-01   1.7453000e-01   1.3906000e-01   1.7240000e-01
   1.8700000e+03   2.2705000e-01   1.7493000e-01   1.3950000e-01   1.7215000e-01
   1.8750000e+03   2.2753000e-01   1.7527000e-01   1.3958000e-01   1.7266000e-01
   1.8800000e+03   2.2778000e-01   1.7530000e-01   1.3935000e-01   1.7277000e-01
   1.8850000e+03   2.2898000e-01   1.7583000e-01   1.4004000e-01   1.7310000e-01
   1.8900000e+03   2.2918000e-01   1.7580000e-01   1.3951000e-01   1.7291000e-01
   1.8950000e+03   2.2960000e-01   1.7588000e-01   1.3934000e-01   1.7345000e-01
   1.9000000e+03   2.3000000e-01   1.7619000e-01   1.3959000e-01   1.7318000e-01
   1.9050000e+03   2.3040000e-01   1.7646000e-01   1.3990000e-01   1.7353000e-01
   1.9100000e+03   2.3055000e-01   1.7666000e-01   1.3982000e-01   1.7369000e-01
   1.9150000e+03   2.3136000e-01   1.7715000e-01   1.4030000e-01   1.7404000e-01
   1.9200000e+03   2.3175000e-01   1.7745000e-01   1.4043000e-01   1.7416000e-01
   1.9250000e+03   2.3189000e-01   1.7792000e-01   1.4062000e-01   1.7484000e-01
   1.9300000e+03   2.3232000e-01   1.7803000e-01   1.4055000e-01   1.7492000e-01
   1.9350000e+03   2.3259000e-01   1.7768000e-01   1.4069000e-01   1.7519000e-01
   1.9400000e+03   2.3292000e-01   1.7842000e-01   1.4093000e-01   1.7546000e-01
   1.9450000e+03   2.3292000e-01   1.7803000e-01   1.4123000e-01   1.7563000e-01
   1.9500000e+03   2.3381000e-01   1.7900000e-01   1.4143000e-01   1.7612000e-01
   1.9550000e+03   2.3308000e-01   1.7856000e-01   1.4105000e-01   1.7609000e-01
   1.9600000e+03   2.3414000e-01   1.7943000e-01   1.4156000e-01   1.7648000e-01
   1.9650000e+03   2.3372000e-01   1.7905000e-01   1.4138000e-01   1.7609000e-01
   1.9700000e+03   2.3444000e-01   1.7986000e-01   1.4184000e-01   1.7658000e-01
   1.9750000e+03   2.3402000e-01   1.7946000e-01   1.4146000e-01   1.7674000e-01
   1.9800000e+03   2.3453000e-01   1.8008000e-01   1.4192000e-01   1.7691000e-01
   1.9850000e+03   2.3450000e-01   1.8016000e-01   1.4215000e-01   1.7748000e-01
   1.9900000e+03   2.3541000e-01   1.8078000e-01   1.4216000e-01   1.7731000e-01
   1.9950000e+03   2.3563000e-01   1.8096000e-01   1.4233000e-01   1.7758000e-01
   2.0000000e+03   2.3586000e-01   1.8139000e-01   1.4261000e-01   1.7804000e-01
   2.0050000e+03   2.3693000e-01   1.8184000e-01   1.4306000e-01   1.7832000e-01
   2.0100000e+03   2.3659000e-01   1.8224000e-01   1.4298000e-01   1.7857000e-01
   2.0150000e+03   2.3736000e-01   1.8231000e-01   1.4340000e-01   1.7898000e-01
   2.0200000e+03   2.3695000e-01   1.8241000e-01   1.4310000e-01   1.7886000e-01
   2.0250000e+03   2.3832000e-01   1.8340000e-01   1.4415000e-01   1.7942000e-01
   2.0300000e+03   2.3759000e-01   1.8352000e-01   1.4397000e-01   1.7944000e-01
   2.0350000e+03   2.3898000e-01   1.8381000e-01   1.4427000e-01   1.7996000e-01
   2.0400000e+03   2.3858000e-01   1.8361000e-01   1.4378000e-01   1.7989000e-01
   2.0450000e+03   2.3964000e-01   1.8435000e-01   1.4461000e-01   1.8077000e-01
   2.0500000e+03   2.3911000e-01   1.8444000e-01   1.4463000e-01   1.8083000e-01
   2.0550000e+03   2.4041000e-01   1.8483000e-01   1.4498000e-01   1.8116000e-01
   2.0600000e+03   2.4021000e-01   1.8517000e-01   1.4476000e-01   1.8133000e-01
   2.0650000e+03   2.4098000e-01   1.8570000e-01   1.4519000e-01   1.8157000e-01
   2.0700000e+03   2.4083000e-01   1.8566000e-01   1.4510000e-01   1.8167000e-01
   2.0750000e+03   2.4142000e-01   1.8630000e-01   1.4558000e-01   1.8193000e-01
   2.0800000e+03   2.4159000e-01   1.8686000e-01   1.4570000e-01   1.8239000e-01
   2.0850000e+03   2.4166000e-01   1.8689000e-01   1.4593000e-01   1.8245000e-01
   2.0900000e+03   2.4279000e-01   1.8766000e-01   1.4652000e-01   1.8302000e-01
   2.0950000e+03   2.4250000e-01   1.8745000e-01   1.4666000e-01   1.8311000e-01
   2.1000000e+03   2.4389000e-01   1.8884000e-01   1.4757000e-01   1.8353000e-01
   2.1050000e+03   2.4346000e-01   1.8820000e-01   1.4769000e-01   1.8361000e-01
   2.1100000e+03   2.4476000e-01   1.8916000e-01   1.4787000e-01   1.8448000e-01
   2.1150000e+03   2.4376000e-01   1.8870000e-01   1.4780000e-01   1.8415000e-01
   2.1200000e+03   2.4501000e-01   1.8989000e-01   1.4828000e-01   1.8500000e-01
   2.1250000e+03   2.4482000e-01   1.8988000e-01   1.4821000e-01   1.8536000e-01
   2.1300000e+03   2.4570000e-01   1.9003000e-01   1.4843000e-01   1.8529000e-01
   2.1350000e+03   2.4526000e-01   1.9046000e-01   1.4875000e-01   1.8595000e-01
   2.1400000e+03   2.4640000e-01   1.9082000e-01   1.4960000e-01   1.8630000e-01
   2.1450000e+03   2.4599000e-01   1.9114000e-01   1.4961000e-01   1.8658000e-01
   2.1500000e+03   2.4674000e-01   1.9145000e-01   1.4989000e-01   1.8663000e-01
   2.1550000e+03   2.4667000e-01   1.9185000e-01   1.5027000e-01   1.8717000e-01
   2.1600000e+03   2.4690000e-01   1.9234000e-01   1.5049000e-01   1.8728000e-01
   2.1650000e+03   2.4717000e-01   1.9272000e-01   1.5055000e-01   1.8770000e-01
   2.1700000e+03   2.4728000e-01   1.9319000e-01   1.5093000e-01   1.8796000e-01
   2.1750000e+03   2.4802000e-01   1.9389000e-01   1.5112000e-01   1.8861000e-01
   2.1800000e+03   2.4809000e-01   1.9384000e-01   1.5152000e-01   1.8895000e-01
   2.1850000e+03   2.4921000e-01   1.9451000e-01   1.5205000e-01   1.8946000e-01
   2.1900000e+03   2.4883000e-01   1.9441000e-01   1.5261000e-01   1.8986000e-01
   2.1950000e+03   2.4990000e-01   1.9591000e-01   1.5304000e-01   1.9014000e-01
   2.2000000e+03   2.4926000e-01   1.9562000e-01   1.5295000e-01   1.9072000e-01
   2.2050000e+03   2.5059000e-01   1.9703000e-01   1.5373000e-01   1.9117000e-01
   2.2100000e+03   2.5082000e-01   1.9692000e-01   1.5394000e-01   1.9178000e-01
   2.2150000e+03   2.5208000e-01   1.9812000e-01   1.5449000e-01   1.9241000e-01
   2.2200000e+03   2.5146000e-01   1.9798000e-01   1.5479000e-01   1.9275000e-01
   2.2250000e+03   2.5284000e-01   1.9869000e-01   1.5546000e-01   1.9327000e-01
   2.2300000e+03   2.5275000e-01   1.9894000e-01   1.5572000e-01   1.9355000e-01
   2.2350000e+03   2.5405000e-01   2.0009000e-01   1.5644000e-01   1.9396000e-01
   2.2400000e+03   2.5367000e-01   2.0014000e-01   1.5666000e-01   1.9436000e-01
   2.2450000e+03   2.5455000e-01   2.0092000e-01   1.5728000e-01   1.9458000e-01
   2.2500000e+03   2.5505000e-01   2.0139000e-01   1.5765000e-01   1.9484000e-01
   2.2550000e+03   2.5548000e-01   2.0219000e-01   1.5798000e-01   1.9533000e-01
   2.2600000e+03   2.5600000e-01   2.0247000e-01   1.5872000e-01   1.9590000e-01
   2.2650000e+03   2.5604000e-01   2.0254000e-01   1.5914000e-01   1.9655000e-01
   2.2700000e+03   2.5761000e-01   2.0353000e-01   1.5980000e-01   1.9738000e-01
   2.2750000e+03   2.5677000e-01   2.0375000e-01   1.6029000e-01   1.9758000e-01
   2.2800000e+03   2.5853000e-01   2.0484000e-01   1.6060000e-01   1.9843000e-01
   2.2850000e+03   2.5780000e-01   2.0498000e-01   1.6072000e-01   1.9862000e-01
   2.2900000e+03   2.5932000e-01   2.0583000e-01   1.6152000e-01   1.9905000e-01
   2.2950000e+03   2.5888000e-01   2.0594000e-01   1.6179000e-01   1.9973000e-01
   2.3000000e+03   2.6028000e-01   2.0720000e-01   1.6331000e-01   2.0012000e-01
   2.3050000e+03   2.5962000e-01   2.0685000e-01   1.6313000e-01   2.0001000e-01
   2.3100000e+03   2.6118000e-01   2.0779000e-01   1.6427000e-01   2.0075000e-01
   2.3150000e+03   2.6005000e-01   2.0796000e-01   1.6395000e-01   2.0080000e-01
   2.3200000e+03   2.6125000e-01   2.0877000e-01   1.6465000e-01   2.0143000e-01
   2.3250000e+03   2.6094000e-01   2.0898000e-01   1.6542000e-01   2.0197000e-01
   2.3300000e+03   2.6116000e-01   2.0960000e-01   1.6573000e-01   2.0237000e-01
   2.3350000e+03   2.6129000e-01   2.1027000e-01   1.6606000e-01   2.0246000e-01
   2.3400000e+03   2.6175000e-01   2.1062000e-01   1.6654000e-01   2.0327000e-01
   2.3450000e+03   2.6219000e-01   2.1143000e-01   1.6711000e-01   2.0402000e-01
   2.3500000e+03   2.6179000e-01   2.1115000e-01   1.6714000e-01   2.0368000e-01
   2.3550000e+03   2.6310000e-01   2.1207000e-01   1.6811000e-01   2.0419000e-01
   2.3600000e+03   2.6217000e-01   2.1205000e-01   1.6791000e-01   2.0424000e-01
   2.3650000e+03   2.6402000e-01   2.1369000e-01   1.6911000e-01   2.0552000e-01
   2.3700000e+03   2.6338000e-01   2.1307000e-01   1.6929000e-01   2.0574000e-01
   2.3750000e+03   2.6467000e-01   2.1419000e-01   1.7009000e-01   2.0630000e-01
   2.3800000e+03   2.6408000e-01   2.1425000e-01   1.7057000e-01   2.0698000e-01
   2.3850000e+03   2.6562000e-01   2.1521000e-01   1.7126000e-01   2.0709000e-01
   2.3900000e+03   2.6490000e-01   2.1518000e-01   1.7161000e-01   2.0791000e-01
   2.3950000e+03   2.6650000e-01   2.1659000e-01   1.7233000e-01   2.0888000e-01
   2.4000000e+03   2.6580000e-01   2.1639000e-01   1.7254000e-01   2.0907000e-01
   2.4050000e+03   2.6707000e-01   2.1775000e-01   1.7330000e-01   2.0982000e-01
   2.4100000e+03   2.6739000e-01   2.1836000e-01   1.7377000e-01   2.1063000e-01
   2.4150000e+03   2.6773000e-01   2.1920000e-01   1.7442000e-01   2.1123000e-01
   2.4200000e+03   2.6785000e-01   2.1928000e-01   1.7504000e-01   2.1128000e-01
   2.4250000e+03   2.6849000e-01   2.2047000e-01   1.7659000e-01   2.1193000e-01
   2.4300000e+03   2.6959000e-01   2.2107000e-01   1.7662000e-01   2.1257000e-01
   2.4350000e+03   2.6845000e-01   2.2038000e-01   1.7646000e-01   2.1222000e-01
   2.4400000e+03   2.7033000e-01   2.2200000e-01   1.7762000e-01   2.1301000e-01
   2.4450000e+03   2.6889000e-01   2.2179000e-01   1.7705000e-01   2.1347000e-01
   2.4500000e+03   2.7098000e-01   2.2289000e-01   1.7838000e-01   2.1401000e-01
   2.4550000e+03   2.7033000e-01   2.2282000e-01   1.7883000e-01   2.1409000e-01
   2.4600000e+03   2.7105000e-01   2.2421000e-01   1.7964000e-01   2.1513000e-01
   2.4650000e+03   2.7019000e-01   2.2412000e-01   1.8022000e-01   2.1484000e-01
   2.4700000e+03   2.7147000e-01   2.2450000e-01   1.8074000e-01   2.1630000e-01
   2.4750000e+03   2.7194000e-01   2.2521000e-01   1.8150000e-01   2.1636000e-01
   2.4800000e+03   2.7278000e-01   2.2582000e-01   1.8327000e-01   2.1656000e-01
   2.4850000e+03   2.7280000e-01   2.2634000e-01   1.8325000e-01   2.1794000e-01
   2.4900000e+03   2.7344000e-01   2.2712000e-01   1.8364000e-01   2.1853000e-01
   2.4950000e+03   2.7277000e-01   2.2734000e-01   1.8375000e-01   2.1879000e-01
   2.5000000e+03   2.7397000e-01   2.2837000e-01   1.8491000e-01   2.1939000e-01
   2.5050000e+03   2.7324000e-01   2.2840000e-01   1.8433000e-01   2.1953000e-01
   2.5100000e+03   2.7404000e-01   2.2950000e-01   1.8543000e-01   2.1983000e-01
   2.5150000e+03   2.7356000e-01   2.2916000e-01   1.8451000e-01   2.2005000e-01
   2.5200000e+03   2.7493000e-01   2.3019000e-01   1.8652000e-01   2.2067000e-01
   2.5250000e+03   2.7440000e-01   2.3067000e-01   1.8662000e-01   2.2126000e-01
   2.5300000e+03   2.7432000e-01   2.3089000e-01   1.8633000e-01   2.2230000e-01
   2.5350000e+03   2.7442000e-01   2.3157000e-01   1.8673000e-01   2.2304000e-01
   2.5400000e+03   2.7560000e-01   2.3269000e-01   1.8816000e-01   2.2431000e-01
   2.5450000e+03   2.7699000e-01   2.3383000e-01   1.8994000e-01   2.2414000e-01
   2.5500000e+03   2.7655000e-01   2.3404000e-01   1.8941000e-01   2.2480000e-01
   2.5550000e+03   2.7586000e-01   2.3366000e-01   1.8927000e-01   2.2475000e-01
   2.5600000e+03   2.7740000e-01   2.3478000e-01   1.9100000e-01   2.2531000e-01
   2.5650000e+03   2.7736000e-01   2.3517000e-01   1.9121000e-01   2.2574000e-01
   2.5700000e+03   2.7748000e-01   2.3557000e-01   1.9141000e-01   2.2614000e-01
   2.5750000e+03   2.7746000e-01   2.3573000e-01   1.9176000e-01   2.2632000e-01
   2.5800000e+03   2.8003000e-01   2.3775000e-01   1.9280000e-01   2.2734000e-01
   2.5850000e+03   2.8090000e-01   2.3860000e-01   1.9231000e-01   2.2780000e-01
   2.5900000e+03   2.8183000e-01   2.3956000e-01   1.9320000e-01   2.2866000e-01
   2.5950000e+03   2.8270000e-01   2.4060000e-01   1.9410000e-01   2.2950000e-01
   2.6000000e+03   2.8360000e-01   2.4160000e-01   1.9500000e-01   2.3019000e-01
