   3.0000000e+02   7.3349000e-02   5.2545000e-02   5.9746000e-02   6.2829000e-02
   3.0500000e+02   7.8808000e-02   5.8293000e-02   6.3818000e-02   6.5583000e-02
   3.1000000e+02   7.9835000e-02   5.7404000e-02   6.3208000e-02   6.7541000e-02
   3.1500000e+02   8.1463000e-02   5.8758000e-02   6.5336000e-02   6.8912000e-02
   3.2000000e+02   8.3928000e-02   6.0084000e-02   6.6242000e-02   7.0066000e-02
   3.2500000e+02   8.6253000e-02   6.0583000e-02   6.7880000e-02   7.1208000e-02
   3.3000000e+02   8.9511000e-02   6.2390000e-02   6.8650000e-02   7.3067000e-02
   3.3500000e+02   9.1600000e-02   6.3768000e-02   7.0115000e-02   7.4960000e-02
   3.4000000e+02   9.4954000e-02   6.6087000e-02   7.1840000e-02   7.7537000e-02
   3.4500000e+02   9.7269000e-02   6.8193000e-02   7.2533000e-02   7.9870000e-02
   3.5000000e+02   1.0081000e-01   7.1004000e-02   7.4303000e-02   8.1135000e-02
   3.5500000e+02   1.0366000e-01   7.2933000e-02   7.6628000e-02   8.4124000e-02
   3.6000000e+02   1.0768000e-01   7.5979000e-02   7.8976000e-02   8.7088000e-02
   3.6500000e+02   1.1068000e-01   7.9047000e-02   8.1391000e-02   8.9935000e-02
   3.7000000e+02   1.1336000e-01   8.1290000e-02   8.3508000e-02   9.2489000e-02
   3.7500000e+02   1.1704000e-01   8.4352000e-02   8.6357000e-02   9.4841000e-02
   3.8000000e+02   1.1923000e-01   8.6084000e-02   8.7851000e-02   9.6965000e-02
   3.8500000e+02   1.2274000e-01   8.8906000e-02   8.9529000e-02   9.9457000e-02
   3.9000000e+02   1.2410000e-01   9.0693000e-02   9.1208000e-02   1.0170000e-01
   3.9500000e+02   1.2637000e-01   9.2743000e-02   9.3307000e-02   1.0394000e-01
   4.0000000e+02   1.2986000e-01   9.4756000e-02   9.5416000e-02   1.0514000e-01
   4.0500000e+02   1.3155000e-01   9.6245000e-02   9.6921000e-02   1.0685000e-01
   4.1000000e+02   1.3404000e-01   9.8178000e-02   9.8049000e-02   1.0863000e-01
   4.1500000e+02   1.3570000e-01   9.9368000e-02   9.9486000e-02   1.1010000e-01
   4.2000000e+02   1.3780000e-01   1.0100000e-01   1.0032000e-01   1.1165000e-01
   4.2500000e+02   1.3908000e-01   1.0205000e-01   1.0127000e-01   1.1293000e-01
   4.3000000e+02   1.4099000e-01   1.0322000e-01   1.0203000e-01   1.1402000e-01
   4.3500000e+02   1.4216000e-01   1.0399000e-01   1.0328000e-01   1.1513000e-01
   4.4000000e+02   1.4394000e-01   1.0521000e-01   1.0458000e-01   1.1635000e-01
   4.4500000e+02   1.4502000e-01   1.0611000e-01   1.0637000e-01   1.1733000e-01
   4.5000000e+02   1.4668000e-01   1.0726000e-01   1.0657000e-01   1.1845000e-01
   4.5500000e+02   1.4785000e-01   1.0801000e-01   1.0706000e-01   1.1925000e-01
   4.6000000e+02   1.4842000e-01   1.0860000e-01   1.0702000e-01   1.2009000e-01
   4.6500000e+02   1.5083000e-01   1.1025000e-01   1.0918000e-01   1.2121000e-01
   4.7000000e+02   1.5080000e-01   1.1038000e-01   1.0899000e-01   1.2181000e-01
   4.7500000e+02   1.5325000e-01   1.1196000e-01   1.1098000e-01   1.2293000e-01
   4.8000000e+02   1.5321000e-01   1.1185000e-01   1.1059000e-01   1.2367000e-01
   4.8500000e+02   1.5540000e-01   1.1358000e-01   1.1214000e-01   1.2466000e-01
   4.9000000e+02   1.5582000e-01   1.1392000e-01   1.1293000e-01   1.2555000e-01
   4.9500000e+02   1.5771000e-01   1.1526000e-01   1.1441000e-01   1.2629000e-01
   5.0000000e+02   1.5810000e-01   1.1563000e-01   1.1491000e-01   1.2714000e-01
   5.0500000e+02   1.5902000e-01   1.1599000e-01   1.1578000e-01   1.2746000e-01
   5.1000000e+02   1.6026000e-01   1.1709000e-01   1.1519000e-01   1.2854000e-01
   5.1500000e+02   1.6151000e-01   1.1856000e-01   1.1712000e-01   1.2982000e-01
   5.2000000e+02   1.6297000e-01   1.1986000e-01   1.1866000e-01   1.3107000e-01
   5.2500000e+02   1.6393000e-01   1.2071000e-01   1.1862000e-01   1.3199000e-01
   5.3000000e+02   1.6530000e-01   1.2177000e-01   1.1968000e-01   1.3321000e-01
   5.3500000e+02   1.6607000e-01   1.2262000e-01   1.2031000e-01   1.3395000e-01
   5.4000000e+02   1.6709000e-01   1.2347000e-01   1.2094000e-01   1.3476000e-01
   5.4500000e+02   1.6791000e-01   1.2410000e-01   1.2221000e-01   1.3540000e-01
   5.5000000e+02   1.6883000e-01   1.2501000e-01   1.2249000e-01   1.3629000e-01
   5.5500000e+02   1.6971000e-01   1.2562000e-01   1.2335000e-01   1.3709000e-01
   5.6000000e+02   1.7120000e-01   1.2671000e-01   1.2399000e-01   1.3810000e-01
   5.6500000e+02   1.7200000e-01   1.2747000e-01   1.2530000e-01   1.3912000e-01
   5.7000000e+02   1.7325000e-01   1.2863000e-01   1.2600000e-01   1.3997000e-01
   5.7500000e+02   1.7397000e-01   1.2911000e-01   1.2627000e-01   1.4064000e-01
   5.8000000e+02   1.7517000e-01   1.2988000e-01   1.2674000e-01   1.4139000e-01
   5.8500000e+02   1.7614000e-01   1.3061000e-01   1.2784000e-01   1.4220000e-01
   5.9000000e+02   1.7696000e-01   1.3137000e-01   1.2884000e-01   1.4312000e-01
   5.9500000e+02   1.7778000e-01   1.3196000e-01   1.2946000e-01   1.4376000e-01
   6.0000000e+02   1.7916000e-01   1.3289000e-01   1.3097000e-01   1.4455000e-01
   6.0500000e+02   1.8040000e-01   1.3379000e-01   1.3068000e-01   1.4542000e-01
   6.1000000e+02   1.8105000e-01   1.3457000e-01   1.3056000e-01   1.4618000e-01
   6.1500000e+02   1.8192000e-01   1.3543000e-01   1.3196000e-01   1.4722000e-01
   6.2000000e+02   1.8303000e-01   1.3630000e-01   1.3265000e-01   1.4811000e-01
   6.2500000e+02   1.8395000e-01   1.3708000e-01   1.3364000e-01   1.4896000e-01
   6.3000000e+02   1.8484000e-01   1.3756000e-01   1.3331000e-01   1.4963000e-01
   6.3500000e+02   1.8559000e-01   1.3846000e-01   1.3462000e-01   1.5047000e-01
   6.4000000e+02   1.8673000e-01   1.3934000e-01   1.3508000e-01   1.5143000e-01
   6.4500000e+02   1.8757000e-01   1.4022000e-01   1.3613000e-01   1.5214000e-01
   6.5000000e+02   1.8860000e-01   1.4090000e-01   1.3674000e-01   1.5286000e-01
   6.5500000e+02   1.8982000e-01   1.4146000e-01   1.3782000e-01   1.5374000e-01
   6.6000000e+02   1.9024000e-01   1.4221000e-01   1.3783000e-01   1.5436000e-01
   6.6500000e+02   1.9242000e-01   1.4360000e-01   1.3940000e-01   1.5520000e-01
   6.7000000e+02   1.9227000e-01   1.4348000e-01   1.3917000e-01   1.5574000e-01
   6.7500000e+02   1.9433000e-01   1.4501000e-01   1.4061000e-01   1.5691000e-01
   6.8000000e+02   1.9475000e-01   1.4538000e-01   1.4113000e-01   1.5776000e-01
   6.8500000e+02   1.9658000e-01   1.4653000e-01   1.4202000e-01   1.5841000e-01
   6.9000000e+02   1.9694000e-01   1.4699000e-01   1.4217000e-01   1.5915000e-01
   6.9500000e+02   1.9842000e-01   1.4808000e-01   1.4251000e-01   1.6011000e-01
   7.0000000e+02   1.9946000e-01   1.4864000e-01   1.4327000e-01   1.6113000e-01
   7.0500000e+02   2.0023000e-01   1.4895000e-01   1.4392000e-01   1.6168000e-01
   7.1000000e+02   2.0158000e-01   1.5032000e-01   1.4509000e-01   1.6252000e-01
   7.1500000e+02   2.0219000e-01   1.5102000e-01   1.4563000e-01   1.6331000e-01
   7.2000000e+02   2.0361000e-01   1.5160000e-01   1.4664000e-01   1.6428000e-01
   7.2500000e+02   2.0295000e-01   1.5173000e-01   1.4676000e-01   1.6496000e-01
   7.3000000e+02   2.0416000e-01   1.5221000e-01   1.4690000e-01   1.6540000e-01
   7.3500000e+02   2.0476000e-01   1.5267000e-01   1.4820000e-01   1.6640000e-01
   7.4000000e+02   2.0635000e-01   1.5341000e-01   1.4664000e-01   1.6726000e-01
   7.4500000e+02   2.0661000e-01   1.5360000e-01   1.4694000e-01   1.6774000e-01
   7.5000000e+02   2.0817000e-01   1.5414000e-01   1.4738000e-01   1.6827000e-01
   7.5500000e+02   2.0869000e-01   1.5457000e-01   1.4769000e-01   1.6919000e-01
   7.6000000e+02   2.0989000e-01   1.5544000e-01   1.4835000e-01   1.6993000e-01
   7.6500000e+02   2.1063000e-01   1.5557000e-01   1.4906000e-01   1.7032000e-01
   7.7000000e+02   2.1148000e-01   1.5568000e-01   1.4811000e-01   1.7070000e-01
   7.7500000e+02   2.1180000e-01   1.5571000e-01   1.4886000e-01   1.7098000e-01
   7.8000000e+02   2.1293000e-01   1.5605000e-01   1.4687000e-01   1.7142000e-01
   7.8500000e+02   2.1338000e-01   1.5566000e-01   1.4793000e-01   1.7152000e-01
   7.9000000e+02   2.1466000e-01   1.5606000e-01   1.4793000e-01   1.7214000e-01
   7.9500000e+02   2.1470000e-01   1.5557000e-01   1.4754000e-01   1.7201000e-01
   8.0000000e+02   2.1617000e-01   1.5599000e-01   1.4590000e-01   1.7221000e-01
   8.0500000e+02   2.1661000e-01   1.5536000e-01   1.4574000e-01   1.7202000e-01
   8.1000000e+02   2.1708000e-01   1.5517000e-01   1.4374000e-01   1.7193000e-01
   8.1500000e+02   2.1703000e-01   1.5419000e-01   1.4299000e-01   1.7136000e-01
   8.2000000e+02   2.1756000e-01   1.5402000e-01   1.4185000e-01   1.7097000e-01
   8.2500000e+02   2.1780000e-01   1.5299000e-01   1.4079000e-01   1.7059000e-01
   8.3000000e+02   2.1837000e-01   1.5240000e-01   1.3994000e-01   1.7031000e-01
   8.3500000e+02   2.1830000e-01   1.5136000e-01   1.3822000e-01   1.6934000e-01
   8.4000000e+02   2.1861000e-01   1.5054000e-01   1.3711000e-01   1.6885000e-01
   8.4500000e+02   2.1923000e-01   1.4918000e-01   1.3560000e-01   1.6748000e-01
   8.5000000e+02   2.1827000e-01   1.4742000e-01   1.3436000e-01   1.6699000e-01
   8.5500000e+02   2.1779000e-01   1.4647000e-01   1.3320000e-01   1.6537000e-01
   8.6000000e+02   2.1809000e-01   1.4538000e-01   1.3272000e-01   1.6391000e-01
   8.6500000e+02   2.2033000e-01   1.4566000e-01   1.3243000e-01   1.6360000e-01
   8.7000000e+02   2.1802000e-01   1.4124000e-01   1.2967000e-01   1.6226000e-01
   8.7500000e+02   2.1848000e-01   1.4073000e-01   1.2783000e-01   1.6102000e-01
   8.8000000e+02   2.1903000e-01   1.4029000e-01   1.2641000e-01   1.6051000e-01
   8.8500000e+02   2.1609000e-01   1.3823000e-01   1.2504000e-01   1.5899000e-01
   8.9000000e+02   2.1701000e-01   1.3600000e-01   1.2261000e-01   1.5800000e-01
   8.9500000e+02   2.1646000e-01   1.3593000e-01   1.2194000e-01   1.5761000e-01
   9.0000000e+02   2.1690000e-01   1.3497000e-01   1.2108000e-01   1.5721000e-01
   9.0500000e+02   2.1753000e-01   1.3411000e-01   1.2107000e-01   1.5677000e-01
   9.1000000e+02   2.1563000e-01   1.3319000e-01   1.1942000e-01   1.5554000e-01
   9.1500000e+02   2.1527000e-01   1.3205000e-01   1.1881000e-01   1.5439000e-01
   9.2000000e+02   2.1706000e-01   1.3203000e-01   1.1778000e-01   1.5391000e-01
   9.2500000e+02   2.1647000e-01   1.3024000e-01   1.1625000e-01   1.5421000e-01
   9.3000000e+02   2.1695000e-01   1.3089000e-01   1.1657000e-01   1.5386000e-01
   9.3500000e+02   2.1674000e-01   1.2979000e-01   1.1507000e-01   1.5372000e-01
   9.4000000e+02   2.1756000e-01   1.2993000e-01   1.1485000e-01   1.5374000e-01
   9.4500000e+02   2.1757000e-01   1.2957000e-01   1.1613000e-01   1.5383000e-01
   9.5000000e+02   2.1672000e-01   1.2952000e-01   1.1484000e-01   1.5350000e-01
   9.5500000e+02   2.1935000e-01   1.3054000e-01   1.1628000e-01   1.5447000e-01
   9.6000000e+02   2.1877000e-01   1.3026000e-01   1.1603000e-01   1.5455000e-01
   9.6500000e+02   2.1998000e-01   1.3043000e-01   1.1605000e-01   1.5519000e-01
   9.7000000e+02   2.2063000e-01   1.3131000e-01   1.1654000e-01   1.5524000e-01
   9.7500000e+02   2.2105000e-01   1.3169000e-01   1.1679000e-01   1.5608000e-01
   9.8000000e+02   2.2256000e-01   1.3252000e-01   1.1624000e-01   1.5732000e-01
   9.8500000e+02   2.2357000e-01   1.3325000e-01   1.1775000e-01   1.5757000e-01
   9.9000000e+02   2.2487000e-01   1.3453000e-01   1.1838000e-01   1.5866000e-01
   9.9500000e+02   2.2518000e-01   1.3530000e-01   1.1911000e-01   1.5984000e-01
   1.0000000e+03   2.2588000e-01   1.3593000e-01   1.1926000e-01   1.6071000e-01
   1.0050000e+03   2.2779000e-01   1.3711000e-01   1.1999000e-01   1.6167000e-01
   1.0100000e+03   2.2866000e-01   1.3824000e-01   1.2137000e-01   1.6273000e-01
   1.0150000e+03   2.3033000e-01   1.4004000e-01   1.2256000e-01   1.6420000e-01
   1.0200000e+03   2.3130000e-01   1.4144000e-01   1.2263000e-01   1.6539000e-01
   1.0250000e+03   2.3243000e-01   1.4230000e-01   1.2396000e-01   1.6641000e-01
   1.0300000e+03   2.3403000e-01   1.4441000e-01   1.2528000e-01   1.6802000e-01
   1.0350000e+03   2.3524000e-01   1.4603000e-01   1.2707000e-01   1.6976000e-01
   1.0400000e+03   2.3655000e-01   1.4706000e-01   1.2835000e-01   1.7123000e-01
   1.0450000e+03   2.3736000e-01   1.4854000e-01   1.2952000e-01   1.7205000e-01
   1.0500000e+03   2.3960000e-01   1.5013000e-01   1.3103000e-01   1.7428000e-01
   1.0550000e+03   2.4080000e-01   1.5172000e-01   1.3261000e-01   1.7528000e-01
   1.0600000e+03   2.4227000e-01   1.5341000e-01   1.3312000e-01   1.7697000e-01
   1.0650000e+03   2.4256000e-01   1.5446000e-01   1.3481000e-01   1.7849000e-01
   1.0700000e+03   2.4434000e-01   1.5620000e-01   1.3641000e-01   1.7979000e-01
   1.0750000e+03   2.4557000e-01   1.5772000e-01   1.3905000e-01   1.8135000e-01
   1.0800000e+03   2.4644000e-01   1.5944000e-01   1.4016000e-01   1.8304000e-01
   1.0850000e+03   2.4774000e-01   1.6123000e-01   1.4195000e-01   1.8418000e-01
   1.0900000e+03   2.4812000e-01   1.6273000e-01   1.4251000e-01   1.8564000e-01
   1.0950000e+03   2.5015000e-01   1.6450000e-01   1.4550000e-01   1.8741000e-01
   1.1000000e+03   2.5035000e-01   1.6525000e-01   1.4656000e-01   1.8863000e-01
   1.1050000e+03   2.5236000e-01   1.6732000e-01   1.4868000e-01   1.9007000e-01
   1.1100000e+03   2.5255000e-01   1.6848000e-01   1.4946000e-01   1.9148000e-01
   1.1150000e+03   2.5333000e-01   1.6986000e-01   1.5095000e-01   1.9256000e-01
   1.1200000e+03   2.5395000e-01   1.7086000e-01   1.5188000e-01   1.9388000e-01
   1.1250000e+03   2.5549000e-01   1.7248000e-01   1.5284000e-01   1.9507000e-01
   1.1300000e+03   2.5560000e-01   1.7328000e-01   1.5382000e-01   1.9602000e-01
   1.1350000e+03   2.5618000e-01   1.7449000e-01   1.5549000e-01   1.9728000e-01
   1.1400000e+03   2.5717000e-01   1.7536000e-01   1.5676000e-01   1.9799000e-01
   1.1450000e+03   2.5821000e-01   1.7586000e-01   1.5784000e-01   1.9880000e-01
   1.1500000e+03   2.5888000e-01   1.7727000e-01   1.5900000e-01   1.9950000e-01
   1.1550000e+03   2.5987000e-01   1.7823000e-01   1.6017000e-01   2.0070000e-01
   1.1600000e+03   2.5973000e-01   1.7871000e-01   1.6001000e-01   2.0082000e-01
   1.1650000e+03   2.6049000e-01   1.7983000e-01   1.6146000e-01   2.0169000e-01
   1.1700000e+03   2.6126000e-01   1.8022000e-01   1.6171000e-01   2.0247000e-01
   1.1750000e+03   2.6190000e-01   1.8112000e-01   1.6281000e-01   2.0326000e-01
   1.1800000e+03   2.6260000e-01   1.8155000e-01   1.6363000e-01   2.0343000e-01
   1.1850000e+03   2.6316000e-01   1.8221000e-01   1.6419000e-01   2.0459000e-01
   1.1900000e+03   2.6357000e-01   1.8279000e-01   1.6458000e-01   2.0525000e-01
   1.1950000e+03   2.6373000e-01   1.8308000e-01   1.6547000e-01   2.0564000e-01
   1.2000000e+03   2.6430000e-01   1.8392000e-01   1.6535000e-01   2.0611000e-01
   1.2050000e+03   2.6392000e-01   1.8397000e-01   1.6587000e-01   2.0637000e-01
   1.2100000e+03   2.6419000e-01   1.8458000e-01   1.6593000e-01   2.0700000e-01
   1.2150000e+03   2.6551000e-01   1.8533000e-01   1.6790000e-01   2.0752000e-01
   1.2200000e+03   2.6599000e-01   1.8618000e-01   1.6871000e-01   2.0800000e-01
   1.2250000e+03   2.6650000e-01   1.8633000e-01   1.6906000e-01   2.0862000e-01
   1.2300000e+03   2.6697000e-01   1.8671000e-01   1.6944000e-01   2.0870000e-01
   1.2350000e+03   2.6720000e-01   1.8701000e-01   1.6998000e-01   2.0957000e-01
   1.2400000e+03   2.6793000e-01   1.8771000e-01   1.7026000e-01   2.0992000e-01
   1.2450000e+03   2.6781000e-01   1.8799000e-01   1.7158000e-01   2.1030000e-01
   1.2500000e+03   2.6863000e-01   1.8845000e-01   1.7036000e-01   2.1063000e-01
   1.2550000e+03   2.6887000e-01   1.8896000e-01   1.7278000e-01   2.1126000e-01
   1.2600000e+03   2.6974000e-01   1.8937000e-01   1.7259000e-01   2.1228000e-01
   1.2650000e+03   2.7062000e-01   1.8993000e-01   1.7321000e-01   2.1260000e-01
   1.2700000e+03   2.7130000e-01   1.9067000e-01   1.7387000e-01   2.1324000e-01
   1.2750000e+03   2.7151000e-01   1.9134000e-01   1.7499000e-01   2.1355000e-01
   1.2800000e+03   2.7251000e-01   1.9205000e-01   1.7502000e-01   2.1414000e-01
   1.2850000e+03   2.7281000e-01   1.9271000e-01   1.7638000e-01   2.1471000e-01
   1.2900000e+03   2.7381000e-01   1.9307000e-01   1.7566000e-01   2.1573000e-01
   1.2950000e+03   2.7443000e-01   1.9337000e-01   1.7736000e-01   2.1635000e-01
   1.3000000e+03   2.7521000e-01   1.9460000e-01   1.7845000e-01   2.1691000e-01
   1.3050000e+03   2.7586000e-01   1.9489000e-01   1.7943000e-01   2.1753000e-01
   1.3100000e+03   2.7723000e-01   1.9621000e-01   1.8015000e-01   2.1856000e-01
   1.3150000e+03   2.7746000e-01   1.9654000e-01   1.8005000e-01   2.1865000e-01
   1.3200000e+03   2.7873000e-01   1.9733000e-01   1.8126000e-01   2.1955000e-01
   1.3250000e+03   2.7893000e-01   1.9793000e-01   1.8322000e-01   2.2039000e-01
   1.3300000e+03   2.7921000e-01   1.9861000e-01   1.8355000e-01   2.2083000e-01
   1.3350000e+03   2.8034000e-01   1.9951000e-01   1.8494000e-01   2.2155000e-01
   1.3400000e+03   2.8092000e-01   2.0006000e-01   1.8554000e-01   2.2237000e-01
   1.3450000e+03   2.8123000e-01   2.0090000e-01   1.8602000e-01   2.2297000e-01
   1.3500000e+03   2.8140000e-01   2.0115000e-01   1.8607000e-01   2.2363000e-01
   1.3550000e+03   2.8219000e-01   2.0185000e-01   1.8687000e-01   2.2418000e-01
   1.3600000e+03   2.8274000e-01   2.0245000e-01   1.8756000e-01   2.2482000e-01
   1.3650000e+03   2.8379000e-01   2.0318000e-01   1.8874000e-01   2.2523000e-01
   1.3700000e+03   2.8457000e-01   2.0386000e-01   1.8960000e-01   2.2625000e-01
   1.3750000e+03   2.8600000e-01   2.0489000e-01   1.9085000e-01   2.2703000e-01
   1.3800000e+03   2.8669000e-01   2.0546000e-01   1.9147000e-01   2.2795000e-01
   1.3850000e+03   2.8729000e-01   2.0625000e-01   1.9216000e-01   2.2823000e-01
   1.3900000e+03   2.8744000e-01   2.0681000e-01   1.9222000e-01   2.2861000e-01
   1.3950000e+03   2.8805000e-01   2.0747000e-01   1.9280000e-01   2.2953000e-01
   1.4000000e+03   2.8807000e-01   2.0771000e-01   1.9286000e-01   2.2994000e-01
   1.4050000e+03   2.8841000e-01   2.0827000e-01   1.9339000e-01   2.3115000e-01
   1.4100000e+03   2.8931000e-01   2.0889000e-01   1.9413000e-01   2.3138000e-01
   1.4150000e+03   2.9052000e-01   2.0968000e-01   1.9518000e-01   2.3160000e-01
   1.4200000e+03   2.9080000e-01   2.0994000e-01   1.9587000e-01   2.3261000e-01
   1.4250000e+03   2.9298000e-01   2.1137000e-01   1.9679000e-01   2.3301000e-01
   1.4300000e+03   2.9299000e-01   2.1156000e-01   1.9754000e-01   2.3392000e-01
   1.4350000e+03   2.9440000e-01   2.1257000e-01   1.9842000e-01   2.3482000e-01
   1.4400000e+03   2.9469000e-01   2.1304000e-01   1.9901000e-01   2.3480000e-01
   1.4450000e+03   2.9467000e-01   2.1392000e-01   1.9989000e-01   2.3574000e-01
   1.4500000e+03   2.9601000e-01   2.1499000e-01   2.0063000e-01   2.3686000e-01
   1.4550000e+03   2.9683000e-01   2.1525000e-01   2.0127000e-01   2.3739000e-01
   1.4600000e+03   2.9764000e-01   2.1630000e-01   2.0172000e-01   2.3812000e-01
   1.4650000e+03   2.9728000e-01   2.1610000e-01   2.0253000e-01   2.3824000e-01
   1.4700000e+03   2.9820000e-01   2.1670000e-01   2.0299000e-01   2.3940000e-01
   1.4750000e+03   2.9967000e-01   2.1742000e-01   2.0347000e-01   2.3950000e-01
   1.4800000e+03   3.0027000e-01   2.1786000e-01   2.0392000e-01   2.3976000e-01
   1.4850000e+03   3.0027000e-01   2.1831000e-01   2.0455000e-01   2.4026000e-01
   1.4900000e+03   3.0087000e-01   2.1906000e-01   2.0491000e-01   2.4086000e-01
   1.4950000e+03   3.0104000e-01   2.1920000e-01   2.0551000e-01   2.4142000e-01
   1.5000000e+03   3.0219000e-01   2.1964000e-01   2.0587000e-01   2.4193000e-01
   1.5050000e+03   3.0235000e-01   2.2002000e-01   2.0659000e-01   2.4242000e-01
   1.5100000e+03   3.0292000e-01   2.2039000e-01   2.0691000e-01   2.4260000e-01
   1.5150000e+03   3.0331000e-01   2.2041000e-01   2.0737000e-01   2.4281000e-01
   1.5200000e+03   3.0406000e-01   2.2168000e-01   2.0778000e-01   2.4385000e-01
   1.5250000e+03   3.0499000e-01   2.2169000e-01   2.0819000e-01   2.4358000e-01
   1.5300000e+03   3.0495000e-01   2.2196000e-01   2.0858000e-01   2.4407000e-01
   1.5350000e+03   3.0523000e-01   2.2201000e-01   2.0884000e-01   2.4457000e-01
   1.5400000e+03   3.0578000e-01   2.2257000e-01   2.0873000e-01   2.4507000e-01
   1.5450000e+03   3.0579000e-01   2.2254000e-01   2.0856000e-01   2.4531000e-01
   1.5500000e+03   3.0619000e-01   2.2329000e-01   2.0865000e-01   2.4547000e-01
   1.5550000e+03   3.0688000e-01   2.2312000e-01   2.0877000e-01   2.4584000e-01
   1.5600000e+03   3.0797000e-01   2.2397000e-01   2.0883000e-01   2.4612000e-01
   1.5650000e+03   3.0861000e-01   2.2433000e-01   2.0923000e-01   2.4633000e-01
   1.5700000e+03   3.0922000e-01   2.2536000e-01   2.0957000e-01   2.4703000e-01
   1.5750000e+03   3.0874000e-01   2.2470000e-01   2.0992000e-01   2.4680000e-01
   1.5800000e+03   3.0939000e-01   2.2491000e-01   2.1003000e-01   2.4694000e-01
   1.5850000e+03   3.0974000e-01   2.2552000e-01   2.1022000e-01   2.4782000e-01
   1.5900000e+03   3.1010000e-01   2.2541000e-01   2.1040000e-01   2.4775000e-01
   1.5950000e+03   3.1048000e-01   2.2551000e-01   2.1063000e-01   2.4828000e-01
   1.6000000e+03   3.1047000e-01   2.2549000e-01   2.1060000e-01   2.4781000e-01
   1.6050000e+03   3.1176000e-01   2.2589000e-01   2.1082000e-01   2.4847000e-01
   1.6100000e+03   3.1115000e-01   2.2580000e-01   2.1080000e-01   2.4826000e-01
   1.6150000e+03   3.1247000e-01   2.2594000e-01   2.1066000e-01   2.4930000e-01
   1.6200000e+03   3.1231000e-01   2.2602000e-01   2.1037000e-01   2.4858000e-01
   1.6250000e+03   3.1322000e-01   2.2672000e-01   2.1022000e-01   2.4896000e-01
   1.6300000e+03   3.1301000e-01   2.2575000e-01   2.0986000e-01   2.4842000e-01
   1.6350000e+03   3.1329000e-01   2.2644000e-01   2.0987000e-01   2.4864000e-01
   1.6400000e+03   3.1398000e-01   2.2637000e-01   2.1001000e-01   2.4921000e-01
   1.6450000e+03   3.1446000e-01   2.2629000e-01   2.1017000e-01   2.4920000e-01
   1.6500000e+03   3.1462000e-01   2.2613000e-01   2.0991000e-01   2.4947000e-01
   1.6550000e+03   3.1480000e-01   2.2625000e-01   2.0980000e-01   2.4964000e-01
   1.6600000e+03   3.1530000e-01   2.2600000e-01   2.0969000e-01   2.4939000e-01
   1.6650000e+03   3.1578000e-01   2.2574000e-01   2.0958000e-01   2.4912000e-01
   1.6700000e+03   3.1658000e-01   2.2583000e-01   2.0959000e-01   2.4919000e-01
   1.6750000e+03   3.1676000e-01   2.2583000e-01   2.0987000e-01   2.4952000e-01
   1.6800000e+03   3.1776000e-01   2.2604000e-01   2.0949000e-01   2.4996000e-01
   1.6850000e+03   3.1739000e-01   2.2570000e-01   2.0886000e-01   2.4969000e-01
   1.6900000e+03   3.1839000e-01   2.2670000e-01   2.0893000e-01   2.4983000e-01
   1.6950000e+03   3.1824000e-01   2.2617000e-01   2.0839000e-01   2.4986000e-01
   1.7000000e+03   3.1901000e-01   2.2650000e-01   2.0861000e-01   2.5014000e-01
   1.7050000e+03   3.1912000e-01   2.2626000e-01   2.0869000e-01   2.5028000e-01
   1.7100000e+03   3.2009000e-01   2.2643000e-01   2.0880000e-01   2.5012000e-01
   1.7150000e+03   3.1980000e-01   2.2604000e-01   2.0817000e-01   2.5023000e-01
   1.7200000e+03   3.2076000e-01   2.2680000e-01   2.0831000e-01   2.5033000e-01
   1.7250000e+03   3.2050000e-01   2.2648000e-01   2.0796000e-01   2.5047000e-01
   1.7300000e+03   3.2099000e-01   2.2653000e-01   2.0820000e-01   2.5059000e-01
   1.7350000e+03   3.2096000e-01   2.2632000e-01   2.0775000e-01   2.5021000e-01
   1.7400000e+03   3.2143000e-01   2.2658000e-01   2.0741000e-01   2.5021000e-01
   1.7450000e+03   3.2134000e-01   2.2637000e-01   2.0750000e-01   2.4989000e-01
   1.7500000e+03   3.2200000e-01   2.2653000e-01   2.0724000e-01   2.5021000e-01
   1.7550000e+03   3.2282000e-01   2.2654000e-01   2.0766000e-01   2.5072000e-01
   1.7600000e+03   3.2297000e-01   2.2652000e-01   2.0686000e-01   2.5071000e-01
   1.7650000e+03   3.2330000e-01   2.2623000e-01   2.0663000e-01   2.5058000e-01
   1.7700000e+03   3.2373000e-01   2.2646000e-01   2.0650000e-01   2.5069000e-01
   1.7750000e+03   3.2399000e-01   2.2654000e-01   2.0639000e-01   2.5091000e-01
   1.7800000e+03   3.2397000e-01   2.2613000e-01   2.0587000e-01   2.5045000e-01
   1.7850000e+03   3.2451000e-01   2.2642000e-01   2.0584000e-01   2.5074000e-01
   1.7900000e+03   3.2458000e-01   2.2646000e-01   2.0547000e-01   2.5067000e-01
   1.7950000e+03   3.2512000e-01   2.2664000e-01   2.0559000e-01   2.5095000e-01
   1.8000000e+03   3.2497000e-01   2.2618000e-01   2.0508000e-01   2.5124000e-01
   1.8050000e+03   3.2627000e-01   2.2666000e-01   2.0528000e-01   2.5105000e-01
   1.8100000e+03   3.2619000e-01   2.2632000e-01   2.0483000e-01   2.5112000e-01
   1.8150000e+03   3.2627000e-01   2.2632000e-01   2.0469000e-01   2.5084000e-01
   1.8200000e+03   3.2613000e-01   2.2625000e-01   2.0445000e-01   2.5107000e-01
   1.8250000e+03   3.2620000e-01   2.2621000e-01   2.0417000e-01   2.5084000e-01
   1.8300000e+03   3.2631000e-01   2.2615000e-01   2.0377000e-01   2.5091000e-01
   1.8350000e+03   3.2742000e-01   2.2665000e-01   2.0382000e-01   2.5131000e-01
   1.8400000e+03   3.2761000e-01   2.2664000e-01   2.0337000e-01   2.5064000e-01
   1.8450000e+03   3.2847000e-01   2.2696000e-01   2.0319000e-01   2.5152000e-01
   1.8500000e+03   3.2877000e-01   2.2715000e-01   2.0304000e-01   2.5130000e-01
   1.8550000e+03   3.2927000e-01   2.2758000e-01   2.0312000e-01   2.5156000e-01
   1.8600000e+03   3.2991000e-01   2.2688000e-01   2.0218000e-01   2.5119000e-01
   1.8650000e+03   3.3053000e-01   2.2724000e-01   2.0248000e-01   2.5205000e-01
   1.8700000e+03   3.3095000e-01   2.2773000e-01   2.0283000e-01   2.5204000e-01
   1.8750000e+03   3.3188000e-01   2.2777000e-01   2.0267000e-01   2.5104000e-01
   1.8800000e+03   3.3229000e-01   2.2760000e-01   2.0238000e-01   2.5199000e-01
   1.8850000e+03   3.3232000e-01   2.2842000e-01   2.0304000e-01   2.5211000e-01
   1.8900000e+03   3.3247000e-01   2.2807000e-01   2.0228000e-01   2.5208000e-01
   1.8950000e+03   3.3262000e-01   2.2766000e-01   2.0167000e-01   2.5184000e-01
   1.9000000e+03   3.3245000e-01   2.2809000e-01   2.0185000e-01   2.5232000e-01
   1.9050000e+03   3.3241000e-01   2.2818000e-01   2.0174000e-01   2.5226000e-01
   1.9100000e+03   3.3280000e-01   2.2815000e-01   2.0153000e-01   2.5259000e-01
   1.9150000e+03   3.3245000e-01   2.2800000e-01   2.0130000e-01   2.5230000e-01
   1.9200000e+03   3.3386000e-01   2.2854000e-01   2.0168000e-01   2.5304000e-01
   1.9250000e+03   3.3596000e-01   2.2950000e-01   2.0319000e-01   2.5282000e-01
   1.9300000e+03   3.3527000e-01   2.2907000e-01   2.0168000e-01   2.5273000e-01
   1.9350000e+03   3.3541000e-01   2.2900000e-01   2.0181000e-01   2.5293000e-01
   1.9400000e+03   3.3587000e-01   2.2894000e-01   2.0202000e-01   2.5318000e-01
   1.9450000e+03   3.3669000e-01   2.2948000e-01   2.0234000e-01   2.5308000e-01
   1.9500000e+03   3.3676000e-01   2.2975000e-01   2.0181000e-01   2.5339000e-01
   1.9550000e+03   3.3656000e-01   2.2962000e-01   2.0162000e-01   2.5392000e-01
   1.9600000e+03   3.3777000e-01   2.3039000e-01   2.0166000e-01   2.5414000e-01
   1.9650000e+03   3.3761000e-01   2.3005000e-01   2.0120000e-01   2.5414000e-01
   1.9700000e+03   3.3777000e-01   2.3019000e-01   2.0081000e-01   2.5402000e-01
   1.9750000e+03   3.3760000e-01   2.3040000e-01   2.0059000e-01   2.5457000e-01
   1.9800000e+03   3.3854000e-01   2.3078000e-01   2.0106000e-01   2.5515000e-01
   1.9850000e+03   3.3865000e-01   2.3105000e-01   2.0033000e-01   2.5495000e-01
   1.9900000e+03   3.3965000e-01   2.3130000e-01   2.0020000e-01   2.5522000e-01
   1.9950000e+03   3.3950000e-01   2.3163000e-01   1.9993000e-01   2.5549000e-01
   2.0000000e+03   3.4007000e-01   2.3180000e-01   2.0015000e-01   2.5561000e-01
   2.0050000e+03   3.4069000e-01   2.3209000e-01   2.0018000e-01   2.5602000e-01
   2.0100000e+03   3.4112000e-01   2.3242000e-01   2.0068000e-01   2.5642000e-01
   2.0150000e+03   3.4156000e-01   2.3284000e-01   2.0034000e-01   2.5647000e-01
   2.0200000e+03   3.4218000e-01   2.3303000e-01   2.0039000e-01   2.5681000e-01
   2.0250000e+03   3.4271000e-01   2.3366000e-01   2.0039000e-01   2.5716000e-01
   2.0300000e+03   3.4227000e-01   2.3357000e-01   1.9999000e-01   2.5736000e-01
   2.0350000e+03   3.4335000e-01   2.3430000e-01   2.0056000e-01   2.5782000e-01
   2.0400000e+03   3.4337000e-01   2.3440000e-01   2.0034000e-01   2.5785000e-01
   2.0450000e+03   3.4427000e-01   2.3499000e-01   2.0103000e-01   2.5835000e-01
   2.0500000e+03   3.4389000e-01   2.3488000e-01   2.0103000e-01   2.5813000e-01
   2.0550000e+03   3.4462000e-01   2.3520000e-01   2.0080000e-01   2.5871000e-01
   2.0600000e+03   3.4476000e-01   2.3512000e-01   2.0122000e-01   2.5910000e-01
   2.0650000e+03   3.4542000e-01   2.3583000e-01   2.0066000e-01   2.5955000e-01
   2.0700000e+03   3.4545000e-01   2.3590000e-01   2.0142000e-01   2.5971000e-01
   2.0750000e+03   3.4620000e-01   2.3688000e-01   2.0171000e-01   2.6031000e-01
   2.0800000e+03   3.4647000e-01   2.3702000e-01   2.0170000e-01   2.6063000e-01
   2.0850000e+03   3.4748000e-01   2.3778000e-01   2.0236000e-01   2.6113000e-01
   2.0900000e+03   3.4748000e-01   2.3755000e-01   2.0206000e-01   2.6115000e-01
   2.0950000e+03   3.4834000e-01   2.3820000e-01   2.0257000e-01   2.6156000e-01
   2.1000000e+03   3.4902000e-01   2.3860000e-01   2.0341000e-01   2.6174000e-01
   2.1050000e+03   3.5000000e-01   2.3934000e-01   2.0324000e-01   2.6235000e-01
   2.1100000e+03   3.5008000e-01   2.3963000e-01   2.0281000e-01   2.6309000e-01
   2.1150000e+03   3.5077000e-01   2.4062000e-01   2.0319000e-01   2.6329000e-01
   2.1200000e+03   3.5079000e-01   2.4075000e-01   2.0353000e-01   2.6371000e-01
   2.1250000e+03   3.5116000e-01   2.4116000e-01   2.0403000e-01   2.6410000e-01
   2.1300000e+03   3.5178000e-01   2.4157000e-01   2.0432000e-01   2.6468000e-01
   2.1350000e+03   3.5274000e-01   2.4179000e-01   2.0479000e-01   2.6527000e-01
   2.1400000e+03   3.5300000e-01   2.4234000e-01   2.0476000e-01   2.6526000e-01
   2.1450000e+03   3.5302000e-01   2.4268000e-01   2.0563000e-01   2.6573000e-01
   2.1500000e+03   3.5408000e-01   2.4346000e-01   2.0560000e-01   2.6626000e-01
   2.1550000e+03   3.5439000e-01   2.4417000e-01   2.0550000e-01   2.6677000e-01
   2.1600000e+03   3.5465000e-01   2.4457000e-01   2.0586000e-01   2.6771000e-01
   2.1650000e+03   3.5439000e-01   2.4484000e-01   2.0566000e-01   2.6765000e-01
   2.1700000e+03   3.5498000e-01   2.4570000e-01   2.0596000e-01   2.6838000e-01
   2.1750000e+03   3.5540000e-01   2.4584000e-01   2.0658000e-01   2.6873000e-01
   2.1800000e+03   3.5582000e-01   2.4618000e-01   2.0704000e-01   2.6929000e-01
   2.1850000e+03   3.5664000e-01   2.4674000e-01   2.0795000e-01   2.6965000e-01
   2.1900000e+03   3.5782000e-01   2.4740000e-01   2.0804000e-01   2.7050000e-01
   2.1950000e+03   3.5705000e-01   2.4787000e-01   2.0769000e-01   2.7097000e-01
   2.2000000e+03   3.5845000e-01   2.4876000e-01   2.0869000e-01   2.7161000e-01
   2.2050000e+03   3.5856000e-01   2.4888000e-01   2.0825000e-01   2.7201000e-01
   2.2100000e+03   3.5965000e-01   2.4996000e-01   2.0949000e-01   2.7257000e-01
   2.2150000e+03   3.5993000e-01   2.5008000e-01   2.1008000e-01   2.7294000e-01
   2.2200000e+03   3.6110000e-01   2.5082000e-01   2.1048000e-01   2.7359000e-01
   2.2250000e+03   3.6144000e-01   2.5161000e-01   2.1068000e-01   2.7440000e-01
   2.2300000e+03   3.6152000e-01   2.5203000e-01   2.1123000e-01   2.7435000e-01
   2.2350000e+03   3.6152000e-01   2.5234000e-01   2.1184000e-01   2.7567000e-01
   2.2400000e+03   3.6272000e-01   2.5297000e-01   2.1182000e-01   2.7585000e-01
   2.2450000e+03   3.6304000e-01   2.5341000e-01   2.1185000e-01   2.7635000e-01
   2.2500000e+03   3.6372000e-01   2.5407000e-01   2.1266000e-01   2.7721000e-01
   2.2550000e+03   3.6479000e-01   2.5511000e-01   2.1332000e-01   2.7795000e-01
   2.2600000e+03   3.6517000e-01   2.5602000e-01   2.1400000e-01   2.7845000e-01
   2.2650000e+03   3.6591000e-01   2.5677000e-01   2.1490000e-01   2.7930000e-01
   2.2700000e+03   3.6645000e-01   2.5745000e-01   2.1549000e-01   2.8012000e-01
   2.2750000e+03   3.6733000e-01   2.5787000e-01   2.1593000e-01   2.8048000e-01
   2.2800000e+03   3.6817000e-01   2.5850000e-01   2.1680000e-01   2.8144000e-01
   2.2850000e+03   3.6925000e-01   2.5959000e-01   2.1718000e-01   2.8233000e-01
   2.2900000e+03   3.6887000e-01   2.5995000e-01   2.1749000e-01   2.8284000e-01
   2.2950000e+03   3.7027000e-01   2.6097000e-01   2.1879000e-01   2.8365000e-01
   2.3000000e+03   3.7022000e-01   2.6176000e-01   2.1967000e-01   2.8477000e-01
   2.3050000e+03   3.7128000e-01   2.6210000e-01   2.2074000e-01   2.8549000e-01
   2.3100000e+03   3.7155000e-01   2.6285000e-01   2.2088000e-01   2.8584000e-01
   2.3150000e+03   3.7164000e-01   2.6354000e-01   2.2237000e-01   2.8627000e-01
   2.3200000e+03   3.7168000e-01   2.6342000e-01   2.2197000e-01   2.8638000e-01
   2.3250000e+03   3.7284000e-01   2.6432000e-01   2.2243000e-01   2.8675000e-01
   2.3300000e+03   3.7278000e-01   2.6479000e-01   2.2338000e-01   2.8752000e-01
   2.3350000e+03   3.7362000e-01   2.6588000e-01   2.2337000e-01   2.8818000e-01
   2.3400000e+03   3.7382000e-01   2.6640000e-01   2.2361000e-01   2.8862000e-01
   2.3450000e+03   3.7461000e-01   2.6738000e-01   2.2418000e-01   2.8982000e-01
   2.3500000e+03   3.7420000e-01   2.6749000e-01   2.2485000e-01   2.8962000e-01
   2.3550000e+03   3.7565000e-01   2.6806000e-01   2.2554000e-01   2.9045000e-01
   2.3600000e+03   3.7617000e-01   2.6828000e-01   2.2624000e-01   2.9138000e-01
   2.3650000e+03   3.7642000e-01   2.6894000e-01   2.2667000e-01   2.9190000e-01
   2.3700000e+03   3.7665000e-01   2.6992000e-01   2.2748000e-01   2.9215000e-01
   2.3750000e+03   3.7703000e-01   2.7036000e-01   2.2801000e-01   2.9319000e-01
   2.3800000e+03   3.7689000e-01   2.7064000e-01   2.2781000e-01   2.9355000e-01
   2.3850000e+03   3.7865000e-01   2.7215000e-01   2.2905000e-01   2.9458000e-01
   2.3900000e+03   3.7906000e-01   2.7288000e-01   2.3057000e-01   2.9580000e-01
   2.3950000e+03   3.7996000e-01   2.7363000e-01   2.3152000e-01   2.9626000e-01
   2.4000000e+03   3.8057000e-01   2.7467000e-01   2.3162000e-01   2.9725000e-01
   2.4050000e+03   3.8094000e-01   2.7513000e-01   2.3241000e-01   2.9756000e-01
   2.4100000e+03   3.8167000e-01   2.7591000e-01   2.3248000e-01   2.9789000e-01
   2.4150000e+03   3.8140000e-01   2.7668000e-01   2.3247000e-01   2.9936000e-01
   2.4200000e+03   3.8279000e-01   2.7749000e-01   2.3363000e-01   2.9981000e-01
   2.4250000e+03   3.8451000e-01   2.7870000e-01   2.3535000e-01   3.0083000e-01
   2.4300000e+03   3.8605000e-01   2.8017000e-01   2.3585000e-01   3.0187000e-01
   2.4350000e+03   3.8410000e-01   2.7934000e-01   2.3550000e-01   3.0194000e-01
   2.4400000e+03   3.8644000e-01   2.8096000e-01   2.3681000e-01   3.0290000e-01
   2.4450000e+03   3.8521000e-01   2.8093000e-01   2.3662000e-01   3.0427000e-01
   2.4500000e+03   3.8658000e-01   2.8188000e-01   2.3832000e-01   3.0456000e-01
   2.4550000e+03   3.8704000e-01   2.8236000e-01   2.3883000e-01   3.0566000e-01
   2.4600000e+03   3.8762000e-01   2.8312000e-01   2.3949000e-01   3.0631000e-01
   2.4650000e+03   3.8774000e-01   2.8336000e-01   2.3940000e-01   3.0652000e-01
   2.4700000e+03   3.8763000e-01   2.8434000e-01   2.4011000e-01   3.0737000e-01
   2.4750000e+03   3.8781000e-01   2.8573000e-01   2.4128000e-01   3.0845000e-01
   2.4800000e+03   3.8859000e-01   2.8614000e-01   2.4211000e-01   3.0891000e-01
   2.4850000e+03   3.8881000e-01   2.8567000e-01   2.4142000e-01   3.0992000e-01
   2.4900000e+03   3.8914000e-01   2.8719000e-01   2.4222000e-01   3.1015000e-01
   2.4950000e+03   3.8962000e-01   2.8714000e-01   2.4243000e-01   3.1147000e-01
   2.5000000e+03   3.9009000e-01   2.8841000e-01   2.4419000e-01   3.1185000e-01
   2.5050000e+03   3.8979000e-01   2.8779000e-01   2.4290000e-01   3.1297000e-01
   2.5100000e+03   3.9005000e-01   2.8928000e-01   2.4445000e-01   3.1349000e-01
   2.5150000e+03   3.8979000e-01   2.8887000e-01   2.4431000e-01   3.1476000e-01
   2.5200000e+03   3.9039000e-01   2.9038000e-01   2.4602000e-01   3.1464000e-01
   2.5250000e+03   3.9047000e-01   2.9072000e-01   2.4690000e-01   3.1560000e-01
   2.5300000e+03   3.9118000e-01   2.9210000e-01   2.4848000e-01   3.1639000e-01
   2.5350000e+03   3.9213000e-01   2.9216000e-01   2.4870000e-01   3.1717000e-01
   2.5400000e+03   3.9294000e-01   2.9332000e-01   2.4990000e-01   3.1778000e-01
   2.5450000e+03   3.9313000e-01   2.9517000e-01   2.5192000e-01   3.1848000e-01
   2.5500000e+03   3.9401000e-01   2.9564000e-01   2.5165000e-01   3.1966000e-01
   2.5550000e+03   3.9473000e-01   2.9499000e-01   2.5144000e-01   3.2006000e-01
   2.5600000e+03   3.9493000e-01   2.9706000e-01   2.5339000e-01   3.2108000e-01
   2.5650000e+03   3.9518000e-01   2.9723000e-01   2.5350000e-01   3.2194000e-01
   2.5700000e+03   3.9629000e-01   2.9774000e-01   2.5387000e-01   3.2282000e-01
   2.5750000e+03   3.9631000e-01   2.9769000e-01   2.5379000e-01   3.2342000e-01
   2.5800000e+03   3.9779000e-01   3.0056000e-01   2.5652000e-01   3.2438000e-01
   2.5850000e+03   3.9850000e-01   2.9946000e-01   2.5482000e-01   3.2563000e-01
   2.5900000e+03   3.9920000e-01   3.0327000e-01   2.5901000e-01   3.2609000e-01
   2.5950000e+03   3.9990000e-01   3.0622000e-01   2.6239000e-01   3.2633000e-01
   2.6000000e+03   4.0060000e-01   3.0897000e-01   2.6559000e-01   3.2637000e-01
