   3.0000000e+02   3.4273000e-02   3.1009000e-02   3.6013000e-02   3.5430000e-02
   3.0500000e+02   3.5358000e-02   3.1056000e-02   3.6549000e-02   3.3812000e-02
   3.1000000e+02   3.4219000e-02   3.1104000e-02   3.4428000e-02   3.3129000e-02
   3.1500000e+02   3.4416000e-02   3.1959000e-02   3.3745000e-02   3.0893000e-02
   3.2000000e+02   3.6179000e-02   3.1915000e-02   3.6566000e-02   3.4095000e-02
   3.2500000e+02   3.6448000e-02   3.2308000e-02   3.7328000e-02   3.4319000e-02
   3.3000000e+02   3.6897000e-02   3.2785000e-02   3.6363000e-02   3.4580000e-02
   3.3500000e+02   3.8581000e-02   3.2968000e-02   3.7885000e-02   3.5700000e-02
   3.4000000e+02   3.8554000e-02   3.3776000e-02   3.8046000e-02   3.5687000e-02
   3.4500000e+02   3.9572000e-02   3.4344000e-02   3.8326000e-02   3.6396000e-02
   3.5000000e+02   4.0042000e-02   3.4656000e-02   3.8777000e-02   3.6701000e-02
   3.5500000e+02   4.0981000e-02   3.5173000e-02   3.9319000e-02   3.7949000e-02
   3.6000000e+02   4.1727000e-02   3.5782000e-02   4.0140000e-02   3.8327000e-02
   3.6500000e+02   4.2598000e-02   3.6442000e-02   4.0413000e-02   3.8855000e-02
   3.7000000e+02   4.3614000e-02   3.6874000e-02   4.0907000e-02   3.9666000e-02
   3.7500000e+02   4.4504000e-02   3.7151000e-02   4.1307000e-02   4.0231000e-02
   3.8000000e+02   4.5554000e-02   3.7906000e-02   4.2209000e-02   4.0844000e-02
   3.8500000e+02   4.6611000e-02   3.8458000e-02   4.2026000e-02   4.1615000e-02
   3.9000000e+02   4.7880000e-02   3.9291000e-02   4.2870000e-02   4.2479000e-02
   3.9500000e+02   4.9204000e-02   4.0110000e-02   4.4179000e-02   4.3605000e-02
   4.0000000e+02   5.0159000e-02   4.0197000e-02   4.3948000e-02   4.4043000e-02
   4.0500000e+02   5.1424000e-02   4.0601000e-02   4.4531000e-02   4.4713000e-02
   4.1000000e+02   5.2195000e-02   4.1326000e-02   4.5303000e-02   4.5422000e-02
   4.1500000e+02   5.3397000e-02   4.1783000e-02   4.5951000e-02   4.6143000e-02
   4.2000000e+02   5.4190000e-02   4.2445000e-02   4.6389000e-02   4.6792000e-02
   4.2500000e+02   5.5498000e-02   4.3065000e-02   4.6992000e-02   4.7518000e-02
   4.3000000e+02   5.6545000e-02   4.3607000e-02   4.7402000e-02   4.8203000e-02
   4.3500000e+02   5.7684000e-02   4.4226000e-02   4.8044000e-02   4.9037000e-02
   4.4000000e+02   5.8870000e-02   4.4773000e-02   4.8548000e-02   4.9690000e-02
   4.4500000e+02   5.9702000e-02   4.5312000e-02   4.8731000e-02   5.0439000e-02
   4.5000000e+02   6.0974000e-02   4.5859000e-02   4.9739000e-02   5.1160000e-02
   4.5500000e+02   6.1866000e-02   4.6388000e-02   4.9344000e-02   5.1780000e-02
   4.6000000e+02   6.3127000e-02   4.6931000e-02   5.0295000e-02   5.2610000e-02
   4.6500000e+02   6.4017000e-02   4.7399000e-02   5.0771000e-02   5.3192000e-02
   4.7000000e+02   6.4791000e-02   4.8069000e-02   5.1332000e-02   5.3859000e-02
   4.7500000e+02   6.6234000e-02   4.8514000e-02   5.1972000e-02   5.4618000e-02
   4.8000000e+02   6.6842000e-02   4.9159000e-02   5.2407000e-02   5.5235000e-02
   4.8500000e+02   6.8015000e-02   4.9740000e-02   5.2988000e-02   5.6077000e-02
   4.9000000e+02   6.8717000e-02   5.0303000e-02   5.3298000e-02   5.6594000e-02
   4.9500000e+02   6.9985000e-02   5.0804000e-02   5.3941000e-02   5.7317000e-02
   5.0000000e+02   7.1058000e-02   5.1354000e-02   5.4333000e-02   5.7992000e-02
   5.0500000e+02   7.2271000e-02   5.1891000e-02   5.4942000e-02   5.8735000e-02
   5.1000000e+02   7.3032000e-02   5.2437000e-02   5.5431000e-02   5.9412000e-02
   5.1500000e+02   7.4189000e-02   5.3141000e-02   5.5832000e-02   6.0143000e-02
   5.2000000e+02   7.5094000e-02   5.3742000e-02   5.6469000e-02   6.0814000e-02
   5.2500000e+02   7.5876000e-02   5.4456000e-02   5.7072000e-02   6.1641000e-02
   5.3000000e+02   7.7323000e-02   5.5021000e-02   5.7836000e-02   6.2434000e-02
   5.3500000e+02   7.7810000e-02   5.5709000e-02   5.8200000e-02   6.3031000e-02
   5.4000000e+02   7.9590000e-02   5.6087000e-02   5.9031000e-02   6.3840000e-02
   5.4500000e+02   7.9855000e-02   5.6708000e-02   5.9242000e-02   6.4376000e-02
   5.5000000e+02   8.1369000e-02   5.7113000e-02   6.0079000e-02   6.5089000e-02
   5.5500000e+02   8.1834000e-02   5.7800000e-02   6.0343000e-02   6.5642000e-02
   5.6000000e+02   8.2961000e-02   5.8232000e-02   6.1024000e-02   6.6365000e-02
   5.6500000e+02   8.3837000e-02   5.8705000e-02   6.1561000e-02   6.6947000e-02
   5.7000000e+02   8.4698000e-02   5.9308000e-02   6.1893000e-02   6.7527000e-02
   5.7500000e+02   8.6075000e-02   5.9648000e-02   6.2493000e-02   6.8209000e-02
   5.8000000e+02   8.6202000e-02   6.0252000e-02   6.2644000e-02   6.8670000e-02
   5.8500000e+02   8.7436000e-02   6.0584000e-02   6.3192000e-02   6.9439000e-02
   5.9000000e+02   8.7964000e-02   6.1129000e-02   6.3464000e-02   6.9892000e-02
   5.9500000e+02   8.9281000e-02   6.1529000e-02   6.3996000e-02   7.0603000e-02
   6.0000000e+02   9.0046000e-02   6.2165000e-02   6.4560000e-02   7.1176000e-02
   6.0500000e+02   9.1179000e-02   6.2422000e-02   6.5130000e-02   7.1787000e-02
   6.1000000e+02   9.1761000e-02   6.3139000e-02   6.5581000e-02   7.2376000e-02
   6.1500000e+02   9.2731000e-02   6.3694000e-02   6.6223000e-02   7.3285000e-02
   6.2000000e+02   9.3407000e-02   6.4406000e-02   6.6531000e-02   7.3641000e-02
   6.2500000e+02   9.4404000e-02   6.4839000e-02   6.7074000e-02   7.4416000e-02
   6.3000000e+02   9.5543000e-02   6.5433000e-02   6.7655000e-02   7.5027000e-02
   6.3500000e+02   9.5863000e-02   6.5966000e-02   6.7846000e-02   7.5540000e-02
   6.4000000e+02   9.7074000e-02   6.6595000e-02   6.8463000e-02   7.6205000e-02
   6.4500000e+02   9.7618000e-02   6.6862000e-02   6.8544000e-02   7.6583000e-02
   6.5000000e+02   9.9174000e-02   6.7389000e-02   6.9266000e-02   7.7201000e-02
   6.5500000e+02   9.9505000e-02   6.7802000e-02   6.9489000e-02   7.7678000e-02
   6.6000000e+02   1.0003000e-01   6.8179000e-02   6.9933000e-02   7.8001000e-02
   6.6500000e+02   1.0119000e-01   6.8612000e-02   7.0395000e-02   7.8582000e-02
   6.7000000e+02   1.0157000e-01   6.9042000e-02   7.0574000e-02   7.9067000e-02
   6.7500000e+02   1.0290000e-01   6.9340000e-02   7.1184000e-02   7.9732000e-02
   6.8000000e+02   1.0283000e-01   6.9697000e-02   7.1387000e-02   8.0124000e-02
   6.8500000e+02   1.0420000e-01   7.0454000e-02   7.1889000e-02   8.0689000e-02
   6.9000000e+02   1.0456000e-01   7.0584000e-02   7.2067000e-02   8.1121000e-02
   6.9500000e+02   1.0570000e-01   7.1310000e-02   7.2506000e-02   8.1609000e-02
   7.0000000e+02   1.0582000e-01   7.1510000e-02   7.2803000e-02   8.2081000e-02
   7.0500000e+02   1.0730000e-01   7.2197000e-02   7.3311000e-02   8.2703000e-02
   7.1000000e+02   1.0737000e-01   7.2384000e-02   7.3490000e-02   8.3047000e-02
   7.1500000e+02   1.0838000e-01   7.3155000e-02   7.3901000e-02   8.3585000e-02
   7.2000000e+02   1.0920000e-01   7.3343000e-02   7.4464000e-02   8.4177000e-02
   7.2500000e+02   1.1003000e-01   7.3975000e-02   7.5027000e-02   8.4769000e-02
   7.3000000e+02   1.0933000e-01   7.4485000e-02   7.4330000e-02   8.4779000e-02
   7.3500000e+02   1.1037000e-01   7.4738000e-02   7.4799000e-02   8.5343000e-02
   7.4000000e+02   1.1081000e-01   7.5377000e-02   7.5143000e-02   8.5696000e-02
   7.4500000e+02   1.1207000e-01   7.5592000e-02   7.5569000e-02   8.6273000e-02
   7.5000000e+02   1.1293000e-01   7.6191000e-02   7.5955000e-02   8.6666000e-02
   7.5500000e+02   1.1296000e-01   7.6297000e-02   7.5155000e-02   8.6805000e-02
   7.6000000e+02   1.1426000e-01   7.6842000e-02   7.6088000e-02   8.7029000e-02
   7.6500000e+02   1.1428000e-01   7.7052000e-02   7.6035000e-02   8.7605000e-02
   7.7000000e+02   1.1584000e-01   7.7444000e-02   7.6772000e-02   8.8290000e-02
   7.7500000e+02   1.1566000e-01   7.7775000e-02   7.6442000e-02   8.8671000e-02
   7.8000000e+02   1.1637000e-01   7.8057000e-02   7.6459000e-02   8.8665000e-02
   7.8500000e+02   1.1707000e-01   7.8427000e-02   7.6813000e-02   8.9173000e-02
   7.9000000e+02   1.1767000e-01   7.8733000e-02   7.7049000e-02   8.9525000e-02
   7.9500000e+02   1.1881000e-01   7.8924000e-02   7.6512000e-02   8.9665000e-02
   8.0000000e+02   1.1908000e-01   7.8991000e-02   7.7365000e-02   9.0053000e-02
   8.0500000e+02   1.2028000e-01   7.9469000e-02   7.7636000e-02   9.0773000e-02
   8.1000000e+02   1.2017000e-01   7.9294000e-02   7.6976000e-02   9.0702000e-02
   8.1500000e+02   1.2091000e-01   7.9739000e-02   7.6441000e-02   9.1028000e-02
   8.2000000e+02   1.2163000e-01   7.9643000e-02   7.6269000e-02   9.1037000e-02
   8.2500000e+02   1.2150000e-01   8.0166000e-02   7.6139000e-02   9.0878000e-02
   8.3000000e+02   1.2235000e-01   8.0057000e-02   7.5788000e-02   9.0708000e-02
   8.3500000e+02   1.2232000e-01   8.0271000e-02   7.5605000e-02   9.1009000e-02
   8.4000000e+02   1.2318000e-01   8.0200000e-02   7.5521000e-02   9.0699000e-02
   8.4500000e+02   1.2320000e-01   8.0611000e-02   7.4992000e-02   9.1022000e-02
   8.5000000e+02   1.2431000e-01   8.0263000e-02   7.5162000e-02   9.0903000e-02
   8.5500000e+02   1.2411000e-01   8.0315000e-02   7.4773000e-02   9.1307000e-02
   8.6000000e+02   1.2459000e-01   8.0122000e-02   7.4759000e-02   9.1183000e-02
   8.6500000e+02   1.2487000e-01   8.0122000e-02   7.4057000e-02   9.1327000e-02
   8.7000000e+02   1.2514000e-01   7.9491000e-02   7.3635000e-02   9.1173000e-02
   8.7500000e+02   1.2611000e-01   7.9491000e-02   7.3908000e-02   9.1332000e-02
   8.8000000e+02   1.2580000e-01   7.9547000e-02   7.3887000e-02   9.1444000e-02
   8.8500000e+02   1.2691000e-01   7.9646000e-02   7.3599000e-02   9.1362000e-02
   8.9000000e+02   1.2681000e-01   7.8988000e-02   7.3583000e-02   9.1640000e-02
   8.9500000e+02   1.2735000e-01   7.9246000e-02   7.2317000e-02   9.1432000e-02
   9.0000000e+02   1.2755000e-01   7.9232000e-02   7.2828000e-02   9.1691000e-02
   9.0500000e+02   1.2813000e-01   7.8904000e-02   7.2734000e-02   9.1662000e-02
   9.1000000e+02   1.2854000e-01   7.9129000e-02   7.2556000e-02   9.1502000e-02
   9.1500000e+02   1.2853000e-01   7.8564000e-02   7.2539000e-02   9.1804000e-02
   9.2000000e+02   1.2937000e-01   7.9107000e-02   7.2692000e-02   9.1938000e-02
   9.2500000e+02   1.2986000e-01   7.8610000e-02   7.2898000e-02   9.2384000e-02
   9.3000000e+02   1.3027000e-01   7.9065000e-02   7.3000000e-02   9.2559000e-02
   9.3500000e+02   1.3082000e-01   7.8863000e-02   7.3204000e-02   9.2535000e-02
   9.4000000e+02   1.3143000e-01   7.9115000e-02   7.3341000e-02   9.2832000e-02
   9.4500000e+02   1.3173000e-01   7.9180000e-02   7.2960000e-02   9.2969000e-02
   9.5000000e+02   1.3223000e-01   7.9284000e-02   7.2914000e-02   9.3400000e-02
   9.5500000e+02   1.3279000e-01   7.9444000e-02   7.3243000e-02   9.3625000e-02
   9.6000000e+02   1.3373000e-01   7.9777000e-02   7.3832000e-02   9.4061000e-02
   9.6500000e+02   1.3386000e-01   8.0252000e-02   7.3749000e-02   9.4301000e-02
   9.7000000e+02   1.3463000e-01   8.0497000e-02   7.4037000e-02   9.4626000e-02
   9.7500000e+02   1.3487000e-01   8.1160000e-02   7.4363000e-02   9.4896000e-02
   9.8000000e+02   1.3605000e-01   8.1213000e-02   7.4782000e-02   9.5528000e-02
   9.8500000e+02   1.3643000e-01   8.1939000e-02   7.5313000e-02   9.5975000e-02
   9.9000000e+02   1.3702000e-01   8.2127000e-02   7.5309000e-02   9.6488000e-02
   9.9500000e+02   1.3771000e-01   8.2875000e-02   7.6009000e-02   9.6783000e-02
   1.0000000e+03   1.3816000e-01   8.2987000e-02   7.6415000e-02   9.7257000e-02
   1.0050000e+03   1.3945000e-01   8.3862000e-02   7.7104000e-02   9.7839000e-02
   1.0100000e+03   1.3976000e-01   8.4159000e-02   7.7386000e-02   9.8407000e-02
   1.0150000e+03   1.4044000e-01   8.4816000e-02   7.7389000e-02   9.9031000e-02
   1.0200000e+03   1.4108000e-01   8.5213000e-02   7.7754000e-02   9.9782000e-02
   1.0250000e+03   1.4192000e-01   8.6237000e-02   7.8313000e-02   9.9943000e-02
   1.0300000e+03   1.4226000e-01   8.6771000e-02   7.8731000e-02   1.0063000e-01
   1.0350000e+03   1.4324000e-01   8.7486000e-02   7.9162000e-02   1.0145000e-01
   1.0400000e+03   1.4411000e-01   8.8049000e-02   8.0043000e-02   1.0189000e-01
   1.0450000e+03   1.4448000e-01   8.8757000e-02   8.0493000e-02   1.0252000e-01
   1.0500000e+03   1.4548000e-01   8.9661000e-02   8.1288000e-02   1.0315000e-01
   1.0550000e+03   1.4667000e-01   9.0261000e-02   8.1802000e-02   1.0376000e-01
   1.0600000e+03   1.4709000e-01   9.0915000e-02   8.2274000e-02   1.0469000e-01
   1.0650000e+03   1.4800000e-01   9.1403000e-02   8.2603000e-02   1.0532000e-01
   1.0700000e+03   1.4908000e-01   9.2519000e-02   8.3349000e-02   1.0612000e-01
   1.0750000e+03   1.4947000e-01   9.3168000e-02   8.3402000e-02   1.0675000e-01
   1.0800000e+03   1.5046000e-01   9.4018000e-02   8.4446000e-02   1.0742000e-01
   1.0850000e+03   1.5103000e-01   9.4401000e-02   8.5137000e-02   1.0799000e-01
   1.0900000e+03   1.5245000e-01   9.5033000e-02   8.6073000e-02   1.0901000e-01
   1.0950000e+03   1.5265000e-01   9.6072000e-02   8.6307000e-02   1.0933000e-01
   1.1000000e+03   1.5325000e-01   9.6603000e-02   8.7108000e-02   1.0998000e-01
   1.1050000e+03   1.5420000e-01   9.7585000e-02   8.7673000e-02   1.1095000e-01
   1.1100000e+03   1.5520000e-01   9.8017000e-02   8.8367000e-02   1.1145000e-01
   1.1150000e+03   1.5605000e-01   9.8995000e-02   8.8097000e-02   1.1235000e-01
   1.1200000e+03   1.5679000e-01   9.9471000e-02   8.9245000e-02   1.1292000e-01
   1.1250000e+03   1.5779000e-01   1.0018000e-01   8.9855000e-02   1.1376000e-01
   1.1300000e+03   1.5859000e-01   1.0089000e-01   9.0083000e-02   1.1443000e-01
   1.1350000e+03   1.5882000e-01   1.0133000e-01   9.0680000e-02   1.1500000e-01
   1.1400000e+03   1.5981000e-01   1.0220000e-01   9.1381000e-02   1.1566000e-01
   1.1450000e+03   1.6018000e-01   1.0246000e-01   9.2006000e-02   1.1627000e-01
   1.1500000e+03   1.6126000e-01   1.0326000e-01   9.2379000e-02   1.1679000e-01
   1.1550000e+03   1.6193000e-01   1.0363000e-01   9.2386000e-02   1.1744000e-01
   1.1600000e+03   1.6311000e-01   1.0446000e-01   9.3272000e-02   1.1794000e-01
   1.1650000e+03   1.6333000e-01   1.0470000e-01   9.3275000e-02   1.1852000e-01
   1.1700000e+03   1.6420000e-01   1.0546000e-01   9.3794000e-02   1.1887000e-01
   1.1750000e+03   1.6452000e-01   1.0576000e-01   9.4152000e-02   1.1945000e-01
   1.1800000e+03   1.6548000e-01   1.0652000e-01   9.5139000e-02   1.1994000e-01
   1.1850000e+03   1.6611000e-01   1.0670000e-01   9.5191000e-02   1.2072000e-01
   1.1900000e+03   1.6718000e-01   1.0753000e-01   9.5989000e-02   1.2132000e-01
   1.1950000e+03   1.6721000e-01   1.0770000e-01   9.6161000e-02   1.2181000e-01
   1.2000000e+03   1.6880000e-01   1.0838000e-01   9.7066000e-02   1.2235000e-01
   1.2050000e+03   1.6977000e-01   1.0863000e-01   9.7987000e-02   1.2375000e-01
   1.2100000e+03   1.6903000e-01   1.0932000e-01   9.8164000e-02   1.2319000e-01
   1.2150000e+03   1.7003000e-01   1.0969000e-01   9.8834000e-02   1.2348000e-01
   1.2200000e+03   1.7073000e-01   1.1021000e-01   9.9356000e-02   1.2436000e-01
   1.2250000e+03   1.7141000e-01   1.1068000e-01   9.9054000e-02   1.2480000e-01
   1.2300000e+03   1.7164000e-01   1.1134000e-01   9.9451000e-02   1.2510000e-01
   1.2350000e+03   1.7271000e-01   1.1166000e-01   1.0017000e-01   1.2547000e-01
   1.2400000e+03   1.7317000e-01   1.1202000e-01   1.0001000e-01   1.2615000e-01
   1.2450000e+03   1.7404000e-01   1.1281000e-01   1.0071000e-01   1.2697000e-01
   1.2500000e+03   1.7502000e-01   1.1311000e-01   1.0100000e-01   1.2709000e-01
   1.2550000e+03   1.7531000e-01   1.1377000e-01   1.0118000e-01   1.2748000e-01
   1.2600000e+03   1.7617000e-01   1.1420000e-01   1.0163000e-01   1.2841000e-01
   1.2650000e+03   1.7709000e-01   1.1483000e-01   1.0252000e-01   1.2865000e-01
   1.2700000e+03   1.7720000e-01   1.1538000e-01   1.0292000e-01   1.2953000e-01
   1.2750000e+03   1.7808000e-01   1.1571000e-01   1.0329000e-01   1.2993000e-01
   1.2800000e+03   1.7871000e-01   1.1599000e-01   1.0420000e-01   1.3031000e-01
   1.2850000e+03   1.7960000e-01   1.1708000e-01   1.0457000e-01   1.3103000e-01
   1.2900000e+03   1.8072000e-01   1.1717000e-01   1.0510000e-01   1.3125000e-01
   1.2950000e+03   1.8109000e-01   1.1817000e-01   1.0528000e-01   1.3185000e-01
   1.3000000e+03   1.8161000e-01   1.1858000e-01   1.0598000e-01   1.3255000e-01
   1.3050000e+03   1.8267000e-01   1.1923000e-01   1.0638000e-01   1.3291000e-01
   1.3100000e+03   1.8342000e-01   1.1947000e-01   1.0650000e-01   1.3386000e-01
   1.3150000e+03   1.8446000e-01   1.2037000e-01   1.0670000e-01   1.3422000e-01
   1.3200000e+03   1.8509000e-01   1.2094000e-01   1.0752000e-01   1.3479000e-01
   1.3250000e+03   1.8570000e-01   1.2166000e-01   1.0779000e-01   1.3538000e-01
   1.3300000e+03   1.8613000e-01   1.2187000e-01   1.0885000e-01   1.3594000e-01
   1.3350000e+03   1.8673000e-01   1.2251000e-01   1.0954000e-01   1.3682000e-01
   1.3400000e+03   1.8791000e-01   1.2322000e-01   1.0912000e-01   1.3708000e-01
   1.3450000e+03   1.8781000e-01   1.2374000e-01   1.0983000e-01   1.3754000e-01
   1.3500000e+03   1.8820000e-01   1.2415000e-01   1.1050000e-01   1.3841000e-01
   1.3550000e+03   1.8866000e-01   1.2450000e-01   1.1078000e-01   1.3896000e-01
   1.3600000e+03   1.8967000e-01   1.2532000e-01   1.1154000e-01   1.3936000e-01
   1.3650000e+03   1.9052000e-01   1.2537000e-01   1.1109000e-01   1.3939000e-01
   1.3700000e+03   1.9139000e-01   1.2612000e-01   1.1162000e-01   1.3980000e-01
   1.3750000e+03   1.9227000e-01   1.2663000e-01   1.1239000e-01   1.4080000e-01
   1.3800000e+03   1.9247000e-01   1.2792000e-01   1.1363000e-01   1.4175000e-01
   1.3850000e+03   1.9451000e-01   1.2740000e-01   1.1390000e-01   1.4162000e-01
   1.3900000e+03   1.9527000e-01   1.2832000e-01   1.1461000e-01   1.4284000e-01
   1.3950000e+03   1.9452000e-01   1.2885000e-01   1.1540000e-01   1.4359000e-01
   1.4000000e+03   1.9564000e-01   1.2973000e-01   1.1638000e-01   1.4448000e-01
   1.4050000e+03   1.9525000e-01   1.2966000e-01   1.1620000e-01   1.4471000e-01
   1.4100000e+03   1.9745000e-01   1.3051000e-01   1.1673000e-01   1.4490000e-01
   1.4150000e+03   1.9697000e-01   1.3095000e-01   1.1748000e-01   1.4577000e-01
   1.4200000e+03   1.9862000e-01   1.3154000e-01   1.1724000e-01   1.4647000e-01
   1.4250000e+03   1.9911000e-01   1.3168000e-01   1.1793000e-01   1.4719000e-01
   1.4300000e+03   2.0034000e-01   1.3248000e-01   1.1877000e-01   1.4744000e-01
   1.4350000e+03   2.0073000e-01   1.3299000e-01   1.1904000e-01   1.4789000e-01
   1.4400000e+03   2.0157000e-01   1.3374000e-01   1.1967000e-01   1.4886000e-01
   1.4450000e+03   2.0271000e-01   1.3403000e-01   1.2044000e-01   1.4944000e-01
   1.4500000e+03   2.0270000e-01   1.3482000e-01   1.2080000e-01   1.5008000e-01
   1.4550000e+03   2.0418000e-01   1.3477000e-01   1.2126000e-01   1.5058000e-01
   1.4600000e+03   2.0405000e-01   1.3570000e-01   1.2169000e-01   1.5109000e-01
   1.4650000e+03   2.0498000e-01   1.3622000e-01   1.2228000e-01   1.5151000e-01
   1.4700000e+03   2.0536000e-01   1.3669000e-01   1.2192000e-01   1.5231000e-01
   1.4750000e+03   2.0585000e-01   1.3698000e-01   1.2263000e-01   1.5252000e-01
   1.4800000e+03   2.0672000e-01   1.3740000e-01   1.2333000e-01   1.5312000e-01
   1.4850000e+03   2.0757000e-01   1.3814000e-01   1.2402000e-01   1.5338000e-01
   1.4900000e+03   2.0755000e-01   1.3865000e-01   1.2401000e-01   1.5419000e-01
   1.4950000e+03   2.0855000e-01   1.3897000e-01   1.2483000e-01   1.5468000e-01
   1.5000000e+03   2.0911000e-01   1.3906000e-01   1.2523000e-01   1.5491000e-01
   1.5050000e+03   2.0920000e-01   1.3995000e-01   1.2517000e-01   1.5534000e-01
   1.5100000e+03   2.1015000e-01   1.4026000e-01   1.2591000e-01   1.5600000e-01
   1.5150000e+03   2.1111000e-01   1.4116000e-01   1.2667000e-01   1.5651000e-01
   1.5200000e+03   2.1115000e-01   1.4123000e-01   1.2664000e-01   1.5695000e-01
   1.5250000e+03   2.1176000e-01   1.4220000e-01   1.2677000e-01   1.5748000e-01
   1.5300000e+03   2.1200000e-01   1.4216000e-01   1.2704000e-01   1.5779000e-01
   1.5350000e+03   2.1294000e-01   1.4285000e-01   1.2740000e-01   1.5854000e-01
   1.5400000e+03   2.1336000e-01   1.4342000e-01   1.2787000e-01   1.5871000e-01
   1.5450000e+03   2.1394000e-01   1.4391000e-01   1.2849000e-01   1.5939000e-01
   1.5500000e+03   2.1463000e-01   1.4372000e-01   1.2853000e-01   1.5963000e-01
   1.5550000e+03   2.1465000e-01   1.4508000e-01   1.2877000e-01   1.6046000e-01
   1.5600000e+03   2.1571000e-01   1.4509000e-01   1.2927000e-01   1.6080000e-01
   1.5650000e+03   2.1657000e-01   1.4556000e-01   1.2941000e-01   1.6078000e-01
   1.5700000e+03   2.1701000e-01   1.4606000e-01   1.3028000e-01   1.6145000e-01
   1.5750000e+03   2.1788000e-01   1.4647000e-01   1.3002000e-01   1.6195000e-01
   1.5800000e+03   2.1790000e-01   1.4688000e-01   1.3048000e-01   1.6172000e-01
   1.5850000e+03   2.1837000e-01   1.4647000e-01   1.3071000e-01   1.6213000e-01
   1.5900000e+03   2.1906000e-01   1.4725000e-01   1.3094000e-01   1.6287000e-01
   1.5950000e+03   2.1964000e-01   1.4731000e-01   1.3138000e-01   1.6314000e-01
   1.6000000e+03   2.2072000e-01   1.4784000e-01   1.3166000e-01   1.6377000e-01
   1.6050000e+03   2.2011000e-01   1.4730000e-01   1.3147000e-01   1.6382000e-01
   1.6100000e+03   2.2130000e-01   1.4813000e-01   1.3209000e-01   1.6433000e-01
   1.6150000e+03   2.2136000e-01   1.4824000e-01   1.3243000e-01   1.6414000e-01
   1.6200000e+03   2.2221000e-01   1.4903000e-01   1.3294000e-01   1.6467000e-01
   1.6250000e+03   2.2195000e-01   1.4900000e-01   1.3273000e-01   1.6494000e-01
   1.6300000e+03   2.2329000e-01   1.4947000e-01   1.3287000e-01   1.6558000e-01
   1.6350000e+03   2.2307000e-01   1.4945000e-01   1.3299000e-01   1.6539000e-01
   1.6400000e+03   2.2403000e-01   1.5014000e-01   1.3343000e-01   1.6605000e-01
   1.6450000e+03   2.2369000e-01   1.4958000e-01   1.3366000e-01   1.6617000e-01
   1.6500000e+03   2.2472000e-01   1.5039000e-01   1.3401000e-01   1.6658000e-01
   1.6550000e+03   2.2493000e-01   1.5047000e-01   1.3448000e-01   1.6729000e-01
   1.6600000e+03   2.2497000e-01   1.5102000e-01   1.3466000e-01   1.6754000e-01
   1.6650000e+03   2.2498000e-01   1.5155000e-01   1.3484000e-01   1.6779000e-01
   1.6700000e+03   2.2621000e-01   1.5173000e-01   1.3521000e-01   1.6873000e-01
   1.6750000e+03   2.2594000e-01   1.5214000e-01   1.3523000e-01   1.6859000e-01
   1.6800000e+03   2.2651000e-01   1.5237000e-01   1.3574000e-01   1.6879000e-01
   1.6850000e+03   2.2671000e-01   1.5317000e-01   1.3604000e-01   1.6882000e-01
   1.6900000e+03   2.2762000e-01   1.5261000e-01   1.3619000e-01   1.6951000e-01
   1.6950000e+03   2.2801000e-01   1.5335000e-01   1.3648000e-01   1.6973000e-01
   1.7000000e+03   2.2893000e-01   1.5303000e-01   1.3678000e-01   1.7019000e-01
   1.7050000e+03   2.2897000e-01   1.5358000e-01   1.3695000e-01   1.7041000e-01
   1.7100000e+03   2.2944000e-01   1.5350000e-01   1.3746000e-01   1.7074000e-01
   1.7150000e+03   2.3016000e-01   1.5413000e-01   1.3751000e-01   1.7090000e-01
   1.7200000e+03   2.3025000e-01   1.5394000e-01   1.3772000e-01   1.7100000e-01
   1.7250000e+03   2.3133000e-01   1.5444000e-01   1.3821000e-01   1.7137000e-01
   1.7300000e+03   2.3090000e-01   1.5439000e-01   1.3829000e-01   1.7141000e-01
   1.7350000e+03   2.3174000e-01   1.5470000e-01   1.3856000e-01   1.7207000e-01
   1.7400000e+03   2.3151000e-01   1.5477000e-01   1.3838000e-01   1.7176000e-01
   1.7450000e+03   2.3242000e-01   1.5524000e-01   1.3876000e-01   1.7238000e-01
   1.7500000e+03   2.3206000e-01   1.5517000e-01   1.3886000e-01   1.7232000e-01
   1.7550000e+03   2.3364000e-01   1.5558000e-01   1.3936000e-01   1.7300000e-01
   1.7600000e+03   2.3325000e-01   1.5559000e-01   1.3906000e-01   1.7311000e-01
   1.7650000e+03   2.3436000e-01   1.5599000e-01   1.3924000e-01   1.7335000e-01
   1.7700000e+03   2.3371000e-01   1.5613000e-01   1.3905000e-01   1.7343000e-01
   1.7750000e+03   2.3509000e-01   1.5651000e-01   1.3971000e-01   1.7390000e-01
   1.7800000e+03   2.3463000e-01   1.5653000e-01   1.3981000e-01   1.7406000e-01
   1.7850000e+03   2.3507000e-01   1.5690000e-01   1.3978000e-01   1.7412000e-01
   1.7900000e+03   2.3572000e-01   1.5739000e-01   1.3983000e-01   1.7458000e-01
   1.7950000e+03   2.3565000e-01   1.5761000e-01   1.4029000e-01   1.7483000e-01
   1.8000000e+03   2.3681000e-01   1.5784000e-01   1.4073000e-01   1.7547000e-01
   1.8050000e+03   2.3678000e-01   1.5815000e-01   1.4075000e-01   1.7545000e-01
   1.8100000e+03   2.3758000e-01   1.5850000e-01   1.4099000e-01   1.7576000e-01
   1.8150000e+03   2.3684000e-01   1.5850000e-01   1.4047000e-01   1.7590000e-01
   1.8200000e+03   2.3793000e-01   1.5891000e-01   1.4155000e-01   1.7683000e-01
   1.8250000e+03   2.3836000e-01   1.5893000e-01   1.4120000e-01   1.7695000e-01
   1.8300000e+03   2.3917000e-01   1.5925000e-01   1.4182000e-01   1.7668000e-01
   1.8350000e+03   2.3865000e-01   1.5938000e-01   1.4187000e-01   1.7729000e-01
   1.8400000e+03   2.3932000e-01   1.5876000e-01   1.4247000e-01   1.7717000e-01
   1.8450000e+03   2.3972000e-01   1.5969000e-01   1.4192000e-01   1.7709000e-01
   1.8500000e+03   2.4019000e-01   1.5955000e-01   1.4130000e-01   1.7744000e-01
   1.8550000e+03   2.4074000e-01   1.6002000e-01   1.4177000e-01   1.7733000e-01
   1.8600000e+03   2.4057000e-01   1.5980000e-01   1.4193000e-01   1.7777000e-01
   1.8650000e+03   2.4120000e-01   1.6053000e-01   1.4222000e-01   1.7818000e-01
   1.8700000e+03   2.4190000e-01   1.6161000e-01   1.4307000e-01   1.7800000e-01
   1.8750000e+03   2.4246000e-01   1.6003000e-01   1.4244000e-01   1.7769000e-01
   1.8800000e+03   2.4265000e-01   1.6086000e-01   1.4268000e-01   1.7859000e-01
   1.8850000e+03   2.4350000e-01   1.6138000e-01   1.4328000e-01   1.7953000e-01
   1.8900000e+03   2.4359000e-01   1.6171000e-01   1.4288000e-01   1.7954000e-01
   1.8950000e+03   2.4379000e-01   1.6183000e-01   1.4317000e-01   1.7956000e-01
   1.9000000e+03   2.4413000e-01   1.6266000e-01   1.4415000e-01   1.8066000e-01
   1.9050000e+03   2.4464000e-01   1.6212000e-01   1.4386000e-01   1.8046000e-01
   1.9100000e+03   2.4544000e-01   1.6226000e-01   1.4345000e-01   1.8058000e-01
   1.9150000e+03   2.4558000e-01   1.6258000e-01   1.4377000e-01   1.8087000e-01
   1.9200000e+03   2.4592000e-01   1.6317000e-01   1.4442000e-01   1.8148000e-01
   1.9250000e+03   2.4653000e-01   1.6327000e-01   1.4453000e-01   1.8175000e-01
   1.9300000e+03   2.4687000e-01   1.6383000e-01   1.4486000e-01   1.8188000e-01
   1.9350000e+03   2.4619000e-01   1.6385000e-01   1.4426000e-01   1.8210000e-01
   1.9400000e+03   2.4695000e-01   1.6419000e-01   1.4529000e-01   1.8239000e-01
   1.9450000e+03   2.4639000e-01   1.6451000e-01   1.4457000e-01   1.8292000e-01
   1.9500000e+03   2.4724000e-01   1.6472000e-01   1.4562000e-01   1.8288000e-01
   1.9550000e+03   2.4751000e-01   1.6494000e-01   1.4577000e-01   1.8322000e-01
   1.9600000e+03   2.4782000e-01   1.6539000e-01   1.4623000e-01   1.8373000e-01
   1.9650000e+03   2.4755000e-01   1.6545000e-01   1.4584000e-01   1.8337000e-01
   1.9700000e+03   2.4882000e-01   1.6589000e-01   1.4656000e-01   1.8360000e-01
   1.9750000e+03   2.4928000e-01   1.6615000e-01   1.4670000e-01   1.8454000e-01
   1.9800000e+03   2.4986000e-01   1.6643000e-01   1.4744000e-01   1.8466000e-01
   1.9850000e+03   2.5035000e-01   1.6683000e-01   1.4693000e-01   1.8514000e-01
   1.9900000e+03   2.5037000e-01   1.6709000e-01   1.4725000e-01   1.8571000e-01
   1.9950000e+03   2.5098000e-01   1.6746000e-01   1.4761000e-01   1.8565000e-01
   2.0000000e+03   2.5107000e-01   1.6778000e-01   1.4821000e-01   1.8581000e-01
   2.0050000e+03   2.5202000e-01   1.6806000e-01   1.4870000e-01   1.8609000e-01
   2.0100000e+03   2.5178000e-01   1.6860000e-01   1.4863000e-01   1.8752000e-01
   2.0150000e+03   2.5362000e-01   1.6878000e-01   1.4970000e-01   1.8732000e-01
   2.0200000e+03   2.5248000e-01   1.6915000e-01   1.4955000e-01   1.8703000e-01
   2.0250000e+03   2.5442000e-01   1.6925000e-01   1.5003000e-01   1.8808000e-01
   2.0300000e+03   2.5347000e-01   1.6973000e-01   1.4980000e-01   1.8808000e-01
   2.0350000e+03   2.5469000e-01   1.6977000e-01   1.5028000e-01   1.8863000e-01
   2.0400000e+03   2.5471000e-01   1.6997000e-01   1.5051000e-01   1.8940000e-01
   2.0450000e+03   2.5539000e-01   1.7067000e-01   1.5011000e-01   1.8946000e-01
   2.0500000e+03   2.5544000e-01   1.7006000e-01   1.5069000e-01   1.8979000e-01
   2.0550000e+03   2.5523000e-01   1.7091000e-01   1.5080000e-01   1.9019000e-01
   2.0600000e+03   2.5577000e-01   1.7064000e-01   1.5164000e-01   1.9009000e-01
   2.0650000e+03   2.5619000e-01   1.7164000e-01   1.5221000e-01   1.9039000e-01
   2.0700000e+03   2.5692000e-01   1.7134000e-01   1.5303000e-01   1.9052000e-01
   2.0750000e+03   2.5657000e-01   1.7229000e-01   1.5335000e-01   1.9109000e-01
   2.0800000e+03   2.5773000e-01   1.7190000e-01   1.5390000e-01   1.9173000e-01
   2.0850000e+03   2.5800000e-01   1.7253000e-01   1.5388000e-01   1.9209000e-01
   2.0900000e+03   2.5919000e-01   1.7268000e-01   1.5466000e-01   1.9254000e-01
   2.0950000e+03   2.5871000e-01   1.7363000e-01   1.5466000e-01   1.9290000e-01
   2.1000000e+03   2.5994000e-01   1.7274000e-01   1.5454000e-01   1.9355000e-01
   2.1050000e+03   2.5955000e-01   1.7372000e-01   1.5481000e-01   1.9344000e-01
   2.1100000e+03   2.6004000e-01   1.7350000e-01   1.5557000e-01   1.9442000e-01
   2.1150000e+03   2.6006000e-01   1.7442000e-01   1.5577000e-01   1.9403000e-01
   2.1200000e+03   2.6099000e-01   1.7463000e-01   1.5622000e-01   1.9489000e-01
   2.1250000e+03   2.6110000e-01   1.7523000e-01   1.5673000e-01   1.9494000e-01
   2.1300000e+03   2.6158000e-01   1.7522000e-01   1.5653000e-01   1.9566000e-01
   2.1350000e+03   2.6240000e-01   1.7574000e-01   1.5750000e-01   1.9573000e-01
   2.1400000e+03   2.6264000e-01   1.7589000e-01   1.5785000e-01   1.9590000e-01
   2.1450000e+03   2.6318000e-01   1.7615000e-01   1.5819000e-01   1.9657000e-01
   2.1500000e+03   2.6348000e-01   1.7668000e-01   1.5832000e-01   1.9634000e-01
   2.1550000e+03   2.6418000e-01   1.7721000e-01   1.5861000e-01   1.9745000e-01
   2.1600000e+03   2.6421000e-01   1.7747000e-01   1.5903000e-01   1.9836000e-01
   2.1650000e+03   2.6507000e-01   1.7787000e-01   1.5993000e-01   1.9850000e-01
   2.1700000e+03   2.6530000e-01   1.7827000e-01   1.5987000e-01   1.9836000e-01
   2.1750000e+03   2.6602000e-01   1.7858000e-01   1.6050000e-01   1.9899000e-01
   2.1800000e+03   2.6547000e-01   1.7920000e-01   1.6073000e-01   1.9929000e-01
   2.1850000e+03   2.6655000e-01   1.7962000e-01   1.6113000e-01   2.0023000e-01
   2.1900000e+03   2.6696000e-01   1.8023000e-01   1.6186000e-01   2.0042000e-01
   2.1950000e+03   2.6741000e-01   1.8015000e-01   1.6210000e-01   2.0084000e-01
   2.2000000e+03   2.6816000e-01   1.8044000e-01   1.6199000e-01   2.0096000e-01
   2.2050000e+03   2.6835000e-01   1.8103000e-01   1.6199000e-01   2.0159000e-01
   2.2100000e+03   2.6923000e-01   1.8128000e-01   1.6333000e-01   2.0287000e-01
   2.2150000e+03   2.6874000e-01   1.8168000e-01   1.6276000e-01   2.0260000e-01
   2.2200000e+03   2.6976000e-01   1.8235000e-01   1.6414000e-01   2.0305000e-01
   2.2250000e+03   2.6960000e-01   1.8260000e-01   1.6344000e-01   2.0351000e-01
   2.2300000e+03   2.7135000e-01   1.8333000e-01   1.6555000e-01   2.0424000e-01
   2.2350000e+03   2.7076000e-01   1.8373000e-01   1.6524000e-01   2.0434000e-01
   2.2400000e+03   2.7179000e-01   1.8425000e-01   1.6584000e-01   2.0503000e-01
   2.2450000e+03   2.7216000e-01   1.8438000e-01   1.6580000e-01   2.0529000e-01
   2.2500000e+03   2.7334000e-01   1.8544000e-01   1.6773000e-01   2.0592000e-01
   2.2550000e+03   2.7294000e-01   1.8568000e-01   1.6669000e-01   2.0690000e-01
   2.2600000e+03   2.7397000e-01   1.8624000e-01   1.6786000e-01   2.0685000e-01
   2.2650000e+03   2.7421000e-01   1.8652000e-01   1.6787000e-01   2.0703000e-01
   2.2700000e+03   2.7487000e-01   1.8740000e-01   1.6842000e-01   2.0770000e-01
   2.2750000e+03   2.7519000e-01   1.8776000e-01   1.6875000e-01   2.0799000e-01
   2.2800000e+03   2.7560000e-01   1.8852000e-01   1.6984000e-01   2.0819000e-01
   2.2850000e+03   2.7616000e-01   1.8925000e-01   1.7015000e-01   2.0896000e-01
   2.2900000e+03   2.7559000e-01   1.8994000e-01   1.7106000e-01   2.0876000e-01
   2.2950000e+03   2.7781000e-01   1.9064000e-01   1.7202000e-01   2.1012000e-01
   2.3000000e+03   2.7755000e-01   1.9133000e-01   1.7190000e-01   2.1032000e-01
   2.3050000e+03   2.7917000e-01   1.9168000e-01   1.7277000e-01   2.1052000e-01
   2.3100000e+03   2.7820000e-01   1.9235000e-01   1.7357000e-01   2.1149000e-01
   2.3150000e+03   2.7872000e-01   1.9242000e-01   1.7361000e-01   2.1218000e-01
   2.3200000e+03   2.7873000e-01   1.9267000e-01   1.7356000e-01   2.1247000e-01
   2.3250000e+03   2.8091000e-01   1.9280000e-01   1.7468000e-01   2.1282000e-01
   2.3300000e+03   2.8008000e-01   1.9353000e-01   1.7496000e-01   2.1300000e-01
   2.3350000e+03   2.8143000e-01   1.9361000e-01   1.7505000e-01   2.1389000e-01
   2.3400000e+03   2.8140000e-01   1.9461000e-01   1.7590000e-01   2.1385000e-01
   2.3450000e+03   2.8175000e-01   1.9518000e-01   1.7581000e-01   2.1518000e-01
   2.3500000e+03   2.8254000e-01   1.9540000e-01   1.7689000e-01   2.1537000e-01
   2.3550000e+03   2.8151000e-01   1.9552000e-01   1.7598000e-01   2.1542000e-01
   2.3600000e+03   2.8208000e-01   1.9653000e-01   1.7781000e-01   2.1610000e-01
   2.3650000e+03   2.8229000e-01   1.9649000e-01   1.7799000e-01   2.1721000e-01
   2.3700000e+03   2.8321000e-01   1.9723000e-01   1.7928000e-01   2.1703000e-01
   2.3750000e+03   2.8268000e-01   1.9751000e-01   1.7929000e-01   2.1779000e-01
   2.3800000e+03   2.8403000e-01   1.9820000e-01   1.8036000e-01   2.1845000e-01
   2.3850000e+03   2.8362000e-01   1.9870000e-01   1.7987000e-01   2.1910000e-01
   2.3900000e+03   2.8424000e-01   1.9921000e-01   1.8119000e-01   2.1936000e-01
   2.3950000e+03   2.8440000e-01   1.9971000e-01   1.8113000e-01   2.1989000e-01
   2.4000000e+03   2.8520000e-01   2.0014000e-01   1.8253000e-01   2.2079000e-01
   2.4050000e+03   2.8652000e-01   2.0063000e-01   1.8277000e-01   2.2089000e-01
   2.4100000e+03   2.8697000e-01   2.0087000e-01   1.8322000e-01   2.2190000e-01
   2.4150000e+03   2.8716000e-01   2.0147000e-01   1.8437000e-01   2.2186000e-01
   2.4200000e+03   2.8659000e-01   2.0195000e-01   1.8501000e-01   2.2232000e-01
   2.4250000e+03   2.8750000e-01   2.0190000e-01   1.8605000e-01   2.2269000e-01
   2.4300000e+03   2.8775000e-01   2.0285000e-01   1.8559000e-01   2.2361000e-01
   2.4350000e+03   2.8844000e-01   2.0322000e-01   1.8613000e-01   2.2414000e-01
   2.4400000e+03   2.8939000e-01   2.0354000e-01   1.8731000e-01   2.2419000e-01
   2.4450000e+03   2.8976000e-01   2.0390000e-01   1.8881000e-01   2.2556000e-01
   2.4500000e+03   2.8937000e-01   2.0442000e-01   1.8816000e-01   2.2599000e-01
   2.4550000e+03   2.9028000e-01   2.0462000e-01   1.8954000e-01   2.2675000e-01
   2.4600000e+03   2.9035000e-01   2.0546000e-01   1.8940000e-01   2.2739000e-01
   2.4650000e+03   2.8966000e-01   2.0591000e-01   1.8961000e-01   2.2756000e-01
   2.4700000e+03   2.9061000e-01   2.0683000e-01   1.9019000e-01   2.2857000e-01
   2.4750000e+03   2.9087000e-01   2.0790000e-01   1.9005000e-01   2.2834000e-01
   2.4800000e+03   2.9179000e-01   2.0892000e-01   1.9126000e-01   2.2933000e-01
   2.4850000e+03   2.9106000e-01   2.0913000e-01   1.9096000e-01   2.2979000e-01
   2.4900000e+03   2.9260000e-01   2.1000000e-01   1.9218000e-01   2.3046000e-01
   2.4950000e+03   2.9138000e-01   2.0966000e-01   1.9281000e-01   2.3046000e-01
   2.5000000e+03   2.9407000e-01   2.1018000e-01   1.9317000e-01   2.3088000e-01
   2.5050000e+03   2.9222000e-01   2.1036000e-01   1.9433000e-01   2.3188000e-01
   2.5100000e+03   2.9367000e-01   2.1110000e-01   1.9494000e-01   2.3211000e-01
   2.5150000e+03   2.9336000e-01   2.1163000e-01   1.9566000e-01   2.3320000e-01
   2.5200000e+03   2.9403000e-01   2.1202000e-01   1.9511000e-01   2.3306000e-01
   2.5250000e+03   2.9342000e-01   2.1247000e-01   1.9585000e-01   2.3343000e-01
   2.5300000e+03   2.9456000e-01   2.1357000e-01   1.9734000e-01   2.3482000e-01
   2.5350000e+03   2.9479000e-01   2.1382000e-01   1.9789000e-01   2.3505000e-01
   2.5400000e+03   2.9557000e-01   2.1457000e-01   1.9813000e-01   2.3480000e-01
   2.5450000e+03   2.9670000e-01   2.1487000e-01   1.9817000e-01   2.3743000e-01
   2.5500000e+03   2.9719000e-01   2.1620000e-01   1.9839000e-01   2.3704000e-01
   2.5550000e+03   2.9688000e-01   2.1589000e-01   1.9899000e-01   2.3778000e-01
   2.5600000e+03   2.9831000e-01   2.1648000e-01   2.0207000e-01   2.3798000e-01
   2.5650000e+03   2.9877000e-01   2.1700000e-01   2.0155000e-01   2.3873000e-01
   2.5700000e+03   2.9922000e-01   2.1793000e-01   2.0186000e-01   2.3923000e-01
   2.5750000e+03   2.9924000e-01   2.1780000e-01   2.0357000e-01   2.3988000e-01
   2.5800000e+03   3.0105000e-01   2.1922000e-01   2.0343000e-01   2.3985000e-01
   2.5850000e+03   3.0016000e-01   2.1999000e-01   2.0579000e-01   2.4163000e-01
   2.5900000e+03   3.0248000e-01   2.2052000e-01   2.0324000e-01   2.4076000e-01
   2.5950000e+03   3.0140000e-01   2.2099000e-01   2.0714000e-01   2.4021000e-01
   2.6000000e+03   3.0260000e-01   2.2132000e-01   2.0322000e-01   2.3958000e-01
