   3.0000000e+02   3.3726000e-02   3.3707000e-02   3.6837000e-02   3.5157000e-02
   3.0500000e+02   3.4788000e-02   3.3753000e-02   3.4828000e-02   3.4470000e-02
   3.1000000e+02   3.5853000e-02   3.3800000e-02   3.6645000e-02   3.6461000e-02
   3.1500000e+02   3.7023000e-02   3.4660000e-02   3.5436000e-02   3.3915000e-02
   3.2000000e+02   3.7826000e-02   3.4902000e-02   3.6814000e-02   3.5433000e-02
   3.2500000e+02   3.8377000e-02   3.5224000e-02   3.8643000e-02   3.6704000e-02
   3.3000000e+02   3.8992000e-02   3.5778000e-02   3.8453000e-02   3.7512000e-02
   3.3500000e+02   3.9717000e-02   3.6438000e-02   3.9444000e-02   3.8543000e-02
   3.4000000e+02   4.1059000e-02   3.7560000e-02   3.9074000e-02   3.8664000e-02
   3.4500000e+02   4.2109000e-02   3.7726000e-02   4.0082000e-02   3.9028000e-02
   3.5000000e+02   4.2687000e-02   3.8485000e-02   4.0288000e-02   3.9480000e-02
   3.5500000e+02   4.3328000e-02   3.9051000e-02   4.1393000e-02   4.0324000e-02
   3.6000000e+02   4.4626000e-02   3.9702000e-02   4.1928000e-02   4.1042000e-02
   3.6500000e+02   4.5192000e-02   4.0331000e-02   4.2422000e-02   4.1790000e-02
   3.7000000e+02   4.6201000e-02   4.0963000e-02   4.2999000e-02   4.2522000e-02
   3.7500000e+02   4.7063000e-02   4.1534000e-02   4.3662000e-02   4.2920000e-02
   3.8000000e+02   4.8382000e-02   4.2271000e-02   4.4851000e-02   4.4272000e-02
   3.8500000e+02   4.9432000e-02   4.3003000e-02   4.4889000e-02   4.4566000e-02
   3.9000000e+02   5.0602000e-02   4.3758000e-02   4.5951000e-02   4.5679000e-02
   3.9500000e+02   5.1613000e-02   4.4641000e-02   4.6723000e-02   4.6675000e-02
   4.0000000e+02   5.2613000e-02   4.5226000e-02   4.7556000e-02   4.7425000e-02
   4.0500000e+02   5.3754000e-02   4.6013000e-02   4.8732000e-02   4.8562000e-02
   4.1000000e+02   5.4898000e-02   4.6567000e-02   4.9029000e-02   4.9141000e-02
   4.1500000e+02   5.5836000e-02   4.7244000e-02   4.9573000e-02   5.0093000e-02
   4.2000000e+02   5.6867000e-02   4.7998000e-02   5.0024000e-02   5.0601000e-02
   4.2500000e+02   5.7984000e-02   4.8677000e-02   5.0758000e-02   5.1517000e-02
   4.3000000e+02   5.9098000e-02   4.9394000e-02   5.1300000e-02   5.2215000e-02
   4.3500000e+02   6.0144000e-02   5.0081000e-02   5.2333000e-02   5.3110000e-02
   4.4000000e+02   6.1171000e-02   5.0748000e-02   5.3149000e-02   5.4087000e-02
   4.4500000e+02   6.2165000e-02   5.1438000e-02   5.3114000e-02   5.4479000e-02
   4.5000000e+02   6.3255000e-02   5.2137000e-02   5.4373000e-02   5.5854000e-02
   4.5500000e+02   6.4214000e-02   5.2777000e-02   5.4454000e-02   5.6110000e-02
   4.6000000e+02   6.5114000e-02   5.3324000e-02   5.5711000e-02   5.7415000e-02
   4.6500000e+02   6.6174000e-02   5.4065000e-02   5.5778000e-02   5.7795000e-02
   4.7000000e+02   6.7265000e-02   5.4816000e-02   5.6694000e-02   5.8724000e-02
   4.7500000e+02   6.8157000e-02   5.5401000e-02   5.7866000e-02   5.9658000e-02
   4.8000000e+02   6.9111000e-02   5.6069000e-02   5.8147000e-02   6.0133000e-02
   4.8500000e+02   7.0193000e-02   5.6800000e-02   5.9328000e-02   6.1256000e-02
   4.9000000e+02   7.1225000e-02   5.7509000e-02   5.9590000e-02   6.1715000e-02
   4.9500000e+02   7.2126000e-02   5.8058000e-02   6.0427000e-02   6.2741000e-02
   5.0000000e+02   7.3105000e-02   5.8704000e-02   6.0756000e-02   6.3260000e-02
   5.0500000e+02   7.4146000e-02   5.9313000e-02   6.1229000e-02   6.4106000e-02
   5.1000000e+02   7.5052000e-02   5.9988000e-02   6.1716000e-02   6.4819000e-02
   5.1500000e+02   7.6084000e-02   6.0839000e-02   6.2431000e-02   6.5759000e-02
   5.2000000e+02   7.7132000e-02   6.1596000e-02   6.2916000e-02   6.6403000e-02
   5.2500000e+02   7.8005000e-02   6.2259000e-02   6.3590000e-02   6.7134000e-02
   5.3000000e+02   7.9205000e-02   6.3149000e-02   6.4745000e-02   6.8387000e-02
   5.3500000e+02   7.9902000e-02   6.3699000e-02   6.3978000e-02   6.8610000e-02
   5.4000000e+02   8.1057000e-02   6.4399000e-02   6.5334000e-02   6.9992000e-02
   5.4500000e+02   8.1768000e-02   6.4854000e-02   6.5306000e-02   7.0107000e-02
   5.5000000e+02   8.2852000e-02   6.5630000e-02   6.6497000e-02   7.1400000e-02
   5.5500000e+02   8.3540000e-02   6.6221000e-02   6.6440000e-02   7.1618000e-02
   5.6000000e+02   8.4769000e-02   6.6967000e-02   6.7435000e-02   7.2656000e-02
   5.6500000e+02   8.5353000e-02   6.7501000e-02   6.8029000e-02   7.3431000e-02
   5.7000000e+02   8.6285000e-02   6.8158000e-02   6.8139000e-02   7.3877000e-02
   5.7500000e+02   8.7215000e-02   6.8774000e-02   6.8531000e-02   7.4904000e-02
   5.8000000e+02   8.7893000e-02   6.9339000e-02   6.8476000e-02   7.5121000e-02
   5.8500000e+02   8.8942000e-02   6.9963000e-02   6.9462000e-02   7.6227000e-02
   5.9000000e+02   8.9515000e-02   7.0523000e-02   6.9491000e-02   7.6631000e-02
   5.9500000e+02   9.0532000e-02   7.1181000e-02   7.1080000e-02   7.7575000e-02
   6.0000000e+02   9.1271000e-02   7.1807000e-02   7.1308000e-02   7.7999000e-02
   6.0500000e+02   9.2217000e-02   7.2412000e-02   7.2158000e-02   7.9012000e-02
   6.1000000e+02   9.3014000e-02   7.3089000e-02   7.2380000e-02   7.9415000e-02
   6.1500000e+02   9.3998000e-02   7.3705000e-02   7.3248000e-02   8.0448000e-02
   6.2000000e+02   9.4866000e-02   7.4337000e-02   7.3311000e-02   8.0734000e-02
   6.2500000e+02   9.5785000e-02   7.4864000e-02   7.4463000e-02   8.1522000e-02
   6.3000000e+02   9.6457000e-02   7.5529000e-02   7.5136000e-02   8.2398000e-02
   6.3500000e+02   9.7456000e-02   7.6149000e-02   7.4838000e-02   8.2545000e-02
   6.4000000e+02   9.8195000e-02   7.6700000e-02   7.5976000e-02   8.3836000e-02
   6.4500000e+02   9.8972000e-02   7.7152000e-02   7.5878000e-02   8.3840000e-02
   6.5000000e+02   9.9650000e-02   7.7768000e-02   7.7048000e-02   8.5151000e-02
   6.5500000e+02   1.0054000e-01   7.8318000e-02   7.6880000e-02   8.5239000e-02
   6.6000000e+02   1.0117000e-01   7.8806000e-02   7.7808000e-02   8.6097000e-02
   6.6500000e+02   1.0198000e-01   7.9388000e-02   7.8182000e-02   8.6737000e-02
   6.7000000e+02   1.0267000e-01   7.9955000e-02   7.8206000e-02   8.7038000e-02
   6.7500000e+02   1.0347000e-01   8.0445000e-02   7.9363000e-02   8.8097000e-02
   6.8000000e+02   1.0441000e-01   8.1038000e-02   7.9226000e-02   8.8255000e-02
   6.8500000e+02   1.0484000e-01   8.1482000e-02   8.0332000e-02   8.9396000e-02
   6.9000000e+02   1.0593000e-01   8.2016000e-02   8.0186000e-02   8.9372000e-02
   6.9500000e+02   1.0635000e-01   8.2380000e-02   8.0968000e-02   9.0357000e-02
   7.0000000e+02   1.0755000e-01   8.3116000e-02   8.1079000e-02   9.0572000e-02
   7.0500000e+02   1.0784000e-01   8.3413000e-02   8.2040000e-02   9.1488000e-02
   7.1000000e+02   1.0881000e-01   8.4032000e-02   8.1974000e-02   9.1763000e-02
   7.1500000e+02   1.0942000e-01   8.4430000e-02   8.2505000e-02   9.2621000e-02
   7.2000000e+02   1.1013000e-01   8.4952000e-02   8.3290000e-02   9.3357000e-02
   7.2500000e+02   1.1077000e-01   8.5237000e-02   8.4075000e-02   9.4094000e-02
   7.3000000e+02   1.1126000e-01   8.5626000e-02   8.3277000e-02   9.3229000e-02
   7.3500000e+02   1.1215000e-01   8.6168000e-02   8.4095000e-02   9.4386000e-02
   7.4000000e+02   1.1265000e-01   8.6689000e-02   8.4394000e-02   9.4508000e-02
   7.4500000e+02   1.1370000e-01   8.7168000e-02   8.4683000e-02   9.5164000e-02
   7.5000000e+02   1.1420000e-01   8.7585000e-02   8.5630000e-02   9.6119000e-02
   7.5500000e+02   1.1489000e-01   8.7930000e-02   8.4669000e-02   9.5912000e-02
   7.6000000e+02   1.1543000e-01   8.8291000e-02   8.5507000e-02   9.7006000e-02
   7.6500000e+02   1.1622000e-01   8.8780000e-02   8.5490000e-02   9.6989000e-02
   7.7000000e+02   1.1669000e-01   8.9103000e-02   8.6356000e-02   9.8476000e-02
   7.7500000e+02   1.1754000e-01   8.9516000e-02   8.6439000e-02   9.8144000e-02
   7.8000000e+02   1.1813000e-01   8.9838000e-02   8.6463000e-02   9.8520000e-02
   7.8500000e+02   1.1887000e-01   9.0118000e-02   8.7112000e-02   9.8954000e-02
   7.9000000e+02   1.1955000e-01   9.0429000e-02   8.6381000e-02   9.9249000e-02
   7.9500000e+02   1.1997000e-01   9.0590000e-02   8.7474000e-02   1.0023000e-01
   8.0000000e+02   1.2064000e-01   9.0670000e-02   8.6692000e-02   9.9731000e-02
   8.0500000e+02   1.2082000e-01   9.0738000e-02   8.7011000e-02   1.0042000e-01
   8.1000000e+02   1.2158000e-01   9.0885000e-02   8.6385000e-02   1.0011000e-01
   8.1500000e+02   1.2195000e-01   9.0934000e-02   8.6383000e-02   1.0099000e-01
   8.2000000e+02   1.2292000e-01   9.1043000e-02   8.6060000e-02   1.0083000e-01
   8.2500000e+02   1.2286000e-01   9.1015000e-02   8.5425000e-02   1.0039000e-01
   8.3000000e+02   1.2382000e-01   9.1031000e-02   8.5316000e-02   1.0011000e-01
   8.3500000e+02   1.2386000e-01   9.0705000e-02   8.4804000e-02   1.0062000e-01
   8.4000000e+02   1.2434000e-01   9.0775000e-02   8.4610000e-02   1.0152000e-01
   8.4500000e+02   1.2525000e-01   9.0509000e-02   8.3045000e-02   1.0069000e-01
   8.5000000e+02   1.2565000e-01   9.0452000e-02   8.3667000e-02   1.0119000e-01
   8.5500000e+02   1.2566000e-01   9.0251000e-02   8.3174000e-02   1.0037000e-01
   8.6000000e+02   1.2599000e-01   8.9998000e-02   8.3326000e-02   1.0102000e-01
   8.6500000e+02   1.2607000e-01   8.9583000e-02   8.2666000e-02   1.0089000e-01
   8.7000000e+02   1.2652000e-01   8.9160000e-02   8.2328000e-02   1.0024000e-01
   8.7500000e+02   1.2684000e-01   8.8738000e-02   8.2269000e-02   1.0072000e-01
   8.8000000e+02   1.2754000e-01   8.8933000e-02   8.1173000e-02   1.0051000e-01
   8.8500000e+02   1.2720000e-01   8.8544000e-02   8.0947000e-02   1.0084000e-01
   8.9000000e+02   1.2797000e-01   8.8296000e-02   8.0430000e-02   1.0054000e-01
   8.9500000e+02   1.2847000e-01   8.8092000e-02   8.0377000e-02   1.0081000e-01
   9.0000000e+02   1.2841000e-01   8.8002000e-02   7.9808000e-02   1.0026000e-01
   9.0500000e+02   1.2922000e-01   8.7933000e-02   7.9527000e-02   1.0058000e-01
   9.1000000e+02   1.2930000e-01   8.7645000e-02   7.9009000e-02   1.0044000e-01
   9.1500000e+02   1.2989000e-01   8.7652000e-02   7.9149000e-02   1.0064000e-01
   9.2000000e+02   1.2974000e-01   8.7284000e-02   7.9075000e-02   1.0098000e-01
   9.2500000e+02   1.3051000e-01   8.7167000e-02   7.9464000e-02   1.0105000e-01
   9.3000000e+02   1.3051000e-01   8.7336000e-02   7.9417000e-02   1.0106000e-01
   9.3500000e+02   1.3140000e-01   8.7437000e-02   7.9571000e-02   1.0122000e-01
   9.4000000e+02   1.3138000e-01   8.7437000e-02   7.9930000e-02   1.0197000e-01
   9.4500000e+02   1.3207000e-01   8.7567000e-02   7.9397000e-02   1.0176000e-01
   9.5000000e+02   1.3233000e-01   8.7596000e-02   7.9859000e-02   1.0237000e-01
   9.5500000e+02   1.3300000e-01   8.8241000e-02   7.9812000e-02   1.0234000e-01
   9.6000000e+02   1.3364000e-01   8.8602000e-02   8.0401000e-02   1.0282000e-01
   9.6500000e+02   1.3410000e-01   8.8823000e-02   8.0287000e-02   1.0319000e-01
   9.7000000e+02   1.3483000e-01   8.9244000e-02   8.1118000e-02   1.0375000e-01
   9.7500000e+02   1.3516000e-01   8.9519000e-02   8.1185000e-02   1.0392000e-01
   9.8000000e+02   1.3609000e-01   9.0241000e-02   8.1869000e-02   1.0468000e-01
   9.8500000e+02   1.3642000e-01   9.0709000e-02   8.2394000e-02   1.0527000e-01
   9.9000000e+02   1.3742000e-01   9.1172000e-02   8.2721000e-02   1.0586000e-01
   9.9500000e+02   1.3747000e-01   9.1478000e-02   8.3250000e-02   1.0632000e-01
   1.0000000e+03   1.3860000e-01   9.2427000e-02   8.3498000e-02   1.0676000e-01
   1.0050000e+03   1.3872000e-01   9.3014000e-02   8.4146000e-02   1.0757000e-01
   1.0100000e+03   1.3989000e-01   9.3801000e-02   8.4707000e-02   1.0801000e-01
   1.0150000e+03   1.4036000e-01   9.4408000e-02   8.5172000e-02   1.0886000e-01
   1.0200000e+03   1.4141000e-01   9.5081000e-02   8.5709000e-02   1.0961000e-01
   1.0250000e+03   1.4174000e-01   9.5788000e-02   8.6588000e-02   1.1016000e-01
   1.0300000e+03   1.4307000e-01   9.6967000e-02   8.6897000e-02   1.1073000e-01
   1.0350000e+03   1.4362000e-01   9.7755000e-02   8.7850000e-02   1.1156000e-01
   1.0400000e+03   1.4435000e-01   9.8423000e-02   8.8356000e-02   1.1204000e-01
   1.0450000e+03   1.4518000e-01   9.9346000e-02   8.9130000e-02   1.1308000e-01
   1.0500000e+03   1.4603000e-01   1.0012000e-01   9.0020000e-02   1.1364000e-01
   1.0550000e+03   1.4708000e-01   1.0114000e-01   9.1387000e-02   1.1464000e-01
   1.0600000e+03   1.4744000e-01   1.0176000e-01   9.1850000e-02   1.1521000e-01
   1.0650000e+03   1.4846000e-01   1.0268000e-01   9.2590000e-02   1.1631000e-01
   1.0700000e+03   1.4900000e-01   1.0323000e-01   9.3289000e-02   1.1683000e-01
   1.0750000e+03   1.5010000e-01   1.0440000e-01   9.4017000e-02   1.1784000e-01
   1.0800000e+03   1.5080000e-01   1.0472000e-01   9.4988000e-02   1.1862000e-01
   1.0850000e+03   1.5128000e-01   1.0573000e-01   9.6116000e-02   1.1946000e-01
   1.0900000e+03   1.5283000e-01   1.0683000e-01   9.6998000e-02   1.2021000e-01
   1.0950000e+03   1.5310000e-01   1.0754000e-01   9.7417000e-02   1.2104000e-01
   1.1000000e+03   1.5426000e-01   1.0874000e-01   9.8181000e-02   1.2187000e-01
   1.1050000e+03   1.5474000e-01   1.0910000e-01   9.9010000e-02   1.2281000e-01
   1.1100000e+03   1.5576000e-01   1.1038000e-01   1.0002000e-01   1.2356000e-01
   1.1150000e+03   1.5651000e-01   1.1111000e-01   1.0065000e-01   1.2426000e-01
   1.1200000e+03   1.5740000e-01   1.1192000e-01   1.0142000e-01   1.2524000e-01
   1.1250000e+03   1.5769000e-01   1.1266000e-01   1.0257000e-01   1.2610000e-01
   1.1300000e+03   1.5842000e-01   1.1320000e-01   1.0362000e-01   1.2691000e-01
   1.1350000e+03   1.5916000e-01   1.1397000e-01   1.0334000e-01   1.2732000e-01
   1.1400000e+03   1.5986000e-01   1.1467000e-01   1.0461000e-01   1.2827000e-01
   1.1450000e+03   1.6083000e-01   1.1532000e-01   1.0448000e-01   1.2896000e-01
   1.1500000e+03   1.6143000e-01   1.1624000e-01   1.0569000e-01   1.2970000e-01
   1.1550000e+03   1.6230000e-01   1.1693000e-01   1.0627000e-01   1.3028000e-01
   1.1600000e+03   1.6283000e-01   1.1740000e-01   1.0707000e-01   1.3129000e-01
   1.1650000e+03   1.6369000e-01   1.1823000e-01   1.0785000e-01   1.3172000e-01
   1.1700000e+03   1.6410000e-01   1.1856000e-01   1.0841000e-01   1.3246000e-01
   1.1750000e+03   1.6477000e-01   1.1923000e-01   1.0803000e-01   1.3277000e-01
   1.1800000e+03   1.6521000e-01   1.1978000e-01   1.0920000e-01   1.3365000e-01
   1.1850000e+03   1.6639000e-01   1.2060000e-01   1.0969000e-01   1.3396000e-01
   1.1900000e+03   1.6623000e-01   1.2101000e-01   1.1039000e-01   1.3461000e-01
   1.1950000e+03   1.6750000e-01   1.2168000e-01   1.1086000e-01   1.3527000e-01
   1.2000000e+03   1.6762000e-01   1.2226000e-01   1.1122000e-01   1.3616000e-01
   1.2050000e+03   1.6716000e-01   1.2278000e-01   1.1284000e-01   1.3749000e-01
   1.2100000e+03   1.6874000e-01   1.2316000e-01   1.1197000e-01   1.3653000e-01
   1.2150000e+03   1.6997000e-01   1.2411000e-01   1.1384000e-01   1.3801000e-01
   1.2200000e+03   1.7012000e-01   1.2459000e-01   1.1411000e-01   1.3823000e-01
   1.2250000e+03   1.7101000e-01   1.2502000e-01   1.1399000e-01   1.3879000e-01
   1.2300000e+03   1.7154000e-01   1.2554000e-01   1.1418000e-01   1.3902000e-01
   1.2350000e+03   1.7225000e-01   1.2615000e-01   1.1498000e-01   1.3972000e-01
   1.2400000e+03   1.7284000e-01   1.2652000e-01   1.1529000e-01   1.4004000e-01
   1.2450000e+03   1.7376000e-01   1.2717000e-01   1.1603000e-01   1.4097000e-01
   1.2500000e+03   1.7450000e-01   1.2797000e-01   1.1627000e-01   1.4110000e-01
   1.2550000e+03   1.7519000e-01   1.2820000e-01   1.1703000e-01   1.4177000e-01
   1.2600000e+03   1.7622000e-01   1.2932000e-01   1.1734000e-01   1.4250000e-01
   1.2650000e+03   1.7653000e-01   1.2941000e-01   1.1823000e-01   1.4328000e-01
   1.2700000e+03   1.7771000e-01   1.3031000e-01   1.1867000e-01   1.4401000e-01
   1.2750000e+03   1.7789000e-01   1.3093000e-01   1.1906000e-01   1.4442000e-01
   1.2800000e+03   1.7879000e-01   1.3169000e-01   1.1950000e-01   1.4494000e-01
   1.2850000e+03   1.7954000e-01   1.3230000e-01   1.2035000e-01   1.4583000e-01
   1.2900000e+03   1.8075000e-01   1.3287000e-01   1.2104000e-01   1.4646000e-01
   1.2950000e+03   1.8094000e-01   1.3334000e-01   1.2167000e-01   1.4726000e-01
   1.3000000e+03   1.8176000e-01   1.3425000e-01   1.2190000e-01   1.4768000e-01
   1.3050000e+03   1.8223000e-01   1.3482000e-01   1.2252000e-01   1.4863000e-01
   1.3100000e+03   1.8298000e-01   1.3552000e-01   1.2305000e-01   1.4936000e-01
   1.3150000e+03   1.8397000e-01   1.3617000e-01   1.2357000e-01   1.5000000e-01
   1.3200000e+03   1.8468000e-01   1.3708000e-01   1.2416000e-01   1.5050000e-01
   1.3250000e+03   1.8536000e-01   1.3727000e-01   1.2504000e-01   1.5128000e-01
   1.3300000e+03   1.8566000e-01   1.3820000e-01   1.2557000e-01   1.5181000e-01
   1.3350000e+03   1.8657000e-01   1.3903000e-01   1.2651000e-01   1.5267000e-01
   1.3400000e+03   1.8752000e-01   1.4000000e-01   1.2713000e-01   1.5332000e-01
   1.3450000e+03   1.8781000e-01   1.4004000e-01   1.2723000e-01   1.5377000e-01
   1.3500000e+03   1.8801000e-01   1.4093000e-01   1.2756000e-01   1.5412000e-01
   1.3550000e+03   1.8879000e-01   1.4133000e-01   1.2822000e-01   1.5480000e-01
   1.3600000e+03   1.8980000e-01   1.4163000e-01   1.2894000e-01   1.5538000e-01
   1.3650000e+03   1.9075000e-01   1.4315000e-01   1.2975000e-01   1.5607000e-01
   1.3700000e+03   1.9075000e-01   1.4335000e-01   1.3041000e-01   1.5668000e-01
   1.3750000e+03   1.9221000e-01   1.4401000e-01   1.3144000e-01   1.5763000e-01
   1.3800000e+03   1.9215000e-01   1.4351000e-01   1.3213000e-01   1.5837000e-01
   1.3850000e+03   1.9330000e-01   1.4546000e-01   1.3260000e-01   1.5904000e-01
   1.3900000e+03   1.9369000e-01   1.4610000e-01   1.3297000e-01   1.5962000e-01
   1.3950000e+03   1.9432000e-01   1.4616000e-01   1.3362000e-01   1.6024000e-01
   1.4000000e+03   1.9462000e-01   1.4640000e-01   1.3404000e-01   1.6068000e-01
   1.4050000e+03   1.9520000e-01   1.4754000e-01   1.3438000e-01   1.6109000e-01
   1.4100000e+03   1.9590000e-01   1.4813000e-01   1.3516000e-01   1.6184000e-01
   1.4150000e+03   1.9661000e-01   1.4862000e-01   1.3549000e-01   1.6223000e-01
   1.4200000e+03   1.9716000e-01   1.4953000e-01   1.3644000e-01   1.6322000e-01
   1.4250000e+03   1.9845000e-01   1.5016000e-01   1.3780000e-01   1.6450000e-01
   1.4300000e+03   1.9869000e-01   1.5060000e-01   1.3850000e-01   1.6513000e-01
   1.4350000e+03   1.9949000e-01   1.5129000e-01   1.3932000e-01   1.6616000e-01
   1.4400000e+03   1.9967000e-01   1.5173000e-01   1.3979000e-01   1.6624000e-01
   1.4450000e+03   2.0074000e-01   1.5258000e-01   1.3972000e-01   1.6697000e-01
   1.4500000e+03   2.0118000e-01   1.5303000e-01   1.3994000e-01   1.6758000e-01
   1.4550000e+03   2.0213000e-01   1.5353000e-01   1.4140000e-01   1.6857000e-01
   1.4600000e+03   2.0244000e-01   1.5403000e-01   1.4140000e-01   1.6869000e-01
   1.4650000e+03   2.0295000e-01   1.5492000e-01   1.4232000e-01   1.6949000e-01
   1.4700000e+03   2.0427000e-01   1.5549000e-01   1.4236000e-01   1.6978000e-01
   1.4750000e+03   2.0432000e-01   1.5579000e-01   1.4371000e-01   1.7086000e-01
   1.4800000e+03   2.0544000e-01   1.5656000e-01   1.4382000e-01   1.7135000e-01
   1.4850000e+03   2.0528000e-01   1.5704000e-01   1.4441000e-01   1.7202000e-01
   1.4900000e+03   2.0669000e-01   1.5788000e-01   1.4466000e-01   1.7206000e-01
   1.4950000e+03   2.0698000e-01   1.5810000e-01   1.4481000e-01   1.7253000e-01
   1.5000000e+03   2.0770000e-01   1.5867000e-01   1.4533000e-01   1.7305000e-01
   1.5050000e+03   2.0805000e-01   1.5931000e-01   1.4652000e-01   1.7429000e-01
   1.5100000e+03   2.0871000e-01   1.6002000e-01   1.4640000e-01   1.7432000e-01
   1.5150000e+03   2.0903000e-01   1.6039000e-01   1.4743000e-01   1.7501000e-01
   1.5200000e+03   2.1025000e-01   1.6075000e-01   1.4739000e-01   1.7544000e-01
   1.5250000e+03   2.1074000e-01   1.6113000e-01   1.4770000e-01   1.7582000e-01
   1.5300000e+03   2.1146000e-01   1.6193000e-01   1.4806000e-01   1.7609000e-01
   1.5350000e+03   2.1150000e-01   1.6229000e-01   1.4817000e-01   1.7649000e-01
   1.5400000e+03   2.1240000e-01   1.6278000e-01   1.4845000e-01   1.7733000e-01
   1.5450000e+03   2.1277000e-01   1.6322000e-01   1.4922000e-01   1.7765000e-01
   1.5500000e+03   2.1348000e-01   1.6346000e-01   1.4963000e-01   1.7768000e-01
   1.5550000e+03   2.1405000e-01   1.6404000e-01   1.4960000e-01   1.7864000e-01
   1.5600000e+03   2.1455000e-01   1.6456000e-01   1.4988000e-01   1.7879000e-01
   1.5650000e+03   2.1490000e-01   1.6503000e-01   1.5061000e-01   1.7963000e-01
   1.5700000e+03   2.1561000e-01   1.6542000e-01   1.5124000e-01   1.7988000e-01
   1.5750000e+03   2.1584000e-01   1.6578000e-01   1.5158000e-01   1.8079000e-01
   1.5800000e+03   2.1588000e-01   1.6597000e-01   1.5185000e-01   1.8047000e-01
   1.5850000e+03   2.1671000e-01   1.6637000e-01   1.5180000e-01   1.8083000e-01
   1.5900000e+03   2.1672000e-01   1.6664000e-01   1.5227000e-01   1.8135000e-01
   1.5950000e+03   2.1730000e-01   1.6678000e-01   1.5276000e-01   1.8161000e-01
   1.6000000e+03   2.1793000e-01   1.6717000e-01   1.5324000e-01   1.8215000e-01
   1.6050000e+03   2.1889000e-01   1.6726000e-01   1.5393000e-01   1.8226000e-01
   1.6100000e+03   2.1891000e-01   1.6765000e-01   1.5412000e-01   1.8315000e-01
   1.6150000e+03   2.1957000e-01   1.6830000e-01   1.5442000e-01   1.8287000e-01
   1.6200000e+03   2.1925000e-01   1.6842000e-01   1.5484000e-01   1.8377000e-01
   1.6250000e+03   2.2002000e-01   1.6868000e-01   1.5468000e-01   1.8351000e-01
   1.6300000e+03   2.1995000e-01   1.6863000e-01   1.5483000e-01   1.8426000e-01
   1.6350000e+03   2.2104000e-01   1.6914000e-01   1.5500000e-01   1.8392000e-01
   1.6400000e+03   2.2127000e-01   1.6949000e-01   1.5563000e-01   1.8472000e-01
   1.6450000e+03   2.2212000e-01   1.6988000e-01   1.5532000e-01   1.8484000e-01
   1.6500000e+03   2.2212000e-01   1.7020000e-01   1.5607000e-01   1.8503000e-01
   1.6550000e+03   2.2267000e-01   1.7057000e-01   1.5559000e-01   1.8511000e-01
   1.6600000e+03   2.2301000e-01   1.7066000e-01   1.5569000e-01   1.8562000e-01
   1.6650000e+03   2.2333000e-01   1.7074000e-01   1.5578000e-01   1.8612000e-01
   1.6700000e+03   2.2420000e-01   1.7105000e-01   1.5685000e-01   1.8734000e-01
   1.6750000e+03   2.2411000e-01   1.7141000e-01   1.5599000e-01   1.8711000e-01
   1.6800000e+03   2.2499000e-01   1.7142000e-01   1.5683000e-01   1.8761000e-01
   1.6850000e+03   2.2535000e-01   1.7186000e-01   1.5662000e-01   1.8729000e-01
   1.6900000e+03   2.2579000e-01   1.7211000e-01   1.5708000e-01   1.8789000e-01
   1.6950000e+03   2.2566000e-01   1.7209000e-01   1.5702000e-01   1.8796000e-01
   1.7000000e+03   2.2627000e-01   1.7236000e-01   1.5743000e-01   1.8870000e-01
   1.7050000e+03   2.2638000e-01   1.7263000e-01   1.5743000e-01   1.8886000e-01
   1.7100000e+03   2.2697000e-01   1.7306000e-01   1.5748000e-01   1.8916000e-01
   1.7150000e+03   2.2677000e-01   1.7289000e-01   1.5738000e-01   1.8977000e-01
   1.7200000e+03   2.2807000e-01   1.7352000e-01   1.5743000e-01   1.8945000e-01
   1.7250000e+03   2.2803000e-01   1.7366000e-01   1.5822000e-01   1.9014000e-01
   1.7300000e+03   2.2872000e-01   1.7355000e-01   1.5819000e-01   1.9004000e-01
   1.7350000e+03   2.2822000e-01   1.7371000e-01   1.5846000e-01   1.9079000e-01
   1.7400000e+03   2.2895000e-01   1.7403000e-01   1.5783000e-01   1.9044000e-01
   1.7450000e+03   2.2886000e-01   1.7416000e-01   1.5894000e-01   1.9118000e-01
   1.7500000e+03   2.2952000e-01   1.7443000e-01   1.5832000e-01   1.9069000e-01
   1.7550000e+03   2.2983000e-01   1.7440000e-01   1.5873000e-01   1.9202000e-01
   1.7600000e+03   2.3066000e-01   1.7473000e-01   1.5820000e-01   1.9085000e-01
   1.7650000e+03   2.3054000e-01   1.7486000e-01   1.5905000e-01   1.9171000e-01
   1.7700000e+03   2.3108000e-01   1.7505000e-01   1.5847000e-01   1.9152000e-01
   1.7750000e+03   2.3190000e-01   1.7552000e-01   1.5939000e-01   1.9200000e-01
   1.7800000e+03   2.3205000e-01   1.7550000e-01   1.5878000e-01   1.9186000e-01
   1.7850000e+03   2.3234000e-01   1.7583000e-01   1.5900000e-01   1.9237000e-01
   1.7900000e+03   2.3272000e-01   1.7616000e-01   1.5886000e-01   1.9257000e-01
   1.7950000e+03   2.3328000e-01   1.7618000e-01   1.5906000e-01   1.9230000e-01
   1.8000000e+03   2.3353000e-01   1.7647000e-01   1.5948000e-01   1.9291000e-01
   1.8050000e+03   2.3405000e-01   1.7680000e-01   1.5893000e-01   1.9267000e-01
   1.8100000e+03   2.3425000e-01   1.7683000e-01   1.5960000e-01   1.9346000e-01
   1.8150000e+03   2.3464000e-01   1.7718000e-01   1.5844000e-01   1.9255000e-01
   1.8200000e+03   2.3455000e-01   1.7712000e-01   1.5931000e-01   1.9345000e-01
   1.8250000e+03   2.3549000e-01   1.7766000e-01   1.5960000e-01   1.9392000e-01
   1.8300000e+03   2.3527000e-01   1.7773000e-01   1.5962000e-01   1.9371000e-01
   1.8350000e+03   2.3551000e-01   1.7747000e-01   1.5950000e-01   1.9400000e-01
   1.8400000e+03   2.3578000e-01   1.7808000e-01   1.5964000e-01   1.9418000e-01
   1.8450000e+03   2.3704000e-01   1.7856000e-01   1.5979000e-01   1.9449000e-01
   1.8500000e+03   2.3654000e-01   1.7868000e-01   1.6024000e-01   1.9502000e-01
   1.8550000e+03   2.3719000e-01   1.7876000e-01   1.6034000e-01   1.9516000e-01
   1.8600000e+03   2.3775000e-01   1.7911000e-01   1.6014000e-01   1.9489000e-01
   1.8650000e+03   2.3875000e-01   1.7934000e-01   1.6018000e-01   1.9544000e-01
   1.8700000e+03   2.3765000e-01   1.7828000e-01   1.6013000e-01   1.9563000e-01
   1.8750000e+03   2.3937000e-01   1.8042000e-01   1.6020000e-01   1.9596000e-01
   1.8800000e+03   2.3973000e-01   1.8094000e-01   1.6021000e-01   1.9626000e-01
   1.8850000e+03   2.3981000e-01   1.8056000e-01   1.6043000e-01   1.9640000e-01
   1.8900000e+03   2.3980000e-01   1.8049000e-01   1.6035000e-01   1.9684000e-01
   1.8950000e+03   2.4088000e-01   1.8097000e-01   1.6077000e-01   1.9724000e-01
   1.9000000e+03   2.3987000e-01   1.8042000e-01   1.6083000e-01   1.9750000e-01
   1.9050000e+03   2.4091000e-01   1.8148000e-01   1.6115000e-01   1.9793000e-01
   1.9100000e+03   2.4171000e-01   1.8177000e-01   1.6148000e-01   1.9813000e-01
   1.9150000e+03   2.4192000e-01   1.8176000e-01   1.6218000e-01   1.9882000e-01
   1.9200000e+03   2.4171000e-01   1.8216000e-01   1.6230000e-01   1.9915000e-01
   1.9250000e+03   2.4291000e-01   1.8311000e-01   1.6240000e-01   2.0014000e-01
   1.9300000e+03   2.4291000e-01   1.8298000e-01   1.6274000e-01   1.9973000e-01
   1.9350000e+03   2.4337000e-01   1.8311000e-01   1.6228000e-01   1.9913000e-01
   1.9400000e+03   2.4383000e-01   1.8350000e-01   1.6250000e-01   2.0044000e-01
   1.9450000e+03   2.4440000e-01   1.8343000e-01   1.6207000e-01   1.9971000e-01
   1.9500000e+03   2.4408000e-01   1.8382000e-01   1.6319000e-01   2.0072000e-01
   1.9550000e+03   2.4472000e-01   1.8384000e-01   1.6259000e-01   1.9975000e-01
   1.9600000e+03   2.4535000e-01   1.8427000e-01   1.6407000e-01   2.0115000e-01
   1.9650000e+03   2.4584000e-01   1.8466000e-01   1.6304000e-01   2.0021000e-01
   1.9700000e+03   2.4593000e-01   1.8509000e-01   1.6412000e-01   2.0106000e-01
   1.9750000e+03   2.4669000e-01   1.8542000e-01   1.6403000e-01   2.0164000e-01
   1.9800000e+03   2.4620000e-01   1.8559000e-01   1.6485000e-01   2.0217000e-01
   1.9850000e+03   2.4707000e-01   1.8604000e-01   1.6487000e-01   2.0212000e-01
   1.9900000e+03   2.4731000e-01   1.8611000e-01   1.6474000e-01   2.0221000e-01
   1.9950000e+03   2.4801000e-01   1.8670000e-01   1.6568000e-01   2.0310000e-01
   2.0000000e+03   2.4818000e-01   1.8671000e-01   1.6542000e-01   2.0235000e-01
   2.0050000e+03   2.4897000e-01   1.8748000e-01   1.6636000e-01   2.0414000e-01
   2.0100000e+03   2.4909000e-01   1.8730000e-01   1.6556000e-01   2.0370000e-01
   2.0150000e+03   2.4954000e-01   1.8792000e-01   1.6740000e-01   2.0494000e-01
   2.0200000e+03   2.5017000e-01   1.8789000e-01   1.6618000e-01   2.0460000e-01
   2.0250000e+03   2.5026000e-01   1.8848000e-01   1.6815000e-01   2.0592000e-01
   2.0300000e+03   2.5114000e-01   1.8877000e-01   1.6727000e-01   2.0456000e-01
   2.0350000e+03   2.5098000e-01   1.8912000e-01   1.6856000e-01   2.0575000e-01
   2.0400000e+03   2.5199000e-01   1.8932000e-01   1.6856000e-01   2.0601000e-01
   2.0450000e+03   2.5181000e-01   1.8976000e-01   1.6900000e-01   2.0651000e-01
   2.0500000e+03   2.5259000e-01   1.9017000e-01   1.6925000e-01   2.0715000e-01
   2.0550000e+03   2.5220000e-01   1.9022000e-01   1.6881000e-01   2.0691000e-01
   2.0600000e+03   2.5250000e-01   1.9074000e-01   1.6960000e-01   2.0788000e-01
   2.0650000e+03   2.5294000e-01   1.9078000e-01   1.6993000e-01   2.0785000e-01
   2.0700000e+03   2.5294000e-01   1.9073000e-01   1.7038000e-01   2.0873000e-01
   2.0750000e+03   2.5280000e-01   1.9117000e-01   1.7029000e-01   2.0850000e-01
   2.0800000e+03   2.5371000e-01   1.9197000e-01   1.7125000e-01   2.0923000e-01
   2.0850000e+03   2.5389000e-01   1.9208000e-01   1.7122000e-01   2.0943000e-01
   2.0900000e+03   2.5497000e-01   1.9273000e-01   1.7258000e-01   2.1031000e-01
   2.0950000e+03   2.5469000e-01   1.9314000e-01   1.7186000e-01   2.1024000e-01
   2.1000000e+03   2.5547000e-01   1.9351000e-01   1.7308000e-01   2.1150000e-01
   2.1050000e+03   2.5504000e-01   1.9360000e-01   1.7293000e-01   2.1128000e-01
   2.1100000e+03   2.5664000e-01   1.9438000e-01   1.7393000e-01   2.1226000e-01
   2.1150000e+03   2.5632000e-01   1.9438000e-01   1.7357000e-01   2.1213000e-01
   2.1200000e+03   2.5723000e-01   1.9523000e-01   1.7428000e-01   2.1299000e-01
   2.1250000e+03   2.5728000e-01   1.9509000e-01   1.7499000e-01   2.1289000e-01
   2.1300000e+03   2.5813000e-01   1.9594000e-01   1.7500000e-01   2.1312000e-01
   2.1350000e+03   2.5871000e-01   1.9603000e-01   1.7579000e-01   2.1379000e-01
   2.1400000e+03   2.5873000e-01   1.9663000e-01   1.7544000e-01   2.1428000e-01
   2.1450000e+03   2.5928000e-01   1.9699000e-01   1.7648000e-01   2.1441000e-01
   2.1500000e+03   2.5995000e-01   1.9721000e-01   1.7632000e-01   2.1512000e-01
   2.1550000e+03   2.6011000e-01   1.9782000e-01   1.7662000e-01   2.1598000e-01
   2.1600000e+03   2.5999000e-01   1.9831000e-01   1.7711000e-01   2.1678000e-01
   2.1650000e+03   2.6081000e-01   1.9880000e-01   1.7836000e-01   2.1666000e-01
   2.1700000e+03   2.6093000e-01   1.9903000e-01   1.7795000e-01   2.1631000e-01
   2.1750000e+03   2.6121000e-01   1.9959000e-01   1.7928000e-01   2.1739000e-01
   2.1800000e+03   2.6133000e-01   2.0000000e-01   1.7856000e-01   2.1731000e-01
   2.1850000e+03   2.6225000e-01   2.0068000e-01   1.7989000e-01   2.1840000e-01
   2.1900000e+03   2.6255000e-01   2.0128000e-01   1.8027000e-01   2.1878000e-01
   2.1950000e+03   2.6344000e-01   2.0161000e-01   1.8035000e-01   2.1889000e-01
   2.2000000e+03   2.6393000e-01   2.0219000e-01   1.8050000e-01   2.1969000e-01
   2.2050000e+03   2.6428000e-01   2.0251000e-01   1.8089000e-01   2.1947000e-01
   2.2100000e+03   2.6469000e-01   2.0331000e-01   1.8250000e-01   2.2107000e-01
   2.2150000e+03   2.6561000e-01   2.0416000e-01   1.8214000e-01   2.2098000e-01
   2.2200000e+03   2.6576000e-01   2.0488000e-01   1.8336000e-01   2.2184000e-01
   2.2250000e+03   2.6632000e-01   2.0547000e-01   1.8311000e-01   2.2198000e-01
   2.2300000e+03   2.6664000e-01   2.0579000e-01   1.8458000e-01   2.2322000e-01
   2.2350000e+03   2.6702000e-01   2.0659000e-01   1.8367000e-01   2.2254000e-01
   2.2400000e+03   2.6776000e-01   2.0698000e-01   1.8550000e-01   2.2405000e-01
   2.2450000e+03   2.6814000e-01   2.0718000e-01   1.8535000e-01   2.2413000e-01
   2.2500000e+03   2.6798000e-01   2.0796000e-01   1.8722000e-01   2.2549000e-01
   2.2550000e+03   2.6918000e-01   2.0824000e-01   1.8622000e-01   2.2497000e-01
   2.2600000e+03   2.6936000e-01   2.0897000e-01   1.8805000e-01   2.2607000e-01
   2.2650000e+03   2.6991000e-01   2.0959000e-01   1.8817000e-01   2.2575000e-01
   2.2700000e+03   2.7043000e-01   2.0991000e-01   1.8915000e-01   2.2724000e-01
   2.2750000e+03   2.7133000e-01   2.1066000e-01   1.8805000e-01   2.2724000e-01
   2.2800000e+03   2.7137000e-01   2.1103000e-01   1.8949000e-01   2.2848000e-01
   2.2850000e+03   2.7210000e-01   2.1179000e-01   1.9016000e-01   2.2898000e-01
   2.2900000e+03   2.7235000e-01   2.1250000e-01   1.9004000e-01   2.2905000e-01
   2.2950000e+03   2.7302000e-01   2.1348000e-01   1.9188000e-01   2.3129000e-01
   2.3000000e+03   2.7374000e-01   2.1406000e-01   1.9175000e-01   2.3042000e-01
   2.3050000e+03   2.7428000e-01   2.1454000e-01   1.9292000e-01   2.3154000e-01
   2.3100000e+03   2.7444000e-01   2.1521000e-01   1.9327000e-01   2.3174000e-01
   2.3150000e+03   2.7505000e-01   2.1552000e-01   1.9410000e-01   2.3177000e-01
   2.3200000e+03   2.7494000e-01   2.1583000e-01   1.9250000e-01   2.3145000e-01
   2.3250000e+03   2.7499000e-01   2.1598000e-01   1.9548000e-01   2.3385000e-01
   2.3300000e+03   2.7562000e-01   2.1681000e-01   1.9443000e-01   2.3335000e-01
   2.3350000e+03   2.7604000e-01   2.1700000e-01   1.9615000e-01   2.3450000e-01
   2.3400000e+03   2.7606000e-01   2.1794000e-01   1.9623000e-01   2.3483000e-01
   2.3450000e+03   2.7656000e-01   2.1839000e-01   1.9614000e-01   2.3488000e-01
   2.3500000e+03   2.7657000e-01   2.1845000e-01   1.9732000e-01   2.3596000e-01
   2.3550000e+03   2.7759000e-01   2.1926000e-01   1.9648000e-01   2.3520000e-01
   2.3600000e+03   2.7783000e-01   2.1968000e-01   1.9855000e-01   2.3732000e-01
   2.3650000e+03   2.7823000e-01   2.1996000e-01   1.9834000e-01   2.3665000e-01
   2.3700000e+03   2.7845000e-01   2.2063000e-01   2.0007000e-01   2.3847000e-01
   2.3750000e+03   2.7886000e-01   2.2131000e-01   1.9985000e-01   2.3801000e-01
   2.3800000e+03   2.7918000e-01   2.2167000e-01   2.0164000e-01   2.3932000e-01
   2.3850000e+03   2.7962000e-01   2.2253000e-01   2.0125000e-01   2.3872000e-01
   2.3900000e+03   2.8019000e-01   2.2296000e-01   2.0280000e-01   2.3957000e-01
   2.3950000e+03   2.8084000e-01   2.2384000e-01   2.0268000e-01   2.4034000e-01
   2.4000000e+03   2.8089000e-01   2.2402000e-01   2.0400000e-01   2.4130000e-01
   2.4050000e+03   2.8179000e-01   2.2477000e-01   2.0432000e-01   2.4196000e-01
   2.4100000e+03   2.8188000e-01   2.2543000e-01   2.0530000e-01   2.4228000e-01
   2.4150000e+03   2.8276000e-01   2.2628000e-01   2.0576000e-01   2.4325000e-01
   2.4200000e+03   2.8335000e-01   2.2683000e-01   2.0603000e-01   2.4248000e-01
   2.4250000e+03   2.8364000e-01   2.2738000e-01   2.0878000e-01   2.4583000e-01
   2.4300000e+03   2.8379000e-01   2.2801000e-01   2.0735000e-01   2.4410000e-01
   2.4350000e+03   2.8401000e-01   2.2823000e-01   2.0810000e-01   2.4568000e-01
   2.4400000e+03   2.8431000e-01   2.2908000e-01   2.0942000e-01   2.4658000e-01
   2.4450000e+03   2.8488000e-01   2.2948000e-01   2.1078000e-01   2.4740000e-01
   2.4500000e+03   2.8499000e-01   2.2994000e-01   2.1019000e-01   2.4678000e-01
   2.4550000e+03   2.8475000e-01   2.3004000e-01   2.1123000e-01   2.4778000e-01
   2.4600000e+03   2.8548000e-01   2.3134000e-01   2.1124000e-01   2.4797000e-01
   2.4650000e+03   2.8553000e-01   2.3194000e-01   2.1148000e-01   2.4730000e-01
   2.4700000e+03   2.8674000e-01   2.3221000e-01   2.1215000e-01   2.4801000e-01
   2.4750000e+03   2.8759000e-01   2.3385000e-01   2.1277000e-01   2.4868000e-01
   2.4800000e+03   2.8838000e-01   2.3544000e-01   2.1179000e-01   2.5005000e-01
   2.4850000e+03   2.8884000e-01   2.3614000e-01   2.1328000e-01   2.4933000e-01
   2.4900000e+03   2.8890000e-01   2.3640000e-01   2.1515000e-01   2.5123000e-01
   2.4950000e+03   2.8976000e-01   2.3714000e-01   2.1408000e-01   2.4967000e-01
   2.5000000e+03   2.9006000e-01   2.3771000e-01   2.1663000e-01   2.5126000e-01
   2.5050000e+03   2.8993000e-01   2.3787000e-01   2.1461000e-01   2.5130000e-01
   2.5100000e+03   2.9021000e-01   2.3835000e-01   2.1657000e-01   2.5200000e-01
   2.5150000e+03   2.9078000e-01   2.3848000e-01   2.1566000e-01   2.5204000e-01
   2.5200000e+03   2.9185000e-01   2.3960000e-01   2.1680000e-01   2.5259000e-01
   2.5250000e+03   2.9178000e-01   2.3935000e-01   2.1694000e-01   2.5267000e-01
   2.5300000e+03   2.9230000e-01   2.3915000e-01   2.1825000e-01   2.5387000e-01
   2.5350000e+03   2.9292000e-01   2.4031000e-01   2.1828000e-01   2.5383000e-01
   2.5400000e+03   2.9338000e-01   2.4087000e-01   2.1955000e-01   2.5483000e-01
   2.5450000e+03   2.9404000e-01   2.4210000e-01   2.2118000e-01   2.5641000e-01
   2.5500000e+03   2.9400000e-01   2.4172000e-01   2.2155000e-01   2.5667000e-01
   2.5550000e+03   2.9432000e-01   2.4267000e-01   2.2137000e-01   2.5625000e-01
   2.5600000e+03   2.9504000e-01   2.4367000e-01   2.2332000e-01   2.5816000e-01
   2.5650000e+03   2.9547000e-01   2.4432000e-01   2.2385000e-01   2.5858000e-01
   2.5700000e+03   2.9571000e-01   2.4454000e-01   2.2446000e-01   2.5899000e-01
   2.5750000e+03   2.9624000e-01   2.4564000e-01   2.2454000e-01   2.5901000e-01
   2.5800000e+03   2.9697000e-01   2.4644000e-01   2.2675000e-01   2.6137000e-01
   2.5850000e+03   2.9689000e-01   2.4594000e-01   2.2532000e-01   2.5986000e-01
   2.5900000e+03   2.9822000e-01   2.4797000e-01   2.2878000e-01   2.6362000e-01
   2.5950000e+03   2.9916000e-01   2.4943000e-01   2.2710000e-01   2.6071000e-01
   2.6000000e+03   2.9990000e-01   2.5072000e-01   2.2800000e-01   2.6098000e-01
