   3.0000000e+02   3.5743000e-02   3.8026000e-02   3.6998000e-02   3.6964000e-02
   3.0500000e+02   3.8034000e-02   4.1361000e-02   3.7852000e-02   3.5950000e-02
   3.1000000e+02   3.9616000e-02   4.1716000e-02   3.8913000e-02   3.8450000e-02
   3.1500000e+02   3.9308000e-02   4.0610000e-02   3.8940000e-02   3.8121000e-02
   3.2000000e+02   4.0825000e-02   4.2085000e-02   3.8706000e-02   3.9522000e-02
   3.2500000e+02   4.1949000e-02   4.2242000e-02   3.9105000e-02   4.0401000e-02
   3.3000000e+02   4.1754000e-02   4.2783000e-02   4.0122000e-02   4.0177000e-02
   3.3500000e+02   4.2399000e-02   4.3318000e-02   3.9571000e-02   3.9915000e-02
   3.4000000e+02   4.2924000e-02   4.3139000e-02   4.0134000e-02   4.0824000e-02
   3.4500000e+02   4.3746000e-02   4.4137000e-02   4.0690000e-02   4.1276000e-02
   3.5000000e+02   4.4442000e-02   4.4116000e-02   4.0867000e-02   4.1880000e-02
   3.5500000e+02   4.5212000e-02   4.4815000e-02   4.1434000e-02   4.2536000e-02
   3.6000000e+02   4.6067000e-02   4.5575000e-02   4.2307000e-02   4.3080000e-02
   3.6500000e+02   4.6710000e-02   4.5813000e-02   4.2412000e-02   4.3414000e-02
   3.7000000e+02   4.7601000e-02   4.6548000e-02   4.2983000e-02   4.3771000e-02
   3.7500000e+02   4.8399000e-02   4.7025000e-02   4.3319000e-02   4.4495000e-02
   3.8000000e+02   4.9613000e-02   4.7673000e-02   4.3899000e-02   4.4922000e-02
   3.8500000e+02   5.0327000e-02   4.8388000e-02   4.4476000e-02   4.5775000e-02
   3.9000000e+02   5.1654000e-02   4.9189000e-02   4.5228000e-02   4.6382000e-02
   3.9500000e+02   5.2346000e-02   4.9424000e-02   4.5511000e-02   4.6709000e-02
   4.0000000e+02   5.3392000e-02   5.0186000e-02   4.6121000e-02   4.7232000e-02
   4.0500000e+02   5.3918000e-02   5.0422000e-02   4.6369000e-02   4.7661000e-02
   4.1000000e+02   5.5226000e-02   5.1304000e-02   4.7143000e-02   4.8367000e-02
   4.1500000e+02   5.5436000e-02   5.1309000e-02   4.7233000e-02   4.8786000e-02
   4.2000000e+02   5.6522000e-02   5.1955000e-02   4.7857000e-02   4.9355000e-02
   4.2500000e+02   5.7327000e-02   5.2397000e-02   4.8215000e-02   4.9908000e-02
   4.3000000e+02   5.8198000e-02   5.2819000e-02   4.8589000e-02   5.0313000e-02
   4.3500000e+02   5.9084000e-02   5.3357000e-02   4.8947000e-02   5.0801000e-02
   4.4000000e+02   5.9580000e-02   5.3659000e-02   4.9303000e-02   5.1178000e-02
   4.4500000e+02   6.0418000e-02   5.4089000e-02   4.9612000e-02   5.1608000e-02
   4.5000000e+02   6.1319000e-02   5.4600000e-02   4.9962000e-02   5.2056000e-02
   4.5500000e+02   6.1804000e-02   5.4914000e-02   5.0195000e-02   5.2536000e-02
   4.6000000e+02   6.2787000e-02   5.5515000e-02   5.0713000e-02   5.3005000e-02
   4.6500000e+02   6.3410000e-02   5.5840000e-02   5.1041000e-02   5.3436000e-02
   4.7000000e+02   6.4053000e-02   5.6283000e-02   5.1266000e-02   5.3753000e-02
   4.7500000e+02   6.4629000e-02   5.6563000e-02   5.1565000e-02   5.4236000e-02
   4.8000000e+02   6.5560000e-02   5.7178000e-02   5.2019000e-02   5.4535000e-02
   4.8500000e+02   6.6123000e-02   5.7609000e-02   5.2359000e-02   5.5110000e-02
   4.9000000e+02   6.6830000e-02   5.7905000e-02   5.2633000e-02   5.5427000e-02
   4.9500000e+02   6.7679000e-02   5.8401000e-02   5.2997000e-02   5.5942000e-02
   5.0000000e+02   6.8151000e-02   5.8642000e-02   5.3194000e-02   5.6383000e-02
   5.0500000e+02   6.9156000e-02   5.9282000e-02   5.3557000e-02   5.6803000e-02
   5.1000000e+02   6.9517000e-02   5.9578000e-02   5.3952000e-02   5.7457000e-02
   5.1500000e+02   7.0557000e-02   6.0338000e-02   5.4495000e-02   5.7967000e-02
   5.2000000e+02   7.0839000e-02   6.0468000e-02   5.4761000e-02   5.8374000e-02
   5.2500000e+02   7.2154000e-02   6.1332000e-02   5.5420000e-02   5.9010000e-02
   5.3000000e+02   7.2393000e-02   6.1567000e-02   5.5622000e-02   5.9401000e-02
   5.3500000e+02   7.3342000e-02   6.2114000e-02   5.6150000e-02   5.9907000e-02
   5.4000000e+02   7.3924000e-02   6.2556000e-02   5.6397000e-02   6.0193000e-02
   5.4500000e+02   7.4575000e-02   6.3023000e-02   5.6734000e-02   6.0806000e-02
   5.5000000e+02   7.5349000e-02   6.3454000e-02   5.7112000e-02   6.1081000e-02
   5.5500000e+02   7.5956000e-02   6.3841000e-02   5.7417000e-02   6.1565000e-02
   5.6000000e+02   7.6627000e-02   6.4199000e-02   5.7747000e-02   6.2006000e-02
   5.6500000e+02   7.7252000e-02   6.4697000e-02   5.8122000e-02   6.2440000e-02
   5.7000000e+02   7.7982000e-02   6.5076000e-02   5.8427000e-02   6.2929000e-02
   5.7500000e+02   7.8527000e-02   6.5491000e-02   5.8784000e-02   6.3404000e-02
   5.8000000e+02   7.9231000e-02   6.6037000e-02   5.9093000e-02   6.3810000e-02
   5.8500000e+02   7.9615000e-02   6.6312000e-02   5.9315000e-02   6.4067000e-02
   5.9000000e+02   8.0667000e-02   6.6971000e-02   5.9799000e-02   6.4452000e-02
   5.9500000e+02   8.1126000e-02   6.7323000e-02   5.9993000e-02   6.4929000e-02
   6.0000000e+02   8.1622000e-02   6.7645000e-02   6.0313000e-02   6.5309000e-02
   6.0500000e+02   8.2577000e-02   6.8242000e-02   6.0744000e-02   6.5691000e-02
   6.1000000e+02   8.2964000e-02   6.8552000e-02   6.1201000e-02   6.6326000e-02
   6.1500000e+02   8.3584000e-02   6.9049000e-02   6.1556000e-02   6.6810000e-02
   6.2000000e+02   8.4056000e-02   6.9546000e-02   6.1844000e-02   6.7281000e-02
   6.2500000e+02   8.5051000e-02   7.0200000e-02   6.2484000e-02   6.7892000e-02
   6.3000000e+02   8.5370000e-02   7.0408000e-02   6.2636000e-02   6.8366000e-02
   6.3500000e+02   8.6494000e-02   7.1129000e-02   6.3111000e-02   6.8859000e-02
   6.4000000e+02   8.6676000e-02   7.1318000e-02   6.3363000e-02   6.9394000e-02
   6.4500000e+02   8.7397000e-02   7.1758000e-02   6.3774000e-02   6.9752000e-02
   6.5000000e+02   8.8074000e-02   7.2111000e-02   6.4031000e-02   7.0148000e-02
   6.5500000e+02   8.8632000e-02   7.2544000e-02   6.4374000e-02   7.0560000e-02
   6.6000000e+02   8.9175000e-02   7.2916000e-02   6.4653000e-02   7.0688000e-02
   6.6500000e+02   8.9624000e-02   7.3297000e-02   6.4978000e-02   7.1185000e-02
   6.7000000e+02   9.0398000e-02   7.3834000e-02   6.5237000e-02   7.1264000e-02
   6.7500000e+02   9.0749000e-02   7.4103000e-02   6.5465000e-02   7.1757000e-02
   6.8000000e+02   9.1673000e-02   7.4648000e-02   6.5927000e-02   7.2092000e-02
   6.8500000e+02   9.2030000e-02   7.4832000e-02   6.6123000e-02   7.2532000e-02
   6.9000000e+02   9.2862000e-02   7.5533000e-02   6.6541000e-02   7.2975000e-02
   6.9500000e+02   9.2951000e-02   7.5473000e-02   6.6731000e-02   7.3201000e-02
   7.0000000e+02   9.3777000e-02   7.6032000e-02   6.7128000e-02   7.3875000e-02
   7.0500000e+02   9.5271000e-02   7.6994000e-02   6.7647000e-02   7.4215000e-02
   7.1000000e+02   9.4241000e-02   7.6522000e-02   6.7662000e-02   7.4544000e-02
   7.1500000e+02   9.6164000e-02   7.7641000e-02   6.8283000e-02   7.5053000e-02
   7.2000000e+02   9.5692000e-02   7.7499000e-02   6.8247000e-02   7.5547000e-02
   7.2500000e+02   9.7043000e-02   7.8429000e-02   6.8937000e-02   7.6276000e-02
   7.3000000e+02   9.6970000e-02   7.8451000e-02   6.9134000e-02   7.6418000e-02
   7.3500000e+02   9.8136000e-02   7.9246000e-02   6.9672000e-02   7.7060000e-02
   7.4000000e+02   9.8330000e-02   7.9359000e-02   6.9862000e-02   7.7318000e-02
   7.4500000e+02   9.8884000e-02   7.9626000e-02   7.0046000e-02   7.7732000e-02
   7.5000000e+02   9.9850000e-02   8.0338000e-02   7.0478000e-02   7.8255000e-02
   7.5500000e+02   9.9896000e-02   8.0391000e-02   7.0662000e-02   7.8474000e-02
   7.6000000e+02   1.0110000e-01   8.1158000e-02   7.1209000e-02   7.8845000e-02
   7.6500000e+02   1.0148000e-01   8.1371000e-02   7.1343000e-02   7.9283000e-02
   7.7000000e+02   1.0252000e-01   8.2093000e-02   7.1716000e-02   7.9842000e-02
   7.7500000e+02   1.0266000e-01   8.2174000e-02   7.1798000e-02   8.0077000e-02
   7.8000000e+02   1.0368000e-01   8.2701000e-02   7.2065000e-02   8.0602000e-02
   7.8500000e+02   1.0414000e-01   8.2988000e-02   7.2265000e-02   8.0802000e-02
   7.9000000e+02   1.0513000e-01   8.3492000e-02   7.2550000e-02   8.1414000e-02
   7.9500000e+02   1.0544000e-01   8.3705000e-02   7.2814000e-02   8.1615000e-02
   8.0000000e+02   1.0491000e-01   8.3522000e-02   7.2607000e-02   8.1855000e-02
   8.0500000e+02   1.0714000e-01   8.4646000e-02   7.3211000e-02   8.2541000e-02
   8.1000000e+02   1.0682000e-01   8.4604000e-02   7.2970000e-02   8.2679000e-02
   8.1500000e+02   1.0796000e-01   8.5079000e-02   7.3312000e-02   8.3046000e-02
   8.2000000e+02   1.0783000e-01   8.4863000e-02   7.3037000e-02   8.3030000e-02
   8.2500000e+02   1.0902000e-01   8.5545000e-02   7.3427000e-02   8.3459000e-02
   8.3000000e+02   1.0908000e-01   8.5404000e-02   7.3202000e-02   8.3538000e-02
   8.3500000e+02   1.1045000e-01   8.6097000e-02   7.3196000e-02   8.4016000e-02
   8.4000000e+02   1.1018000e-01   8.5844000e-02   7.3057000e-02   8.4036000e-02
   8.4500000e+02   1.1068000e-01   8.6073000e-02   7.2899000e-02   8.4230000e-02
   8.5000000e+02   1.1173000e-01   8.6706000e-02   7.3155000e-02   8.4673000e-02
   8.5500000e+02   1.1246000e-01   8.6920000e-02   7.3331000e-02   8.4727000e-02
   8.6000000e+02   1.1294000e-01   8.7073000e-02   7.3076000e-02   8.4685000e-02
   8.6500000e+02   1.1327000e-01   8.6965000e-02   7.3136000e-02   8.5070000e-02
   8.7000000e+02   1.1371000e-01   8.7063000e-02   7.2988000e-02   8.5269000e-02
   8.7500000e+02   1.1439000e-01   8.7242000e-02   7.3068000e-02   8.5448000e-02
   8.8000000e+02   1.1477000e-01   8.7278000e-02   7.2576000e-02   8.5586000e-02
   8.8500000e+02   1.1503000e-01   8.7580000e-02   7.2772000e-02   8.5595000e-02
   8.9000000e+02   1.1542000e-01   8.7419000e-02   7.2554000e-02   8.5775000e-02
   8.9500000e+02   1.1564000e-01   8.7351000e-02   7.2136000e-02   8.5818000e-02
   9.0000000e+02   1.1659000e-01   8.7926000e-02   7.2192000e-02   8.6192000e-02
   9.0500000e+02   1.1692000e-01   8.7729000e-02   7.2414000e-02   8.5885000e-02
   9.1000000e+02   1.1743000e-01   8.7791000e-02   7.2299000e-02   8.6126000e-02
   9.1500000e+02   1.1812000e-01   8.8265000e-02   7.2283000e-02   8.6329000e-02
   9.2000000e+02   1.1883000e-01   8.8389000e-02   7.2108000e-02   8.6562000e-02
   9.2500000e+02   1.1887000e-01   8.8518000e-02   7.2112000e-02   8.6911000e-02
   9.3000000e+02   1.1933000e-01   8.8481000e-02   7.2191000e-02   8.6825000e-02
   9.3500000e+02   1.2010000e-01   8.8842000e-02   7.2405000e-02   8.7394000e-02
   9.4000000e+02   1.2056000e-01   8.8879000e-02   7.2255000e-02   8.7344000e-02
   9.4500000e+02   1.2065000e-01   8.9013000e-02   7.2132000e-02   8.7463000e-02
   9.5000000e+02   1.2135000e-01   8.9333000e-02   7.2426000e-02   8.7804000e-02
   9.5500000e+02   1.2176000e-01   8.9605000e-02   7.2476000e-02   8.7947000e-02
   9.6000000e+02   1.2252000e-01   8.9895000e-02   7.2624000e-02   8.8234000e-02
   9.6500000e+02   1.2298000e-01   9.0236000e-02   7.2857000e-02   8.8763000e-02
   9.7000000e+02   1.2325000e-01   9.0366000e-02   7.2878000e-02   8.8818000e-02
   9.7500000e+02   1.2404000e-01   9.1009000e-02   7.3092000e-02   8.9382000e-02
   9.8000000e+02   1.2423000e-01   9.1019000e-02   7.3329000e-02   8.9673000e-02
   9.8500000e+02   1.2426000e-01   9.0932000e-02   7.3517000e-02   8.9618000e-02
   9.9000000e+02   1.2550000e-01   9.1712000e-02   7.3851000e-02   9.0059000e-02
   9.9500000e+02   1.2573000e-01   9.2066000e-02   7.3956000e-02   9.0530000e-02
   1.0000000e+03   1.2609000e-01   9.2341000e-02   7.4327000e-02   9.0779000e-02
   1.0050000e+03   1.2577000e-01   9.2294000e-02   7.4389000e-02   9.1085000e-02
   1.0100000e+03   1.2735000e-01   9.3343000e-02   7.5087000e-02   9.1829000e-02
   1.0150000e+03   1.2733000e-01   9.3484000e-02   7.5267000e-02   9.2116000e-02
   1.0200000e+03   1.2802000e-01   9.4031000e-02   7.5568000e-02   9.2435000e-02
   1.0250000e+03   1.2915000e-01   9.4602000e-02   7.6097000e-02   9.3007000e-02
   1.0300000e+03   1.2940000e-01   9.5091000e-02   7.6356000e-02   9.3508000e-02
   1.0350000e+03   1.3008000e-01   9.5755000e-02   7.7003000e-02   9.4155000e-02
   1.0400000e+03   1.3002000e-01   9.5844000e-02   7.7248000e-02   9.4356000e-02
   1.0450000e+03   1.3109000e-01   9.6535000e-02   7.7707000e-02   9.4901000e-02
   1.0500000e+03   1.3154000e-01   9.7376000e-02   7.8258000e-02   9.5415000e-02
   1.0550000e+03   1.3213000e-01   9.7943000e-02   7.8736000e-02   9.5974000e-02
   1.0600000e+03   1.3265000e-01   9.8414000e-02   7.9229000e-02   9.6576000e-02
   1.0650000e+03   1.3329000e-01   9.8730000e-02   7.9816000e-02   9.6818000e-02
   1.0700000e+03   1.3385000e-01   9.9550000e-02   8.0225000e-02   9.7381000e-02
   1.0750000e+03   1.3443000e-01   1.0024000e-01   8.0898000e-02   9.7897000e-02
   1.0800000e+03   1.3533000e-01   1.0091000e-01   8.1497000e-02   9.8487000e-02
   1.0850000e+03   1.3558000e-01   1.0117000e-01   8.1940000e-02   9.9146000e-02
   1.0900000e+03   1.3644000e-01   1.0214000e-01   8.2515000e-02   9.9409000e-02
   1.0950000e+03   1.3692000e-01   1.0241000e-01   8.3078000e-02   1.0026000e-01
   1.1000000e+03   1.3777000e-01   1.0324000e-01   8.3602000e-02   1.0072000e-01
   1.1050000e+03   1.3816000e-01   1.0381000e-01   8.4263000e-02   1.0126000e-01
   1.1100000e+03   1.3886000e-01   1.0463000e-01   8.4961000e-02   1.0202000e-01
   1.1150000e+03   1.3940000e-01   1.0531000e-01   8.5444000e-02   1.0254000e-01
   1.1200000e+03   1.3994000e-01   1.0582000e-01   8.6118000e-02   1.0310000e-01
   1.1250000e+03   1.4047000e-01   1.0638000e-01   8.6650000e-02   1.0340000e-01
   1.1300000e+03   1.4119000e-01   1.0691000e-01   8.7168000e-02   1.0395000e-01
   1.1350000e+03   1.4151000e-01   1.0752000e-01   8.7597000e-02   1.0474000e-01
   1.1400000e+03   1.4210000e-01   1.0790000e-01   8.7925000e-02   1.0488000e-01
   1.1450000e+03   1.4288000e-01   1.0842000e-01   8.8417000e-02   1.0522000e-01
   1.1500000e+03   1.4345000e-01   1.0904000e-01   8.9066000e-02   1.0584000e-01
   1.1550000e+03   1.4389000e-01   1.0947000e-01   8.9354000e-02   1.0622000e-01
   1.1600000e+03   1.4445000e-01   1.1000000e-01   8.9738000e-02   1.0651000e-01
   1.1650000e+03   1.4504000e-01   1.1048000e-01   9.0420000e-02   1.0715000e-01
   1.1700000e+03   1.4541000e-01   1.1090000e-01   9.0718000e-02   1.0750000e-01
   1.1750000e+03   1.4588000e-01   1.1127000e-01   9.1141000e-02   1.0798000e-01
   1.1800000e+03   1.4669000e-01   1.1191000e-01   9.1630000e-02   1.0853000e-01
   1.1850000e+03   1.4706000e-01   1.1210000e-01   9.2000000e-02   1.0873000e-01
   1.1900000e+03   1.4763000e-01   1.1271000e-01   9.2263000e-02   1.0922000e-01
   1.1950000e+03   1.4797000e-01   1.1323000e-01   9.2641000e-02   1.0978000e-01
   1.2000000e+03   1.4876000e-01   1.1374000e-01   9.3250000e-02   1.1006000e-01
   1.2050000e+03   1.4901000e-01   1.1414000e-01   9.3310000e-02   1.1078000e-01
   1.2100000e+03   1.4943000e-01   1.1436000e-01   9.3831000e-02   1.1140000e-01
   1.2150000e+03   1.4993000e-01   1.1492000e-01   9.4197000e-02   1.1149000e-01
   1.2200000e+03   1.5070000e-01   1.1565000e-01   9.4691000e-02   1.1206000e-01
   1.2250000e+03   1.5103000e-01   1.1568000e-01   9.4809000e-02   1.1224000e-01
   1.2300000e+03   1.5145000e-01   1.1605000e-01   9.5154000e-02   1.1276000e-01
   1.2350000e+03   1.5195000e-01   1.1645000e-01   9.5370000e-02   1.1296000e-01
   1.2400000e+03   1.5324000e-01   1.1731000e-01   9.5870000e-02   1.1340000e-01
   1.2450000e+03   1.5289000e-01   1.1715000e-01   9.5916000e-02   1.1365000e-01
   1.2500000e+03   1.5388000e-01   1.1775000e-01   9.6533000e-02   1.1433000e-01
   1.2550000e+03   1.5444000e-01   1.1820000e-01   9.6883000e-02   1.1457000e-01
   1.2600000e+03   1.5463000e-01   1.1831000e-01   9.7253000e-02   1.1494000e-01
   1.2650000e+03   1.5535000e-01   1.1930000e-01   9.7461000e-02   1.1551000e-01
   1.2700000e+03   1.5541000e-01   1.1940000e-01   9.7602000e-02   1.1556000e-01
   1.2750000e+03   1.5636000e-01   1.1987000e-01   9.8256000e-02   1.1629000e-01
   1.2800000e+03   1.5637000e-01   1.2010000e-01   9.8336000e-02   1.1647000e-01
   1.2850000e+03   1.5732000e-01   1.2107000e-01   9.8929000e-02   1.1693000e-01
   1.2900000e+03   1.5732000e-01   1.2111000e-01   9.9127000e-02   1.1736000e-01
   1.2950000e+03   1.5829000e-01   1.2191000e-01   9.9366000e-02   1.1762000e-01
   1.3000000e+03   1.5843000e-01   1.2193000e-01   9.9755000e-02   1.1797000e-01
   1.3050000e+03   1.5948000e-01   1.2264000e-01   1.0025000e-01   1.1868000e-01
   1.3100000e+03   1.5994000e-01   1.2307000e-01   1.0061000e-01   1.1895000e-01
   1.3150000e+03   1.6048000e-01   1.2362000e-01   1.0101000e-01   1.1942000e-01
   1.3200000e+03   1.6083000e-01   1.2409000e-01   1.0147000e-01   1.1980000e-01
   1.3250000e+03   1.6164000e-01   1.2468000e-01   1.0182000e-01   1.2052000e-01
   1.3300000e+03   1.6209000e-01   1.2494000e-01   1.0204000e-01   1.2059000e-01
   1.3350000e+03   1.6277000e-01   1.2573000e-01   1.0245000e-01   1.2123000e-01
   1.3400000e+03   1.6328000e-01   1.2613000e-01   1.0288000e-01   1.2174000e-01
   1.3450000e+03   1.6410000e-01   1.2669000e-01   1.0336000e-01   1.2229000e-01
   1.3500000e+03   1.6391000e-01   1.2686000e-01   1.0358000e-01   1.2263000e-01
   1.3550000e+03   1.6443000e-01   1.2752000e-01   1.0440000e-01   1.2348000e-01
   1.3600000e+03   1.6496000e-01   1.2795000e-01   1.0450000e-01   1.2347000e-01
   1.3650000e+03   1.6601000e-01   1.2886000e-01   1.0464000e-01   1.2338000e-01
   1.3700000e+03   1.6681000e-01   1.2944000e-01   1.0551000e-01   1.2440000e-01
   1.3750000e+03   1.6734000e-01   1.2985000e-01   1.0551000e-01   1.2452000e-01
   1.3800000e+03   1.6759000e-01   1.3027000e-01   1.0622000e-01   1.2545000e-01
   1.3850000e+03   1.6865000e-01   1.3097000e-01   1.0640000e-01   1.2491000e-01
   1.3900000e+03   1.6948000e-01   1.3150000e-01   1.0698000e-01   1.2555000e-01
   1.3950000e+03   1.6936000e-01   1.3155000e-01   1.0740000e-01   1.2644000e-01
   1.4000000e+03   1.6941000e-01   1.3228000e-01   1.0800000e-01   1.2713000e-01
   1.4050000e+03   1.7005000e-01   1.3259000e-01   1.0837000e-01   1.2753000e-01
   1.4100000e+03   1.7165000e-01   1.3383000e-01   1.0850000e-01   1.2776000e-01
   1.4150000e+03   1.7150000e-01   1.3365000e-01   1.0881000e-01   1.2822000e-01
   1.4200000e+03   1.7225000e-01   1.3427000e-01   1.0932000e-01   1.2864000e-01
   1.4250000e+03   1.7264000e-01   1.3503000e-01   1.0951000e-01   1.2852000e-01
   1.4300000e+03   1.7349000e-01   1.3557000e-01   1.1004000e-01   1.2923000e-01
   1.4350000e+03   1.7394000e-01   1.3611000e-01   1.1063000e-01   1.2950000e-01
   1.4400000e+03   1.7506000e-01   1.3680000e-01   1.1116000e-01   1.3011000e-01
   1.4450000e+03   1.7497000e-01   1.3667000e-01   1.1123000e-01   1.3058000e-01
   1.4500000e+03   1.7622000e-01   1.3743000e-01   1.1181000e-01   1.3104000e-01
   1.4550000e+03   1.7619000e-01   1.3793000e-01   1.1217000e-01   1.3123000e-01
   1.4600000e+03   1.7744000e-01   1.3845000e-01   1.1247000e-01   1.3154000e-01
   1.4650000e+03   1.7769000e-01   1.3903000e-01   1.1282000e-01   1.3235000e-01
   1.4700000e+03   1.7825000e-01   1.3932000e-01   1.1327000e-01   1.3269000e-01
   1.4750000e+03   1.7891000e-01   1.3996000e-01   1.1348000e-01   1.3293000e-01
   1.4800000e+03   1.7916000e-01   1.4023000e-01   1.1381000e-01   1.3310000e-01
   1.4850000e+03   1.7929000e-01   1.4072000e-01   1.1414000e-01   1.3354000e-01
   1.4900000e+03   1.8006000e-01   1.4115000e-01   1.1458000e-01   1.3409000e-01
   1.4950000e+03   1.8036000e-01   1.4142000e-01   1.1499000e-01   1.3435000e-01
   1.5000000e+03   1.8072000e-01   1.4191000e-01   1.1506000e-01   1.3454000e-01
   1.5050000e+03   1.8119000e-01   1.4241000e-01   1.1540000e-01   1.3505000e-01
   1.5100000e+03   1.8157000e-01   1.4296000e-01   1.1568000e-01   1.3576000e-01
   1.5150000e+03   1.8213000e-01   1.4370000e-01   1.1623000e-01   1.3614000e-01
   1.5200000e+03   1.8233000e-01   1.4374000e-01   1.1650000e-01   1.3639000e-01
   1.5250000e+03   1.8279000e-01   1.4414000e-01   1.1681000e-01   1.3690000e-01
   1.5300000e+03   1.8323000e-01   1.4414000e-01   1.1710000e-01   1.3723000e-01
   1.5350000e+03   1.8410000e-01   1.4461000e-01   1.1727000e-01   1.3773000e-01
   1.5400000e+03   1.8503000e-01   1.4510000e-01   1.1765000e-01   1.3824000e-01
   1.5450000e+03   1.8515000e-01   1.4568000e-01   1.1802000e-01   1.3878000e-01
   1.5500000e+03   1.8541000e-01   1.4612000e-01   1.1843000e-01   1.3902000e-01
   1.5550000e+03   1.8589000e-01   1.4622000e-01   1.1873000e-01   1.3974000e-01
   1.5600000e+03   1.8562000e-01   1.4660000e-01   1.1885000e-01   1.3963000e-01
   1.5650000e+03   1.8663000e-01   1.4712000e-01   1.1900000e-01   1.3972000e-01
   1.5700000e+03   1.8674000e-01   1.4724000e-01   1.1943000e-01   1.4022000e-01
   1.5750000e+03   1.8774000e-01   1.4778000e-01   1.1963000e-01   1.4066000e-01
   1.5800000e+03   1.8766000e-01   1.4793000e-01   1.1978000e-01   1.4086000e-01
   1.5850000e+03   1.8862000e-01   1.4893000e-01   1.2019000e-01   1.4152000e-01
   1.5900000e+03   1.8878000e-01   1.4874000e-01   1.2037000e-01   1.4146000e-01
   1.5950000e+03   1.8966000e-01   1.4946000e-01   1.2047000e-01   1.4175000e-01
   1.6000000e+03   1.9023000e-01   1.4979000e-01   1.2093000e-01   1.4235000e-01
   1.6050000e+03   1.9172000e-01   1.5052000e-01   1.2137000e-01   1.4210000e-01
   1.6100000e+03   1.9109000e-01   1.5036000e-01   1.2153000e-01   1.4248000e-01
   1.6150000e+03   1.9161000e-01   1.5081000e-01   1.2178000e-01   1.4257000e-01
   1.6200000e+03   1.9195000e-01   1.5113000e-01   1.2192000e-01   1.4295000e-01
   1.6250000e+03   1.9228000e-01   1.5171000e-01   1.2187000e-01   1.4356000e-01
   1.6300000e+03   1.9258000e-01   1.5203000e-01   1.2246000e-01   1.4355000e-01
   1.6350000e+03   1.9275000e-01   1.5228000e-01   1.2242000e-01   1.4380000e-01
   1.6400000e+03   1.9389000e-01   1.5286000e-01   1.2256000e-01   1.4434000e-01
   1.6450000e+03   1.9414000e-01   1.5308000e-01   1.2295000e-01   1.4470000e-01
   1.6500000e+03   1.9462000e-01   1.5355000e-01   1.2312000e-01   1.4507000e-01
   1.6550000e+03   1.9499000e-01   1.5391000e-01   1.2318000e-01   1.4503000e-01
   1.6600000e+03   1.9595000e-01   1.5431000e-01   1.2357000e-01   1.4562000e-01
   1.6650000e+03   1.9618000e-01   1.5488000e-01   1.2318000e-01   1.4487000e-01
   1.6700000e+03   1.9769000e-01   1.5554000e-01   1.2383000e-01   1.4532000e-01
   1.6750000e+03   1.9791000e-01   1.5587000e-01   1.2389000e-01   1.4515000e-01
   1.6800000e+03   1.9848000e-01   1.5611000e-01   1.2399000e-01   1.4526000e-01
   1.6850000e+03   1.9907000e-01   1.5682000e-01   1.2430000e-01   1.4564000e-01
   1.6900000e+03   1.9925000e-01   1.5719000e-01   1.2472000e-01   1.4585000e-01
   1.6950000e+03   2.0007000e-01   1.5709000e-01   1.2488000e-01   1.4654000e-01
   1.7000000e+03   2.0029000e-01   1.5763000e-01   1.2536000e-01   1.4694000e-01
   1.7050000e+03   2.0087000e-01   1.5809000e-01   1.2566000e-01   1.4733000e-01
   1.7100000e+03   2.0150000e-01   1.5839000e-01   1.2576000e-01   1.4758000e-01
   1.7150000e+03   2.0177000e-01   1.5860000e-01   1.2600000e-01   1.4796000e-01
   1.7200000e+03   2.0217000e-01   1.5885000e-01   1.2626000e-01   1.4818000e-01
   1.7250000e+03   2.0272000e-01   1.5953000e-01   1.2635000e-01   1.4852000e-01
   1.7300000e+03   2.0311000e-01   1.5998000e-01   1.2666000e-01   1.4874000e-01
   1.7350000e+03   2.0354000e-01   1.6007000e-01   1.2683000e-01   1.4888000e-01
   1.7400000e+03   2.0402000e-01   1.6039000e-01   1.2698000e-01   1.4913000e-01
   1.7450000e+03   2.0439000e-01   1.6075000e-01   1.2720000e-01   1.4937000e-01
   1.7500000e+03   2.0492000e-01   1.6104000e-01   1.2738000e-01   1.4949000e-01
   1.7550000e+03   2.0526000e-01   1.6157000e-01   1.2772000e-01   1.4986000e-01
   1.7600000e+03   2.0609000e-01   1.6210000e-01   1.2812000e-01   1.5045000e-01
   1.7650000e+03   2.0608000e-01   1.6225000e-01   1.2827000e-01   1.5036000e-01
   1.7700000e+03   2.0650000e-01   1.6265000e-01   1.2843000e-01   1.5064000e-01
   1.7750000e+03   2.0683000e-01   1.6288000e-01   1.2851000e-01   1.5096000e-01
   1.7800000e+03   2.0760000e-01   1.6340000e-01   1.2881000e-01   1.5120000e-01
   1.7850000e+03   2.0788000e-01   1.6358000e-01   1.2909000e-01   1.5141000e-01
   1.7900000e+03   2.0850000e-01   1.6409000e-01   1.2943000e-01   1.5193000e-01
   1.7950000e+03   2.0863000e-01   1.6430000e-01   1.2939000e-01   1.5207000e-01
   1.8000000e+03   2.0925000e-01   1.6468000e-01   1.2968000e-01   1.5207000e-01
   1.8050000e+03   2.0956000e-01   1.6507000e-01   1.2989000e-01   1.5255000e-01
   1.8100000e+03   2.1038000e-01   1.6572000e-01   1.3009000e-01   1.5313000e-01
   1.8150000e+03   2.1046000e-01   1.6575000e-01   1.3045000e-01   1.5364000e-01
   1.8200000e+03   2.1098000e-01   1.6612000e-01   1.3055000e-01   1.5367000e-01
   1.8250000e+03   2.1145000e-01   1.6647000e-01   1.3087000e-01   1.5380000e-01
   1.8300000e+03   2.1176000e-01   1.6680000e-01   1.3109000e-01   1.5445000e-01
   1.8350000e+03   2.1213000e-01   1.6713000e-01   1.3136000e-01   1.5461000e-01
   1.8400000e+03   2.1166000e-01   1.6713000e-01   1.3174000e-01   1.5537000e-01
   1.8450000e+03   2.1305000e-01   1.6805000e-01   1.3152000e-01   1.5440000e-01
   1.8500000e+03   2.1258000e-01   1.6823000e-01   1.3204000e-01   1.5581000e-01
   1.8550000e+03   2.1387000e-01   1.6877000e-01   1.3205000e-01   1.5523000e-01
   1.8600000e+03   2.1371000e-01   1.6888000e-01   1.3244000e-01   1.5615000e-01
   1.8650000e+03   2.1435000e-01   1.6986000e-01   1.3257000e-01   1.5659000e-01
   1.8700000e+03   2.1486000e-01   1.6977000e-01   1.3347000e-01   1.5671000e-01
   1.8750000e+03   2.1546000e-01   1.6955000e-01   1.3359000e-01   1.5686000e-01
   1.8800000e+03   2.1555000e-01   1.7028000e-01   1.3259000e-01   1.5713000e-01
   1.8850000e+03   2.1595000e-01   1.7092000e-01   1.3361000e-01   1.5721000e-01
   1.8900000e+03   2.1643000e-01   1.7051000e-01   1.3377000e-01   1.5730000e-01
   1.8950000e+03   2.1652000e-01   1.7103000e-01   1.3405000e-01   1.5794000e-01
   1.9000000e+03   2.1677000e-01   1.7117000e-01   1.3446000e-01   1.5816000e-01
   1.9050000e+03   2.1720000e-01   1.7133000e-01   1.3476000e-01   1.5845000e-01
   1.9100000e+03   2.1769000e-01   1.7196000e-01   1.3454000e-01   1.5864000e-01
   1.9150000e+03   2.1824000e-01   1.7245000e-01   1.3490000e-01   1.5887000e-01
   1.9200000e+03   2.1901000e-01   1.7295000e-01   1.3536000e-01   1.5914000e-01
   1.9250000e+03   2.1885000e-01   1.7300000e-01   1.3512000e-01   1.5937000e-01
   1.9300000e+03   2.1955000e-01   1.7348000e-01   1.3531000e-01   1.5958000e-01
   1.9350000e+03   2.1959000e-01   1.7360000e-01   1.3532000e-01   1.5961000e-01
   1.9400000e+03   2.1991000e-01   1.7422000e-01   1.3591000e-01   1.6028000e-01
   1.9450000e+03   2.2004000e-01   1.7446000e-01   1.3598000e-01   1.6007000e-01
   1.9500000e+03   2.2074000e-01   1.7491000e-01   1.3643000e-01   1.6053000e-01
   1.9550000e+03   2.2103000e-01   1.7536000e-01   1.3646000e-01   1.6095000e-01
   1.9600000e+03   2.2163000e-01   1.7607000e-01   1.3678000e-01   1.6116000e-01
   1.9650000e+03   2.2186000e-01   1.7633000e-01   1.3691000e-01   1.6137000e-01
   1.9700000e+03   2.2223000e-01   1.7679000e-01   1.3733000e-01   1.6175000e-01
   1.9750000e+03   2.2242000e-01   1.7705000e-01   1.3735000e-01   1.6218000e-01
   1.9800000e+03   2.2295000e-01   1.7741000e-01   1.3772000e-01   1.6233000e-01
   1.9850000e+03   2.2342000e-01   1.7767000e-01   1.3803000e-01   1.6273000e-01
   1.9900000e+03   2.2358000e-01   1.7829000e-01   1.3843000e-01   1.6294000e-01
   1.9950000e+03   2.2385000e-01   1.7861000e-01   1.3850000e-01   1.6314000e-01
   2.0000000e+03   2.2413000e-01   1.7872000e-01   1.3880000e-01   1.6349000e-01
   2.0050000e+03   2.2486000e-01   1.7932000e-01   1.3911000e-01   1.6391000e-01
   2.0100000e+03   2.2518000e-01   1.7959000e-01   1.3940000e-01   1.6394000e-01
   2.0150000e+03   2.2548000e-01   1.7977000e-01   1.3974000e-01   1.6423000e-01
   2.0200000e+03   2.2569000e-01   1.8020000e-01   1.3980000e-01   1.6446000e-01
   2.0250000e+03   2.2588000e-01   1.8047000e-01   1.4017000e-01   1.6467000e-01
   2.0300000e+03   2.2641000e-01   1.8088000e-01   1.4015000e-01   1.6501000e-01
   2.0350000e+03   2.2662000e-01   1.8106000e-01   1.4014000e-01   1.6517000e-01
   2.0400000e+03   2.2712000e-01   1.8148000e-01   1.4061000e-01   1.6528000e-01
   2.0450000e+03   2.2749000e-01   1.8216000e-01   1.4106000e-01   1.6552000e-01
   2.0500000e+03   2.2782000e-01   1.8252000e-01   1.4149000e-01   1.6611000e-01
   2.0550000e+03   2.2823000e-01   1.8271000e-01   1.4154000e-01   1.6629000e-01
   2.0600000e+03   2.2870000e-01   1.8300000e-01   1.4178000e-01   1.6658000e-01
   2.0650000e+03   2.2884000e-01   1.8316000e-01   1.4209000e-01   1.6695000e-01
   2.0700000e+03   2.2895000e-01   1.8334000e-01   1.4216000e-01   1.6723000e-01
   2.0750000e+03   2.2922000e-01   1.8382000e-01   1.4267000e-01   1.6769000e-01
   2.0800000e+03   2.2986000e-01   1.8422000e-01   1.4307000e-01   1.6801000e-01
   2.0850000e+03   2.3025000e-01   1.8440000e-01   1.4314000e-01   1.6782000e-01
   2.0900000e+03   2.3073000e-01   1.8514000e-01   1.4366000e-01   1.6862000e-01
   2.0950000e+03   2.3132000e-01   1.8565000e-01   1.4409000e-01   1.6900000e-01
   2.1000000e+03   2.3166000e-01   1.8578000e-01   1.4414000e-01   1.6898000e-01
   2.1050000e+03   2.3209000e-01   1.8629000e-01   1.4441000e-01   1.6929000e-01
   2.1100000e+03   2.3233000e-01   1.8670000e-01   1.4459000e-01   1.6978000e-01
   2.1150000e+03   2.3296000e-01   1.8702000e-01   1.4487000e-01   1.6999000e-01
   2.1200000e+03   2.3278000e-01   1.8733000e-01   1.4487000e-01   1.7068000e-01
   2.1250000e+03   2.3329000e-01   1.8752000e-01   1.4558000e-01   1.7075000e-01
   2.1300000e+03   2.3342000e-01   1.8784000e-01   1.4586000e-01   1.7152000e-01
   2.1350000e+03   2.3425000e-01   1.8806000e-01   1.4616000e-01   1.7133000e-01
   2.1400000e+03   2.3427000e-01   1.8854000e-01   1.4657000e-01   1.7183000e-01
   2.1450000e+03   2.3488000e-01   1.8935000e-01   1.4688000e-01   1.7220000e-01
   2.1500000e+03   2.3454000e-01   1.8947000e-01   1.4698000e-01   1.7234000e-01
   2.1550000e+03   2.3568000e-01   1.9026000e-01   1.4746000e-01   1.7304000e-01
   2.1600000e+03   2.3591000e-01   1.9048000e-01   1.4787000e-01   1.7302000e-01
   2.1650000e+03   2.3627000e-01   1.9111000e-01   1.4820000e-01   1.7349000e-01
   2.1700000e+03   2.3656000e-01   1.9163000e-01   1.4865000e-01   1.7371000e-01
   2.1750000e+03   2.3683000e-01   1.9171000e-01   1.4896000e-01   1.7399000e-01
   2.1800000e+03   2.3754000e-01   1.9181000e-01   1.4920000e-01   1.7432000e-01
   2.1850000e+03   2.3793000e-01   1.9224000e-01   1.4952000e-01   1.7473000e-01
   2.1900000e+03   2.3848000e-01   1.9293000e-01   1.4969000e-01   1.7508000e-01
   2.1950000e+03   2.3868000e-01   1.9311000e-01   1.5006000e-01   1.7540000e-01
   2.2000000e+03   2.3899000e-01   1.9357000e-01   1.5048000e-01   1.7580000e-01
   2.2050000e+03   2.3960000e-01   1.9413000e-01   1.5086000e-01   1.7602000e-01
   2.2100000e+03   2.3963000e-01   1.9468000e-01   1.5118000e-01   1.7580000e-01
   2.2150000e+03   2.4033000e-01   1.9503000e-01   1.5133000e-01   1.7635000e-01
   2.2200000e+03   2.4070000e-01   1.9539000e-01   1.5183000e-01   1.7672000e-01
   2.2250000e+03   2.4120000e-01   1.9577000e-01   1.5233000e-01   1.7704000e-01
   2.2300000e+03   2.4137000e-01   1.9614000e-01   1.5237000e-01   1.7709000e-01
   2.2350000e+03   2.4183000e-01   1.9665000e-01   1.5284000e-01   1.7757000e-01
   2.2400000e+03   2.4239000e-01   1.9683000e-01   1.5315000e-01   1.7775000e-01
   2.2450000e+03   2.4302000e-01   1.9767000e-01   1.5348000e-01   1.7825000e-01
   2.2500000e+03   2.4308000e-01   1.9787000e-01   1.5381000e-01   1.7866000e-01
   2.2550000e+03   2.4352000e-01   1.9811000e-01   1.5411000e-01   1.7902000e-01
   2.2600000e+03   2.4362000e-01   1.9843000e-01   1.5429000e-01   1.7916000e-01
   2.2650000e+03   2.4416000e-01   1.9926000e-01   1.5485000e-01   1.8004000e-01
   2.2700000e+03   2.4467000e-01   1.9996000e-01   1.5548000e-01   1.8015000e-01
   2.2750000e+03   2.4487000e-01   2.0019000e-01   1.5574000e-01   1.8056000e-01
   2.2800000e+03   2.4513000e-01   2.0069000e-01   1.5606000e-01   1.8064000e-01
   2.2850000e+03   2.4575000e-01   2.0118000e-01   1.5660000e-01   1.8096000e-01
   2.2900000e+03   2.4607000e-01   2.0202000e-01   1.5711000e-01   1.8123000e-01
   2.2950000e+03   2.4678000e-01   2.0251000e-01   1.5749000e-01   1.8195000e-01
   2.3000000e+03   2.4718000e-01   2.0292000e-01   1.5794000e-01   1.8229000e-01
   2.3050000e+03   2.4795000e-01   2.0370000e-01   1.5839000e-01   1.8298000e-01
   2.3100000e+03   2.4799000e-01   2.0408000e-01   1.5895000e-01   1.8337000e-01
   2.3150000e+03   2.4829000e-01   2.0452000e-01   1.5909000e-01   1.8330000e-01
   2.3200000e+03   2.4821000e-01   2.0482000e-01   1.5933000e-01   1.8370000e-01
   2.3250000e+03   2.4820000e-01   2.0497000e-01   1.5941000e-01   1.8402000e-01
   2.3300000e+03   2.4877000e-01   2.0510000e-01   1.5979000e-01   1.8443000e-01
   2.3350000e+03   2.4920000e-01   2.0564000e-01   1.6032000e-01   1.8466000e-01
   2.3400000e+03   2.4950000e-01   2.0623000e-01   1.6073000e-01   1.8509000e-01
   2.3450000e+03   2.4961000e-01   2.0684000e-01   1.6105000e-01   1.8523000e-01
   2.3500000e+03   2.4955000e-01   2.0698000e-01   1.6100000e-01   1.8541000e-01
   2.3550000e+03   2.4980000e-01   2.0704000e-01   1.6118000e-01   1.8529000e-01
   2.3600000e+03   2.5003000e-01   2.0768000e-01   1.6145000e-01   1.8551000e-01
   2.3650000e+03   2.5051000e-01   2.0841000e-01   1.6201000e-01   1.8608000e-01
   2.3700000e+03   2.5089000e-01   2.0830000e-01   1.6242000e-01   1.8613000e-01
   2.3750000e+03   2.5117000e-01   2.0879000e-01   1.6276000e-01   1.8643000e-01
   2.3800000e+03   2.5160000e-01   2.0929000e-01   1.6326000e-01   1.8725000e-01
   2.3850000e+03   2.5172000e-01   2.0969000e-01   1.6380000e-01   1.8767000e-01
   2.3900000e+03   2.5192000e-01   2.1014000e-01   1.6426000e-01   1.8771000e-01
   2.3950000e+03   2.5239000e-01   2.1052000e-01   1.6485000e-01   1.8830000e-01
   2.4000000e+03   2.5335000e-01   2.1115000e-01   1.6537000e-01   1.8856000e-01
   2.4050000e+03   2.5394000e-01   2.1171000e-01   1.6575000e-01   1.8936000e-01
   2.4100000e+03   2.5357000e-01   2.1170000e-01   1.6615000e-01   1.8924000e-01
   2.4150000e+03   2.5417000e-01   2.1233000e-01   1.6680000e-01   1.8975000e-01
   2.4200000e+03   2.5435000e-01   2.1316000e-01   1.6713000e-01   1.8962000e-01
   2.4250000e+03   2.5559000e-01   2.1435000e-01   1.6790000e-01   1.9022000e-01
   2.4300000e+03   2.5551000e-01   2.1454000e-01   1.6804000e-01   1.9040000e-01
   2.4350000e+03   2.5591000e-01   2.1503000e-01   1.6826000e-01   1.9076000e-01
   2.4400000e+03   2.5616000e-01   2.1502000e-01   1.6880000e-01   1.9114000e-01
   2.4450000e+03   2.5671000e-01   2.1562000e-01   1.6958000e-01   1.9133000e-01
   2.4500000e+03   2.5658000e-01   2.1584000e-01   1.6976000e-01   1.9198000e-01
   2.4550000e+03   2.5682000e-01   2.1647000e-01   1.7029000e-01   1.9226000e-01
   2.4600000e+03   2.5707000e-01   2.1680000e-01   1.7071000e-01   1.9270000e-01
   2.4650000e+03   2.5732000e-01   2.1705000e-01   1.7120000e-01   1.9357000e-01
   2.4700000e+03   2.5781000e-01   2.1780000e-01   1.7157000e-01   1.9361000e-01
   2.4750000e+03   2.5777000e-01   2.1825000e-01   1.7202000e-01   1.9439000e-01
   2.4800000e+03   2.5923000e-01   2.1949000e-01   1.7243000e-01   1.9434000e-01
   2.4850000e+03   2.5869000e-01   2.1943000e-01   1.7303000e-01   1.9486000e-01
   2.4900000e+03   2.5915000e-01   2.1989000e-01   1.7338000e-01   1.9520000e-01
   2.4950000e+03   2.5970000e-01   2.2044000e-01   1.7385000e-01   1.9611000e-01
   2.5000000e+03   2.5988000e-01   2.2057000e-01   1.7461000e-01   1.9636000e-01
   2.5050000e+03   2.6061000e-01   2.2126000e-01   1.7564000e-01   1.9759000e-01
   2.5100000e+03   2.5981000e-01   2.2108000e-01   1.7531000e-01   1.9710000e-01
   2.5150000e+03   2.6075000e-01   2.2160000e-01   1.7595000e-01   1.9806000e-01
   2.5200000e+03   2.6009000e-01   2.2156000e-01   1.7644000e-01   1.9849000e-01
   2.5250000e+03   2.6114000e-01   2.2236000e-01   1.7701000e-01   1.9872000e-01
   2.5300000e+03   2.6045000e-01   2.2268000e-01   1.7737000e-01   1.9903000e-01
   2.5350000e+03   2.6055000e-01   2.2285000e-01   1.7843000e-01   2.0066000e-01
   2.5400000e+03   2.6260000e-01   2.2382000e-01   1.7782000e-01   1.9894000e-01
   2.5450000e+03   2.6203000e-01   2.2431000e-01   1.7975000e-01   2.0200000e-01
   2.5500000e+03   2.6256000e-01   2.2442000e-01   1.7972000e-01   2.0133000e-01
   2.5550000e+03   2.6362000e-01   2.2510000e-01   1.8019000e-01   2.0307000e-01
   2.5600000e+03   2.6360000e-01   2.2571000e-01   1.8081000e-01   2.0258000e-01
   2.5650000e+03   2.6400000e-01   2.2639000e-01   1.8148000e-01   2.0334000e-01
   2.5700000e+03   2.6416000e-01   2.2676000e-01   1.8178000e-01   2.0346000e-01
   2.5750000e+03   2.6399000e-01   2.2715000e-01   1.8266000e-01   2.0471000e-01
   2.5800000e+03   2.6540000e-01   2.2807000e-01   1.8264000e-01   2.0368000e-01
   2.5850000e+03   2.6532000e-01   2.2876000e-01   1.8369000e-01   2.0516000e-01
   2.5900000e+03   2.6619000e-01   2.2932000e-01   1.8376000e-01   2.0459000e-01
   2.5950000e+03   2.6706000e-01   2.3012000e-01   1.8395000e-01   2.0433000e-01
   2.6000000e+03   2.6776000e-01   2.3078000e-01   1.8403000e-01   2.0394000e-01
