   3.0000000e+02   5.5417000e-02   5.4237000e-02   4.6843000e-02   6.2278000e-02
   3.0500000e+02   5.9150000e-02   5.6505000e-02   5.3015000e-02   6.2080000e-02
   3.1000000e+02   6.0489000e-02   5.3677000e-02   5.1479000e-02   5.9589000e-02
   3.1500000e+02   6.2455000e-02   5.4943000e-02   5.3758000e-02   6.2915000e-02
   3.2000000e+02   6.3114000e-02   5.5486000e-02   5.4677000e-02   6.3156000e-02
   3.2500000e+02   6.4752000e-02   5.5144000e-02   5.5857000e-02   6.4495000e-02
   3.3000000e+02   6.6269000e-02   5.6919000e-02   5.5515000e-02   6.5578000e-02
   3.3500000e+02   6.7470000e-02   5.6960000e-02   5.6727000e-02   6.6399000e-02
   3.4000000e+02   6.9107000e-02   5.7815000e-02   5.7402000e-02   6.8496000e-02
   3.4500000e+02   7.0415000e-02   5.8737000e-02   5.8742000e-02   6.9151000e-02
   3.5000000e+02   7.2226000e-02   6.0494000e-02   5.9947000e-02   7.0665000e-02
   3.5500000e+02   7.3550000e-02   6.1032000e-02   6.1352000e-02   7.1842000e-02
   3.6000000e+02   7.4634000e-02   6.2348000e-02   6.2464000e-02   7.2957000e-02
   3.6500000e+02   7.6908000e-02   6.3586000e-02   6.4009000e-02   7.4781000e-02
   3.7000000e+02   7.9015000e-02   6.4992000e-02   6.5953000e-02   7.6668000e-02
   3.7500000e+02   8.0837000e-02   6.6328000e-02   6.7644000e-02   7.8091000e-02
   3.8000000e+02   8.2474000e-02   6.7623000e-02   6.9009000e-02   7.9576000e-02
   3.8500000e+02   8.4107000e-02   6.9299000e-02   7.0637000e-02   8.0847000e-02
   3.9000000e+02   8.6222000e-02   7.0518000e-02   7.2119000e-02   8.2473000e-02
   3.9500000e+02   8.7494000e-02   7.1716000e-02   7.3180000e-02   8.3905000e-02
   4.0000000e+02   8.8767000e-02   7.2914000e-02   7.4243000e-02   8.5338000e-02
   4.0500000e+02   9.0461000e-02   7.3726000e-02   7.5259000e-02   8.6467000e-02
   4.1000000e+02   9.1820000e-02   7.4376000e-02   7.6081000e-02   8.7250000e-02
   4.1500000e+02   9.3260000e-02   7.5260000e-02   7.6918000e-02   8.8171000e-02
   4.2000000e+02   9.4320000e-02   7.5951000e-02   7.7652000e-02   8.8953000e-02
   4.2500000e+02   9.5485000e-02   7.6747000e-02   7.8260000e-02   8.9865000e-02
   4.3000000e+02   9.6746000e-02   7.7172000e-02   7.8807000e-02   9.0409000e-02
   4.3500000e+02   9.7736000e-02   7.7749000e-02   7.9350000e-02   9.1098000e-02
   4.4000000e+02   9.8437000e-02   7.8269000e-02   7.9756000e-02   9.1627000e-02
   4.4500000e+02   9.9537000e-02   7.8832000e-02   8.0215000e-02   9.2275000e-02
   4.5000000e+02   1.0041000e-01   7.9180000e-02   8.0562000e-02   9.2777000e-02
   4.5500000e+02   1.0126000e-01   7.9727000e-02   8.0955000e-02   9.3238000e-02
   4.6000000e+02   1.0199000e-01   8.0035000e-02   8.1306000e-02   9.3790000e-02
   4.6500000e+02   1.0270000e-01   8.0523000e-02   8.1668000e-02   9.4120000e-02
   4.7000000e+02   1.0347000e-01   8.1003000e-02   8.2032000e-02   9.4689000e-02
   4.7500000e+02   1.0420000e-01   8.1526000e-02   8.2454000e-02   9.5234000e-02
   4.8000000e+02   1.0506000e-01   8.1967000e-02   8.3017000e-02   9.5769000e-02
   4.8500000e+02   1.0565000e-01   8.2551000e-02   8.3337000e-02   9.6219000e-02
   4.9000000e+02   1.0648000e-01   8.2959000e-02   8.3831000e-02   9.6783000e-02
   4.9500000e+02   1.0738000e-01   8.3644000e-02   8.4271000e-02   9.7282000e-02
   5.0000000e+02   1.0807000e-01   8.4016000e-02   8.4547000e-02   9.7857000e-02
   5.0500000e+02   1.0892000e-01   8.4387000e-02   8.4732000e-02   9.8212000e-02
   5.1000000e+02   1.0972000e-01   8.5083000e-02   8.5381000e-02   9.8827000e-02
   5.1500000e+02   1.1057000e-01   8.5821000e-02   8.6554000e-02   9.9566000e-02
   5.2000000e+02   1.1166000e-01   8.6694000e-02   8.7526000e-02   1.0030000e-01
   5.2500000e+02   1.1241000e-01   8.7292000e-02   8.7977000e-02   1.0078000e-01
   5.3000000e+02   1.1335000e-01   8.7961000e-02   8.8837000e-02   1.0157000e-01
   5.3500000e+02   1.1398000e-01   8.8610000e-02   8.9422000e-02   1.0234000e-01
   5.4000000e+02   1.1495000e-01   8.9329000e-02   8.9972000e-02   1.0294000e-01
   5.4500000e+02   1.1574000e-01   8.9831000e-02   9.0614000e-02   1.0375000e-01
   5.5000000e+02   1.1678000e-01   9.0551000e-02   9.1099000e-02   1.0417000e-01
   5.5500000e+02   1.1731000e-01   9.1168000e-02   9.1806000e-02   1.0486000e-01
   5.6000000e+02   1.1832000e-01   9.1881000e-02   9.2525000e-02   1.0539000e-01
   5.6500000e+02   1.1911000e-01   9.2633000e-02   9.3388000e-02   1.0600000e-01
   5.7000000e+02   1.1989000e-01   9.3207000e-02   9.3947000e-02   1.0674000e-01
   5.7500000e+02   1.2070000e-01   9.3958000e-02   9.4667000e-02   1.0733000e-01
   5.8000000e+02   1.2162000e-01   9.4556000e-02   9.5187000e-02   1.0792000e-01
   5.8500000e+02   1.2233000e-01   9.5216000e-02   9.6079000e-02   1.0858000e-01
   5.9000000e+02   1.2332000e-01   9.5802000e-02   9.6510000e-02   1.0921000e-01
   5.9500000e+02   1.2411000e-01   9.6413000e-02   9.7014000e-02   1.0967000e-01
   6.0000000e+02   1.2492000e-01   9.7060000e-02   9.7642000e-02   1.1039000e-01
   6.0500000e+02   1.2583000e-01   9.7710000e-02   9.8348000e-02   1.1105000e-01
   6.1000000e+02   1.2665000e-01   9.8306000e-02   9.8972000e-02   1.1187000e-01
   6.1500000e+02   1.2775000e-01   9.9192000e-02   9.9867000e-02   1.1266000e-01
   6.2000000e+02   1.2860000e-01   9.9808000e-02   1.0055000e-01   1.1334000e-01
   6.2500000e+02   1.2959000e-01   1.0049000e-01   1.0125000e-01   1.1405000e-01
   6.3000000e+02   1.3051000e-01   1.0119000e-01   1.0203000e-01   1.1491000e-01
   6.3500000e+02   1.3141000e-01   1.0188000e-01   1.0262000e-01   1.1568000e-01
   6.4000000e+02   1.3224000e-01   1.0248000e-01   1.0327000e-01   1.1639000e-01
   6.4500000e+02   1.3318000e-01   1.0300000e-01   1.0383000e-01   1.1694000e-01
   6.5000000e+02   1.3404000e-01   1.0363000e-01   1.0448000e-01   1.1757000e-01
   6.5500000e+02   1.3498000e-01   1.0422000e-01   1.0491000e-01   1.1814000e-01
   6.6000000e+02   1.3587000e-01   1.0483000e-01   1.0551000e-01   1.1863000e-01
   6.6500000e+02   1.3676000e-01   1.0537000e-01   1.0598000e-01   1.1922000e-01
   6.7000000e+02   1.3774000e-01   1.0594000e-01   1.0664000e-01   1.1998000e-01
   6.7500000e+02   1.3868000e-01   1.0665000e-01   1.0722000e-01   1.2060000e-01
   6.8000000e+02   1.3975000e-01   1.0729000e-01   1.0781000e-01   1.2110000e-01
   6.8500000e+02   1.4081000e-01   1.0790000e-01   1.0836000e-01   1.2199000e-01
   6.9000000e+02   1.4174000e-01   1.0835000e-01   1.0896000e-01   1.2261000e-01
   6.9500000e+02   1.4258000e-01   1.0884000e-01   1.0940000e-01   1.2337000e-01
   7.0000000e+02   1.4368000e-01   1.0954000e-01   1.1004000e-01   1.2393000e-01
   7.0500000e+02   1.4504000e-01   1.1031000e-01   1.1048000e-01   1.2459000e-01
   7.1000000e+02   1.4576000e-01   1.1071000e-01   1.1118000e-01   1.2554000e-01
   7.1500000e+02   1.4715000e-01   1.1143000e-01   1.1151000e-01   1.2606000e-01
   7.2000000e+02   1.4844000e-01   1.1244000e-01   1.1244000e-01   1.2722000e-01
   7.2500000e+02   1.5220000e-01   1.1499000e-01   1.1270000e-01   1.2789000e-01
   7.3000000e+02   1.5098000e-01   1.1357000e-01   1.1338000e-01   1.2928000e-01
   7.3500000e+02   1.5238000e-01   1.1424000e-01   1.1391000e-01   1.3007000e-01
   7.4000000e+02   1.5359000e-01   1.1502000e-01   1.1445000e-01   1.3105000e-01
   7.4500000e+02   1.5506000e-01   1.1578000e-01   1.1464000e-01   1.3146000e-01
   7.5000000e+02   1.5599000e-01   1.1624000e-01   1.1510000e-01   1.3254000e-01
   7.5500000e+02   1.5737000e-01   1.1666000e-01   1.1536000e-01   1.3349000e-01
   7.6000000e+02   1.5881000e-01   1.1756000e-01   1.1560000e-01   1.3437000e-01
   7.6500000e+02   1.6001000e-01   1.1807000e-01   1.1584000e-01   1.3536000e-01
   7.7000000e+02   1.6137000e-01   1.1854000e-01   1.1620000e-01   1.3612000e-01
   7.7500000e+02   1.6244000e-01   1.1892000e-01   1.1626000e-01   1.3705000e-01
   7.8000000e+02   1.6416000e-01   1.1970000e-01   1.1612000e-01   1.3778000e-01
   7.8500000e+02   1.6548000e-01   1.2020000e-01   1.1611000e-01   1.3861000e-01
   7.9000000e+02   1.6710000e-01   1.2069000e-01   1.1612000e-01   1.3960000e-01
   7.9500000e+02   1.6809000e-01   1.2091000e-01   1.1599000e-01   1.4040000e-01
   8.0000000e+02   1.6976000e-01   1.2223000e-01   1.1509000e-01   1.4121000e-01
   8.0500000e+02   1.7103000e-01   1.2208000e-01   1.1465000e-01   1.4217000e-01
   8.1000000e+02   1.7287000e-01   1.2266000e-01   1.1452000e-01   1.4273000e-01
   8.1500000e+02   1.7426000e-01   1.2342000e-01   1.1436000e-01   1.4362000e-01
   8.2000000e+02   1.7557000e-01   1.2361000e-01   1.1397000e-01   1.4453000e-01
   8.2500000e+02   1.7733000e-01   1.2401000e-01   1.1309000e-01   1.4509000e-01
   8.3000000e+02   1.7855000e-01   1.2396000e-01   1.1256000e-01   1.4570000e-01
   8.3500000e+02   1.7921000e-01   1.2422000e-01   1.1167000e-01   1.4670000e-01
   8.4000000e+02   1.8037000e-01   1.2433000e-01   1.1109000e-01   1.4722000e-01
   8.4500000e+02   1.8192000e-01   1.2515000e-01   1.1051000e-01   1.4808000e-01
   8.5000000e+02   1.8401000e-01   1.2507000e-01   1.0974000e-01   1.4798000e-01
   8.5500000e+02   1.8470000e-01   1.2478000e-01   1.0934000e-01   1.4875000e-01
   8.6000000e+02   1.8587000e-01   1.2467000e-01   1.0786000e-01   1.4858000e-01
   8.6500000e+02   1.8738000e-01   1.2544000e-01   1.0716000e-01   1.4908000e-01
   8.7000000e+02   1.8808000e-01   1.2480000e-01   1.0615000e-01   1.5014000e-01
   8.7500000e+02   1.8951000e-01   1.2479000e-01   1.0553000e-01   1.4998000e-01
   8.8000000e+02   1.9082000e-01   1.2518000e-01   1.0528000e-01   1.5122000e-01
   8.8500000e+02   1.9166000e-01   1.2509000e-01   1.0361000e-01   1.5132000e-01
   8.9000000e+02   1.9291000e-01   1.2531000e-01   1.0316000e-01   1.5168000e-01
   8.9500000e+02   1.9417000e-01   1.2518000e-01   1.0295000e-01   1.5220000e-01
   9.0000000e+02   1.9515000e-01   1.2558000e-01   1.0075000e-01   1.5237000e-01
   9.0500000e+02   1.9625000e-01   1.2582000e-01   1.0063000e-01   1.5310000e-01
   9.1000000e+02   1.9701000e-01   1.2553000e-01   9.9837000e-02   1.5369000e-01
   9.1500000e+02   1.9800000e-01   1.2595000e-01   9.9549000e-02   1.5377000e-01
   9.2000000e+02   1.9858000e-01   1.2600000e-01   9.9151000e-02   1.5443000e-01
   9.2500000e+02   1.9967000e-01   1.2641000e-01   9.8933000e-02   1.5476000e-01
   9.3000000e+02   2.0084000e-01   1.2633000e-01   9.8383000e-02   1.5494000e-01
   9.3500000e+02   2.0165000e-01   1.2677000e-01   9.8409000e-02   1.5571000e-01
   9.4000000e+02   2.0207000e-01   1.2708000e-01   9.8046000e-02   1.5601000e-01
   9.4500000e+02   2.0305000e-01   1.2754000e-01   9.8093000e-02   1.5624000e-01
   9.5000000e+02   2.0381000e-01   1.2778000e-01   9.7531000e-02   1.5693000e-01
   9.5500000e+02   2.0484000e-01   1.2821000e-01   9.7651000e-02   1.5749000e-01
   9.6000000e+02   2.0529000e-01   1.2833000e-01   9.7589000e-02   1.5781000e-01
   9.6500000e+02   2.0552000e-01   1.2859000e-01   9.7340000e-02   1.5833000e-01
   9.7000000e+02   2.0677000e-01   1.2925000e-01   9.7718000e-02   1.5874000e-01
   9.7500000e+02   2.0703000e-01   1.2958000e-01   9.7614000e-02   1.5915000e-01
   9.8000000e+02   2.0796000e-01   1.2972000e-01   9.7829000e-02   1.5995000e-01
   9.8500000e+02   2.0842000e-01   1.3004000e-01   9.8039000e-02   1.6024000e-01
   9.9000000e+02   2.0895000e-01   1.3095000e-01   9.8189000e-02   1.6063000e-01
   9.9500000e+02   2.0958000e-01   1.3112000e-01   9.8250000e-02   1.6113000e-01
   1.0000000e+03   2.1064000e-01   1.3162000e-01   9.8292000e-02   1.6102000e-01
   1.0050000e+03   2.1078000e-01   1.3220000e-01   9.8770000e-02   1.6160000e-01
   1.0100000e+03   2.1135000e-01   1.3278000e-01   9.9221000e-02   1.6204000e-01
   1.0150000e+03   2.1168000e-01   1.3300000e-01   9.9435000e-02   1.6233000e-01
   1.0200000e+03   2.1246000e-01   1.3333000e-01   9.9972000e-02   1.6257000e-01
   1.0250000e+03   2.1285000e-01   1.3402000e-01   1.0012000e-01   1.6344000e-01
   1.0300000e+03   2.1304000e-01   1.3462000e-01   1.0092000e-01   1.6396000e-01
   1.0350000e+03   2.1330000e-01   1.3530000e-01   1.0138000e-01   1.6442000e-01
   1.0400000e+03   2.1394000e-01   1.3575000e-01   1.0201000e-01   1.6483000e-01
   1.0450000e+03   2.1488000e-01   1.3658000e-01   1.0277000e-01   1.6584000e-01
   1.0500000e+03   2.1545000e-01   1.3729000e-01   1.0344000e-01   1.6590000e-01
   1.0550000e+03   2.1510000e-01   1.3778000e-01   1.0387000e-01   1.6684000e-01
   1.0600000e+03   2.1604000e-01   1.3859000e-01   1.0495000e-01   1.6792000e-01
   1.0650000e+03   2.1623000e-01   1.3952000e-01   1.0586000e-01   1.6781000e-01
   1.0700000e+03   2.1680000e-01   1.4035000e-01   1.0681000e-01   1.6871000e-01
   1.0750000e+03   2.1684000e-01   1.4111000e-01   1.0779000e-01   1.6932000e-01
   1.0800000e+03   2.1711000e-01   1.4176000e-01   1.0853000e-01   1.6957000e-01
   1.0850000e+03   2.1809000e-01   1.4240000e-01   1.0958000e-01   1.7005000e-01
   1.0900000e+03   2.1811000e-01   1.4334000e-01   1.1066000e-01   1.7137000e-01
   1.0950000e+03   2.1874000e-01   1.4400000e-01   1.1177000e-01   1.7174000e-01
   1.1000000e+03   2.1946000e-01   1.4500000e-01   1.1293000e-01   1.7269000e-01
   1.1050000e+03   2.1945000e-01   1.4558000e-01   1.1394000e-01   1.7334000e-01
   1.1100000e+03   2.1992000e-01   1.4630000e-01   1.1507000e-01   1.7402000e-01
   1.1150000e+03   2.2024000e-01   1.4731000e-01   1.1570000e-01   1.7462000e-01
   1.1200000e+03   2.2056000e-01   1.4783000e-01   1.1705000e-01   1.7506000e-01
   1.1250000e+03   2.2129000e-01   1.4819000e-01   1.1798000e-01   1.7520000e-01
   1.1300000e+03   2.2126000e-01   1.4853000e-01   1.1877000e-01   1.7550000e-01
   1.1350000e+03   2.2173000e-01   1.4992000e-01   1.1966000e-01   1.7681000e-01
   1.1400000e+03   2.2206000e-01   1.5033000e-01   1.2047000e-01   1.7671000e-01
   1.1450000e+03   2.2197000e-01   1.5068000e-01   1.2103000e-01   1.7748000e-01
   1.1500000e+03   2.2261000e-01   1.5101000e-01   1.2201000e-01   1.7738000e-01
   1.1550000e+03   2.2256000e-01   1.5142000e-01   1.2251000e-01   1.7783000e-01
   1.1600000e+03   2.2272000e-01   1.5204000e-01   1.2317000e-01   1.7811000e-01
   1.1650000e+03   2.2298000e-01   1.5232000e-01   1.2374000e-01   1.7809000e-01
   1.1700000e+03   2.2322000e-01   1.5283000e-01   1.2386000e-01   1.7880000e-01
   1.1750000e+03   2.2324000e-01   1.5330000e-01   1.2455000e-01   1.7891000e-01
   1.1800000e+03   2.2340000e-01   1.5360000e-01   1.2486000e-01   1.7963000e-01
   1.1850000e+03   2.2412000e-01   1.5420000e-01   1.2525000e-01   1.7935000e-01
   1.1900000e+03   2.2382000e-01   1.5424000e-01   1.2571000e-01   1.8004000e-01
   1.1950000e+03   2.2452000e-01   1.5465000e-01   1.2627000e-01   1.8039000e-01
   1.2000000e+03   2.2450000e-01   1.5539000e-01   1.2649000e-01   1.8041000e-01
   1.2050000e+03   2.2475000e-01   1.5547000e-01   1.2610000e-01   1.8131000e-01
   1.2100000e+03   2.2449000e-01   1.5573000e-01   1.2574000e-01   1.8154000e-01
   1.2150000e+03   2.2511000e-01   1.5589000e-01   1.2653000e-01   1.8104000e-01
   1.2200000e+03   2.2547000e-01   1.5614000e-01   1.2694000e-01   1.8174000e-01
   1.2250000e+03   2.2543000e-01   1.5663000e-01   1.2704000e-01   1.8215000e-01
   1.2300000e+03   2.2558000e-01   1.5716000e-01   1.2723000e-01   1.8285000e-01
   1.2350000e+03   2.2560000e-01   1.5783000e-01   1.2744000e-01   1.8292000e-01
   1.2400000e+03   2.2648000e-01   1.5792000e-01   1.2790000e-01   1.8330000e-01
   1.2450000e+03   2.2707000e-01   1.5846000e-01   1.2842000e-01   1.8382000e-01
   1.2500000e+03   2.2708000e-01   1.5870000e-01   1.2865000e-01   1.8442000e-01
   1.2550000e+03   2.2794000e-01   1.5913000e-01   1.2888000e-01   1.8472000e-01
   1.2600000e+03   2.2825000e-01   1.5946000e-01   1.2909000e-01   1.8535000e-01
   1.2650000e+03   2.2868000e-01   1.5991000e-01   1.2959000e-01   1.8559000e-01
   1.2700000e+03   2.2869000e-01   1.6035000e-01   1.3018000e-01   1.8574000e-01
   1.2750000e+03   2.2942000e-01   1.6096000e-01   1.3031000e-01   1.8607000e-01
   1.2800000e+03   2.2979000e-01   1.6102000e-01   1.3085000e-01   1.8621000e-01
   1.2850000e+03   2.3038000e-01   1.6112000e-01   1.3131000e-01   1.8642000e-01
   1.2900000e+03   2.3056000e-01   1.6174000e-01   1.3164000e-01   1.8665000e-01
   1.2950000e+03   2.3166000e-01   1.6221000e-01   1.3205000e-01   1.8734000e-01
   1.3000000e+03   2.3317000e-01   1.6246000e-01   1.3311000e-01   1.8769000e-01
   1.3050000e+03   2.3341000e-01   1.6353000e-01   1.3354000e-01   1.8808000e-01
   1.3100000e+03   2.3407000e-01   1.6374000e-01   1.3407000e-01   1.8874000e-01
   1.3150000e+03   2.3449000e-01   1.6465000e-01   1.3470000e-01   1.8904000e-01
   1.3200000e+03   2.3545000e-01   1.6498000e-01   1.3513000e-01   1.8956000e-01
   1.3250000e+03   2.3582000e-01   1.6563000e-01   1.3584000e-01   1.9013000e-01
   1.3300000e+03   2.3696000e-01   1.6638000e-01   1.3623000e-01   1.9070000e-01
   1.3350000e+03   2.3761000e-01   1.6674000e-01   1.3676000e-01   1.9135000e-01
   1.3400000e+03   2.3790000e-01   1.6741000e-01   1.3715000e-01   1.9220000e-01
   1.3450000e+03   2.3855000e-01   1.6824000e-01   1.3790000e-01   1.9285000e-01
   1.3500000e+03   2.3903000e-01   1.6930000e-01   1.3831000e-01   1.9305000e-01
   1.3550000e+03   2.3978000e-01   1.6973000e-01   1.3862000e-01   1.9407000e-01
   1.3600000e+03   2.4038000e-01   1.7022000e-01   1.3918000e-01   1.9446000e-01
   1.3650000e+03   2.4118000e-01   1.7057000e-01   1.3980000e-01   1.9478000e-01
   1.3700000e+03   2.4183000e-01   1.7127000e-01   1.4026000e-01   1.9547000e-01
   1.3750000e+03   2.4254000e-01   1.7137000e-01   1.4120000e-01   1.9531000e-01
   1.3800000e+03   2.4296000e-01   1.7195000e-01   1.4180000e-01   1.9584000e-01
   1.3850000e+03   2.4381000e-01   1.7292000e-01   1.4233000e-01   1.9684000e-01
   1.3900000e+03   2.4433000e-01   1.7390000e-01   1.4261000e-01   1.9813000e-01
   1.3950000e+03   2.4487000e-01   1.7437000e-01   1.4316000e-01   1.9840000e-01
   1.4000000e+03   2.4547000e-01   1.7524000e-01   1.4328000e-01   1.9945000e-01
   1.4050000e+03   2.4629000e-01   1.7625000e-01   1.4362000e-01   2.0071000e-01
   1.4100000e+03   2.4708000e-01   1.7691000e-01   1.4418000e-01   2.0139000e-01
   1.4150000e+03   2.4793000e-01   1.7747000e-01   1.4499000e-01   2.0188000e-01
   1.4200000e+03   2.4882000e-01   1.7795000e-01   1.4545000e-01   2.0222000e-01
   1.4250000e+03   2.4916000e-01   1.7824000e-01   1.4654000e-01   2.0306000e-01
   1.4300000e+03   2.4958000e-01   1.7833000e-01   1.4700000e-01   2.0324000e-01
   1.4350000e+03   2.5092000e-01   1.7962000e-01   1.4727000e-01   2.0303000e-01
   1.4400000e+03   2.5066000e-01   1.7985000e-01   1.4744000e-01   2.0424000e-01
   1.4450000e+03   2.5140000e-01   1.8077000e-01   1.4822000e-01   2.0511000e-01
   1.4500000e+03   2.5225000e-01   1.8127000e-01   1.4887000e-01   2.0572000e-01
   1.4550000e+03   2.5239000e-01   1.8139000e-01   1.4938000e-01   2.0626000e-01
   1.4600000e+03   2.5355000e-01   1.8192000e-01   1.4951000e-01   2.0690000e-01
   1.4650000e+03   2.5420000e-01   1.8307000e-01   1.4972000e-01   2.0692000e-01
   1.4700000e+03   2.5463000e-01   1.8391000e-01   1.5035000e-01   2.0802000e-01
   1.4750000e+03   2.5564000e-01   1.8372000e-01   1.5107000e-01   2.0787000e-01
   1.4800000e+03   2.5627000e-01   1.8497000e-01   1.5132000e-01   2.0821000e-01
   1.4850000e+03   2.5712000e-01   1.8504000e-01   1.5149000e-01   2.0861000e-01
   1.4900000e+03   2.5753000e-01   1.8535000e-01   1.5203000e-01   2.0992000e-01
   1.4950000e+03   2.5823000e-01   1.8586000e-01   1.5253000e-01   2.1029000e-01
   1.5000000e+03   2.5879000e-01   1.8647000e-01   1.5287000e-01   2.1103000e-01
   1.5050000e+03   2.5934000e-01   1.8699000e-01   1.5344000e-01   2.1176000e-01
   1.5100000e+03   2.5990000e-01   1.8791000e-01   1.5347000e-01   2.1220000e-01
   1.5150000e+03   2.6062000e-01   1.8789000e-01   1.5393000e-01   2.1289000e-01
   1.5200000e+03   2.6105000e-01   1.8853000e-01   1.5406000e-01   2.1308000e-01
   1.5250000e+03   2.6240000e-01   1.8911000e-01   1.5508000e-01   2.1378000e-01
   1.5300000e+03   2.6282000e-01   1.8961000e-01   1.5486000e-01   2.1413000e-01
   1.5350000e+03   2.6351000e-01   1.9006000e-01   1.5474000e-01   2.1491000e-01
   1.5400000e+03   2.6405000e-01   1.9045000e-01   1.5507000e-01   2.1522000e-01
   1.5450000e+03   2.6387000e-01   1.9083000e-01   1.5579000e-01   2.1577000e-01
   1.5500000e+03   2.6439000e-01   1.9112000e-01   1.5609000e-01   2.1603000e-01
   1.5550000e+03   2.6542000e-01   1.9165000e-01   1.5625000e-01   2.1691000e-01
   1.5600000e+03   2.6567000e-01   1.9205000e-01   1.5632000e-01   2.1686000e-01
   1.5650000e+03   2.6681000e-01   1.9207000e-01   1.5670000e-01   2.1729000e-01
   1.5700000e+03   2.6715000e-01   1.9261000e-01   1.5696000e-01   2.1770000e-01
   1.5750000e+03   2.6770000e-01   1.9351000e-01   1.5675000e-01   2.1834000e-01
   1.5800000e+03   2.6805000e-01   1.9340000e-01   1.5655000e-01   2.1860000e-01
   1.5850000e+03   2.6882000e-01   1.9400000e-01   1.5694000e-01   2.1937000e-01
   1.5900000e+03   2.6870000e-01   1.9392000e-01   1.5721000e-01   2.2000000e-01
   1.5950000e+03   2.6953000e-01   1.9445000e-01   1.5735000e-01   2.2041000e-01
   1.6000000e+03   2.7065000e-01   1.9533000e-01   1.5807000e-01   2.2086000e-01
   1.6050000e+03   2.7130000e-01   1.9509000e-01   1.5821000e-01   2.2112000e-01
   1.6100000e+03   2.7222000e-01   1.9601000e-01   1.5851000e-01   2.2224000e-01
   1.6150000e+03   2.7316000e-01   1.9657000e-01   1.5836000e-01   2.2268000e-01
   1.6200000e+03   2.7373000e-01   1.9683000e-01   1.5864000e-01   2.2304000e-01
   1.6250000e+03   2.7374000e-01   1.9722000e-01   1.5873000e-01   2.2336000e-01
   1.6300000e+03   2.7464000e-01   1.9731000e-01   1.5856000e-01   2.2370000e-01
   1.6350000e+03   2.7539000e-01   1.9809000e-01   1.5885000e-01   2.2415000e-01
   1.6400000e+03   2.7656000e-01   1.9820000e-01   1.5899000e-01   2.2424000e-01
   1.6450000e+03   2.7685000e-01   1.9874000e-01   1.5929000e-01   2.2507000e-01
   1.6500000e+03   2.7753000e-01   1.9963000e-01   1.5945000e-01   2.2548000e-01
   1.6550000e+03   2.7846000e-01   1.9977000e-01   1.5949000e-01   2.2659000e-01
   1.6600000e+03   2.7925000e-01   1.9994000e-01   1.5968000e-01   2.2675000e-01
   1.6650000e+03   2.8018000e-01   2.0150000e-01   1.5985000e-01   2.2735000e-01
   1.6700000e+03   2.8104000e-01   2.0122000e-01   1.5950000e-01   2.2774000e-01
   1.6750000e+03   2.8154000e-01   2.0178000e-01   1.6003000e-01   2.2802000e-01
   1.6800000e+03   2.8276000e-01   2.0212000e-01   1.5982000e-01   2.2856000e-01
   1.6850000e+03   2.8313000e-01   2.0267000e-01   1.6034000e-01   2.2887000e-01
   1.6900000e+03   2.8351000e-01   2.0333000e-01   1.6022000e-01   2.2964000e-01
   1.6950000e+03   2.8472000e-01   2.0371000e-01   1.6028000e-01   2.2992000e-01
   1.7000000e+03   2.8528000e-01   2.0296000e-01   1.5934000e-01   2.2924000e-01
   1.7050000e+03   2.8644000e-01   2.0373000e-01   1.5939000e-01   2.3021000e-01
   1.7100000e+03   2.8697000e-01   2.0428000e-01   1.5978000e-01   2.3106000e-01
   1.7150000e+03   2.8784000e-01   2.0481000e-01   1.5984000e-01   2.3158000e-01
   1.7200000e+03   2.8860000e-01   2.0577000e-01   1.5988000e-01   2.3225000e-01
   1.7250000e+03   2.8906000e-01   2.0613000e-01   1.5996000e-01   2.3248000e-01
   1.7300000e+03   2.8973000e-01   2.0645000e-01   1.6023000e-01   2.3352000e-01
   1.7350000e+03   2.9052000e-01   2.0707000e-01   1.6027000e-01   2.3398000e-01
   1.7400000e+03   2.9100000e-01   2.0776000e-01   1.6004000e-01   2.3425000e-01
   1.7450000e+03   2.9159000e-01   2.0806000e-01   1.6044000e-01   2.3452000e-01
   1.7500000e+03   2.9243000e-01   2.0854000e-01   1.6064000e-01   2.3511000e-01
   1.7550000e+03   2.9300000e-01   2.0975000e-01   1.6061000e-01   2.3616000e-01
   1.7600000e+03   2.9412000e-01   2.1016000e-01   1.6071000e-01   2.3660000e-01
   1.7650000e+03   2.9480000e-01   2.1072000e-01   1.6122000e-01   2.3790000e-01
   1.7700000e+03   2.9588000e-01   2.1145000e-01   1.6123000e-01   2.3803000e-01
   1.7750000e+03   2.9603000e-01   2.1195000e-01   1.6126000e-01   2.3918000e-01
   1.7800000e+03   2.9693000e-01   2.1235000e-01   1.6136000e-01   2.3956000e-01
   1.7850000e+03   2.9784000e-01   2.1313000e-01   1.6205000e-01   2.4012000e-01
   1.7900000e+03   2.9892000e-01   2.1368000e-01   1.6209000e-01   2.4102000e-01
   1.7950000e+03   2.9959000e-01   2.1450000e-01   1.6200000e-01   2.4175000e-01
   1.8000000e+03   3.0003000e-01   2.1496000e-01   1.6189000e-01   2.4266000e-01
   1.8050000e+03   3.0068000e-01   2.1530000e-01   1.6207000e-01   2.4298000e-01
   1.8100000e+03   3.0123000e-01   2.1584000e-01   1.6248000e-01   2.4429000e-01
   1.8150000e+03   3.0166000e-01   2.1640000e-01   1.6254000e-01   2.4509000e-01
   1.8200000e+03   3.0239000e-01   2.1793000e-01   1.6190000e-01   2.4668000e-01
   1.8250000e+03   3.0361000e-01   2.1796000e-01   1.6271000e-01   2.4657000e-01
   1.8300000e+03   3.0439000e-01   2.1875000e-01   1.6289000e-01   2.4734000e-01
   1.8350000e+03   3.0536000e-01   2.1885000e-01   1.6338000e-01   2.4719000e-01
   1.8400000e+03   3.0597000e-01   2.1961000e-01   1.6354000e-01   2.4809000e-01
   1.8450000e+03   3.0666000e-01   2.1973000e-01   1.6385000e-01   2.4813000e-01
   1.8500000e+03   3.0741000e-01   2.1979000e-01   1.6428000e-01   2.4811000e-01
   1.8550000e+03   3.0822000e-01   2.1989000e-01   1.6464000e-01   2.4820000e-01
   1.8600000e+03   3.0871000e-01   2.2177000e-01   1.6427000e-01   2.5074000e-01
   1.8650000e+03   3.0975000e-01   2.2179000e-01   1.6493000e-01   2.5038000e-01
   1.8700000e+03   3.1090000e-01   2.2180000e-01   1.6561000e-01   2.4998000e-01
   1.8750000e+03   3.1158000e-01   2.2252000e-01   1.6575000e-01   2.5072000e-01
   1.8800000e+03   3.1233000e-01   2.2320000e-01   1.6594000e-01   2.5146000e-01
   1.8850000e+03   3.1320000e-01   2.2254000e-01   1.6687000e-01   2.5024000e-01
   1.8900000e+03   3.1359000e-01   2.2404000e-01   1.6647000e-01   2.5249000e-01
   1.8950000e+03   3.1394000e-01   2.2531000e-01   1.6630000e-01   2.5429000e-01
   1.9000000e+03   3.1479000e-01   2.2544000e-01   1.6676000e-01   2.5435000e-01
   1.9050000e+03   3.1539000e-01   2.2598000e-01   1.6702000e-01   2.5497000e-01
   1.9100000e+03   3.1607000e-01   2.2664000e-01   1.6713000e-01   2.5579000e-01
   1.9150000e+03   3.1672000e-01   2.2729000e-01   1.6764000e-01   2.5655000e-01
   1.9200000e+03   3.1749000e-01   2.2783000e-01   1.6772000e-01   2.5659000e-01
   1.9250000e+03   3.1824000e-01   2.2606000e-01   1.6933000e-01   2.5481000e-01
   1.9300000e+03   3.1878000e-01   2.2869000e-01   1.6861000e-01   2.5684000e-01
   1.9350000e+03   3.1907000e-01   2.2902000e-01   1.6930000e-01   2.5727000e-01
   1.9400000e+03   3.1984000e-01   2.3045000e-01   1.6916000e-01   2.5802000e-01
   1.9450000e+03   3.2099000e-01   2.3050000e-01   1.6953000e-01   2.5837000e-01
   1.9500000e+03   3.2142000e-01   2.3098000e-01   1.6951000e-01   2.5975000e-01
   1.9550000e+03   3.2170000e-01   2.3214000e-01   1.6979000e-01   2.6067000e-01
   1.9600000e+03   3.2287000e-01   2.3235000e-01   1.7030000e-01   2.6115000e-01
   1.9650000e+03   3.2318000e-01   2.3293000e-01   1.7089000e-01   2.6144000e-01
   1.9700000e+03   3.2392000e-01   2.3376000e-01   1.7123000e-01   2.6241000e-01
   1.9750000e+03   3.2459000e-01   2.3447000e-01   1.7146000e-01   2.6326000e-01
   1.9800000e+03   3.2478000e-01   2.3514000e-01   1.7168000e-01   2.6394000e-01
   1.9850000e+03   3.2516000e-01   2.3555000e-01   1.7220000e-01   2.6483000e-01
   1.9900000e+03   3.2599000e-01   2.3613000e-01   1.7243000e-01   2.6485000e-01
   1.9950000e+03   3.2630000e-01   2.3654000e-01   1.7324000e-01   2.6536000e-01
   2.0000000e+03   3.2767000e-01   2.3747000e-01   1.7334000e-01   2.6603000e-01
   2.0050000e+03   3.2849000e-01   2.3817000e-01   1.7390000e-01   2.6609000e-01
   2.0100000e+03   3.2872000e-01   2.3839000e-01   1.7416000e-01   2.6693000e-01
   2.0150000e+03   3.2913000e-01   2.3915000e-01   1.7380000e-01   2.6764000e-01
   2.0200000e+03   3.2962000e-01   2.3960000e-01   1.7485000e-01   2.6809000e-01
   2.0250000e+03   3.3048000e-01   2.4057000e-01   1.7480000e-01   2.6874000e-01
   2.0300000e+03   3.3109000e-01   2.4106000e-01   1.7537000e-01   2.6912000e-01
   2.0350000e+03   3.3138000e-01   2.4156000e-01   1.7572000e-01   2.6946000e-01
   2.0400000e+03   3.3233000e-01   2.4265000e-01   1.7603000e-01   2.7033000e-01
   2.0450000e+03   3.3273000e-01   2.4279000e-01   1.7650000e-01   2.7107000e-01
   2.0500000e+03   3.3296000e-01   2.4339000e-01   1.7647000e-01   2.7166000e-01
   2.0550000e+03   3.3368000e-01   2.4438000e-01   1.7737000e-01   2.7228000e-01
   2.0600000e+03   3.3425000e-01   2.4455000e-01   1.7756000e-01   2.7256000e-01
   2.0650000e+03   3.3455000e-01   2.4491000e-01   1.7793000e-01   2.7342000e-01
   2.0700000e+03   3.3486000e-01   2.4505000e-01   1.7806000e-01   2.7346000e-01
   2.0750000e+03   3.3542000e-01   2.4611000e-01   1.7852000e-01   2.7385000e-01
   2.0800000e+03   3.3575000e-01   2.4615000e-01   1.7921000e-01   2.7491000e-01
   2.0850000e+03   3.3689000e-01   2.4654000e-01   1.7962000e-01   2.7555000e-01
   2.0900000e+03   3.3729000e-01   2.4749000e-01   1.7948000e-01   2.7624000e-01
   2.0950000e+03   3.3757000e-01   2.4806000e-01   1.8008000e-01   2.7666000e-01
   2.1000000e+03   3.3791000e-01   2.4850000e-01   1.8115000e-01   2.7640000e-01
   2.1050000e+03   3.3881000e-01   2.4888000e-01   1.8144000e-01   2.7703000e-01
   2.1100000e+03   3.3871000e-01   2.4894000e-01   1.8182000e-01   2.7776000e-01
   2.1150000e+03   3.3959000e-01   2.5054000e-01   1.8214000e-01   2.7864000e-01
   2.1200000e+03   3.3989000e-01   2.5063000e-01   1.8227000e-01   2.7944000e-01
   2.1250000e+03   3.4115000e-01   2.5183000e-01   1.8295000e-01   2.8039000e-01
   2.1300000e+03   3.4187000e-01   2.5235000e-01   1.8311000e-01   2.8074000e-01
   2.1350000e+03   3.4201000e-01   2.5258000e-01   1.8356000e-01   2.8116000e-01
   2.1400000e+03   3.4236000e-01   2.5302000e-01   1.8364000e-01   2.8190000e-01
   2.1450000e+03   3.4241000e-01   2.5347000e-01   1.8353000e-01   2.8238000e-01
   2.1500000e+03   3.4300000e-01   2.5362000e-01   1.8397000e-01   2.8255000e-01
   2.1550000e+03   3.4408000e-01   2.5467000e-01   1.8468000e-01   2.8386000e-01
   2.1600000e+03   3.4371000e-01   2.5475000e-01   1.8531000e-01   2.8471000e-01
   2.1650000e+03   3.4410000e-01   2.5581000e-01   1.8528000e-01   2.8515000e-01
   2.1700000e+03   3.4439000e-01   2.5619000e-01   1.8567000e-01   2.8510000e-01
   2.1750000e+03   3.4553000e-01   2.5742000e-01   1.8572000e-01   2.8558000e-01
   2.1800000e+03   3.4596000e-01   2.5800000e-01   1.8643000e-01   2.8630000e-01
   2.1850000e+03   3.4611000e-01   2.5870000e-01   1.8674000e-01   2.8682000e-01
   2.1900000e+03   3.4714000e-01   2.5914000e-01   1.8734000e-01   2.8779000e-01
   2.1950000e+03   3.4676000e-01   2.5964000e-01   1.8762000e-01   2.8815000e-01
   2.2000000e+03   3.4815000e-01   2.6087000e-01   1.8727000e-01   2.8843000e-01
   2.2050000e+03   3.4877000e-01   2.6164000e-01   1.8809000e-01   2.8918000e-01
   2.2100000e+03   3.4924000e-01   2.6215000e-01   1.8875000e-01   2.8970000e-01
   2.2150000e+03   3.5017000e-01   2.6253000e-01   1.8880000e-01   2.8971000e-01
   2.2200000e+03   3.5051000e-01   2.6305000e-01   1.8925000e-01   2.9037000e-01
   2.2250000e+03   3.5139000e-01   2.6349000e-01   1.8950000e-01   2.9147000e-01
   2.2300000e+03   3.5197000e-01   2.6417000e-01   1.9004000e-01   2.9162000e-01
   2.2350000e+03   3.5227000e-01   2.6461000e-01   1.9043000e-01   2.9262000e-01
   2.2400000e+03   3.5290000e-01   2.6526000e-01   1.9085000e-01   2.9294000e-01
   2.2450000e+03   3.5277000e-01   2.6575000e-01   1.9124000e-01   2.9366000e-01
   2.2500000e+03   3.5358000e-01   2.6666000e-01   1.9154000e-01   2.9382000e-01
   2.2550000e+03   3.5398000e-01   2.6756000e-01   1.9235000e-01   2.9458000e-01
   2.2600000e+03   3.5459000e-01   2.6828000e-01   1.9298000e-01   2.9535000e-01
   2.2650000e+03   3.5528000e-01   2.6863000e-01   1.9332000e-01   2.9540000e-01
   2.2700000e+03   3.5537000e-01   2.6921000e-01   1.9355000e-01   2.9587000e-01
   2.2750000e+03   3.5603000e-01   2.6933000e-01   1.9463000e-01   2.9695000e-01
   2.2800000e+03   3.5701000e-01   2.7031000e-01   1.9496000e-01   2.9798000e-01
   2.2850000e+03   3.5745000e-01   2.7119000e-01   1.9555000e-01   2.9840000e-01
   2.2900000e+03   3.5789000e-01   2.7209000e-01   1.9573000e-01   2.9860000e-01
   2.2950000e+03   3.5854000e-01   2.7272000e-01   1.9660000e-01   2.9920000e-01
   2.3000000e+03   3.5868000e-01   2.7349000e-01   1.9715000e-01   2.9930000e-01
   2.3050000e+03   3.5978000e-01   2.7423000e-01   1.9757000e-01   3.0068000e-01
   2.3100000e+03   3.6001000e-01   2.7529000e-01   1.9819000e-01   3.0088000e-01
   2.3150000e+03   3.6066000e-01   2.7582000e-01   1.9874000e-01   3.0110000e-01
   2.3200000e+03   3.6119000e-01   2.7696000e-01   1.9939000e-01   3.0206000e-01
   2.3250000e+03   3.6147000e-01   2.7744000e-01   1.9967000e-01   3.0204000e-01
   2.3300000e+03   3.6230000e-01   2.7814000e-01   2.0005000e-01   3.0226000e-01
   2.3350000e+03   3.6274000e-01   2.7831000e-01   2.0071000e-01   3.0327000e-01
   2.3400000e+03   3.6316000e-01   2.7932000e-01   2.0127000e-01   3.0368000e-01
   2.3450000e+03   3.6403000e-01   2.7997000e-01   2.0178000e-01   3.0433000e-01
   2.3500000e+03   3.6403000e-01   2.8040000e-01   2.0194000e-01   3.0522000e-01
   2.3550000e+03   3.6433000e-01   2.8065000e-01   2.0288000e-01   3.0540000e-01
   2.3600000e+03   3.6467000e-01   2.8023000e-01   2.0310000e-01   3.0581000e-01
   2.3650000e+03   3.6561000e-01   2.8114000e-01   2.0345000e-01   3.0594000e-01
   2.3700000e+03   3.6558000e-01   2.8195000e-01   2.0394000e-01   3.0653000e-01
   2.3750000e+03   3.6631000e-01   2.8321000e-01   2.0435000e-01   3.0696000e-01
   2.3800000e+03   3.6667000e-01   2.8338000e-01   2.0500000e-01   3.0768000e-01
   2.3850000e+03   3.6677000e-01   2.8386000e-01   2.0602000e-01   3.0793000e-01
   2.3900000e+03   3.6725000e-01   2.8498000e-01   2.0626000e-01   3.0830000e-01
   2.3950000e+03   3.6836000e-01   2.8535000e-01   2.0686000e-01   3.0908000e-01
   2.4000000e+03   3.6994000e-01   2.8637000e-01   2.0798000e-01   3.1029000e-01
   2.4050000e+03   3.6995000e-01   2.8713000e-01   2.0869000e-01   3.1093000e-01
   2.4100000e+03   3.6973000e-01   2.8733000e-01   2.0917000e-01   3.1105000e-01
   2.4150000e+03   3.7092000e-01   2.8856000e-01   2.0910000e-01   3.1212000e-01
   2.4200000e+03   3.7165000e-01   2.8866000e-01   2.1033000e-01   3.1284000e-01
   2.4250000e+03   3.7205000e-01   2.8785000e-01   2.1126000e-01   3.1141000e-01
   2.4300000e+03   3.7284000e-01   2.8886000e-01   2.1170000e-01   3.1286000e-01
   2.4350000e+03   3.7236000e-01   2.9071000e-01   2.1206000e-01   3.1474000e-01
   2.4400000e+03   3.7284000e-01   2.9046000e-01   2.1317000e-01   3.1407000e-01
   2.4450000e+03   3.7346000e-01   2.9176000e-01   2.1351000e-01   3.1627000e-01
   2.4500000e+03   3.7355000e-01   2.9274000e-01   2.1393000e-01   3.1663000e-01
   2.4550000e+03   3.7404000e-01   2.9271000e-01   2.1480000e-01   3.1674000e-01
   2.4600000e+03   3.7451000e-01   2.9379000e-01   2.1528000e-01   3.1804000e-01
   2.4650000e+03   3.7540000e-01   2.9505000e-01   2.1583000e-01   3.1861000e-01
   2.4700000e+03   3.7569000e-01   2.9655000e-01   2.1650000e-01   3.2010000e-01
   2.4750000e+03   3.7602000e-01   2.9686000e-01   2.1749000e-01   3.2054000e-01
   2.4800000e+03   3.7778000e-01   2.9657000e-01   2.1688000e-01   3.2177000e-01
   2.4850000e+03   3.7652000e-01   2.9749000e-01   2.1921000e-01   3.2293000e-01
   2.4900000e+03   3.7661000e-01   2.9759000e-01   2.2007000e-01   3.2242000e-01
   2.4950000e+03   3.7700000e-01   2.9919000e-01   2.2005000e-01   3.2460000e-01
   2.5000000e+03   3.7698000e-01   2.9968000e-01   2.2092000e-01   3.2450000e-01
   2.5050000e+03   3.7758000e-01   3.0094000e-01   2.2131000e-01   3.2590000e-01
   2.5100000e+03   3.7841000e-01   3.0141000e-01   2.2211000e-01   3.2616000e-01
   2.5150000e+03   3.7871000e-01   3.0268000e-01   2.2269000e-01   3.2760000e-01
   2.5200000e+03   3.7884000e-01   3.0366000e-01   2.2342000e-01   3.2882000e-01
   2.5250000e+03   3.7892000e-01   3.0488000e-01   2.2397000e-01   3.3081000e-01
   2.5300000e+03   3.8001000e-01   3.0469000e-01   2.2520000e-01   3.3010000e-01
   2.5350000e+03   3.8060000e-01   3.0687000e-01   2.2564000e-01   3.3325000e-01
   2.5400000e+03   3.8174000e-01   3.0721000e-01   2.2665000e-01   3.3359000e-01
   2.5450000e+03   3.8255000e-01   3.0603000e-01   2.2827000e-01   3.3139000e-01
   2.5500000e+03   3.8311000e-01   3.0798000e-01   2.2882000e-01   3.3413000e-01
   2.5550000e+03   3.8364000e-01   3.0986000e-01   2.2997000e-01   3.3803000e-01
   2.5600000e+03   3.8474000e-01   3.0811000e-01   2.3175000e-01   3.3505000e-01
   2.5650000e+03   3.8568000e-01   3.0980000e-01   2.3228000e-01   3.3689000e-01
   2.5700000e+03   3.8636000e-01   3.1040000e-01   2.3306000e-01   3.3743000e-01
   2.5750000e+03   3.8701000e-01   3.1214000e-01   2.3364000e-01   3.4016000e-01
   2.5800000e+03   3.8781000e-01   3.0997000e-01   2.3537000e-01   3.3576000e-01
   2.5850000e+03   3.8842000e-01   3.1501000e-01   2.3494000e-01   3.4343000e-01
   2.5900000e+03   3.8923000e-01   3.1479000e-01   2.3816000e-01   3.4359000e-01
   2.5950000e+03   3.9003000e-01   3.1364000e-01   2.4069000e-01   3.4215000e-01
   2.6000000e+03   3.9058000e-01   3.1431000e-01   2.4306000e-01   3.4596000e-01
