   3.0000000e+02   2.9345000e-02   3.4793000e-02   3.6403000e-02   3.1915000e-02
   3.0500000e+02   3.2703000e-02   3.2938000e-02   3.6630000e-02   3.5581000e-02
   3.1000000e+02   3.2240000e-02   3.5429000e-02   3.4970000e-02   3.4787000e-02
   3.1500000e+02   3.2897000e-02   3.5020000e-02   3.6189000e-02   3.5922000e-02
   3.2000000e+02   3.3980000e-02   3.5482000e-02   3.7429000e-02   3.5396000e-02
   3.2500000e+02   3.3381000e-02   3.5762000e-02   3.7268000e-02   3.5617000e-02
   3.3000000e+02   3.4153000e-02   3.5731000e-02   3.7283000e-02   3.6435000e-02
   3.3500000e+02   3.4523000e-02   3.6204000e-02   3.8180000e-02   3.6626000e-02
   3.4000000e+02   3.5114000e-02   3.7400000e-02   3.7969000e-02   3.7367000e-02
   3.4500000e+02   3.6085000e-02   3.7441000e-02   3.8590000e-02   3.7786000e-02
   3.5000000e+02   3.6635000e-02   3.8277000e-02   3.9192000e-02   3.8391000e-02
   3.5500000e+02   3.7500000e-02   3.9014000e-02   3.9429000e-02   3.9110000e-02
   3.6000000e+02   3.8263000e-02   3.9592000e-02   4.0115000e-02   3.9595000e-02
   3.6500000e+02   3.8982000e-02   4.0255000e-02   4.0938000e-02   4.0393000e-02
   3.7000000e+02   3.9638000e-02   4.0890000e-02   4.1441000e-02   4.0924000e-02
   3.7500000e+02   4.0292000e-02   4.1303000e-02   4.2042000e-02   4.1378000e-02
   3.8000000e+02   4.1034000e-02   4.1916000e-02   4.2530000e-02   4.2043000e-02
   3.8500000e+02   4.1574000e-02   4.2479000e-02   4.2961000e-02   4.2527000e-02
   3.9000000e+02   4.2415000e-02   4.2920000e-02   4.3584000e-02   4.3018000e-02
   3.9500000e+02   4.2922000e-02   4.3369000e-02   4.4073000e-02   4.3533000e-02
   4.0000000e+02   4.4263000e-02   4.4538000e-02   4.5213000e-02   4.4713000e-02
   4.0500000e+02   4.4987000e-02   4.5152000e-02   4.5841000e-02   4.5350000e-02
   4.1000000e+02   4.5460000e-02   4.5532000e-02   4.6164000e-02   4.5868000e-02
   4.1500000e+02   4.6411000e-02   4.6315000e-02   4.6863000e-02   4.6534000e-02
   4.2000000e+02   4.6814000e-02   4.6532000e-02   4.7067000e-02   4.6743000e-02
   4.2500000e+02   4.7550000e-02   4.6987000e-02   4.7575000e-02   4.7344000e-02
   4.3000000e+02   4.8494000e-02   4.7785000e-02   4.8313000e-02   4.8120000e-02
   4.3500000e+02   4.9143000e-02   4.8196000e-02   4.8625000e-02   4.8551000e-02
   4.4000000e+02   4.9815000e-02   4.8721000e-02   4.9116000e-02   4.9047000e-02
   4.4500000e+02   5.0496000e-02   4.9165000e-02   4.9405000e-02   4.9606000e-02
   4.5000000e+02   5.1115000e-02   4.9581000e-02   4.9893000e-02   5.0048000e-02
   4.5500000e+02   5.1740000e-02   5.0056000e-02   5.0295000e-02   5.0614000e-02
   4.6000000e+02   5.2412000e-02   5.0564000e-02   5.0735000e-02   5.1087000e-02
   4.6500000e+02   5.3011000e-02   5.0984000e-02   5.1107000e-02   5.1559000e-02
   4.7000000e+02   5.3480000e-02   5.1211000e-02   5.1511000e-02   5.1883000e-02
   4.7500000e+02   5.4094000e-02   5.1697000e-02   5.1894000e-02   5.2366000e-02
   4.8000000e+02   5.4709000e-02   5.2104000e-02   5.2116000e-02   5.2732000e-02
   4.8500000e+02   5.5290000e-02   5.2517000e-02   5.2685000e-02   5.3304000e-02
   4.9000000e+02   5.6056000e-02   5.3044000e-02   5.3160000e-02   5.3756000e-02
   4.9500000e+02   5.6577000e-02   5.3340000e-02   5.3372000e-02   5.4125000e-02
   5.0000000e+02   5.7189000e-02   5.3818000e-02   5.3778000e-02   5.4586000e-02
   5.0500000e+02   5.7824000e-02   5.4193000e-02   5.4063000e-02   5.5042000e-02
   5.1000000e+02   5.8524000e-02   5.4615000e-02   5.4537000e-02   5.5512000e-02
   5.1500000e+02   5.9096000e-02   5.5194000e-02   5.5109000e-02   5.6090000e-02
   5.2000000e+02   5.9841000e-02   5.5704000e-02   5.5698000e-02   5.6562000e-02
   5.2500000e+02   6.0591000e-02   5.6145000e-02   5.6210000e-02   5.7082000e-02
   5.3000000e+02   6.1180000e-02   5.6651000e-02   5.7105000e-02   5.7566000e-02
   5.3500000e+02   6.1791000e-02   5.7180000e-02   5.7472000e-02   5.8305000e-02
   5.4000000e+02   6.2325000e-02   5.7746000e-02   5.7748000e-02   5.8733000e-02
   5.4500000e+02   6.2860000e-02   5.8134000e-02   5.8254000e-02   5.9170000e-02
   5.5000000e+02   6.3448000e-02   5.8610000e-02   5.8614000e-02   5.9588000e-02
   5.5500000e+02   6.4017000e-02   5.9032000e-02   5.9145000e-02   6.0107000e-02
   5.6000000e+02   6.4437000e-02   5.9448000e-02   5.9689000e-02   6.0525000e-02
   5.6500000e+02   6.4849000e-02   5.9861000e-02   6.0041000e-02   6.0918000e-02
   5.7000000e+02   6.5413000e-02   6.0303000e-02   6.0586000e-02   6.1376000e-02
   5.7500000e+02   6.6027000e-02   6.0788000e-02   6.0940000e-02   6.1958000e-02
   5.8000000e+02   6.6679000e-02   6.1182000e-02   6.1177000e-02   6.2299000e-02
   5.8500000e+02   6.7065000e-02   6.1450000e-02   6.1563000e-02   6.2724000e-02
   5.9000000e+02   6.7652000e-02   6.1937000e-02   6.1889000e-02   6.3042000e-02
   5.9500000e+02   6.8073000e-02   6.2309000e-02   6.2286000e-02   6.3489000e-02
   6.0000000e+02   6.8648000e-02   6.2776000e-02   6.2597000e-02   6.3925000e-02
   6.0500000e+02   6.9482000e-02   6.3395000e-02   6.3333000e-02   6.4681000e-02
   6.1000000e+02   6.9768000e-02   6.3688000e-02   6.3637000e-02   6.4886000e-02
   6.1500000e+02   7.0114000e-02   6.4054000e-02   6.3951000e-02   6.5338000e-02
   6.2000000e+02   7.0612000e-02   6.4514000e-02   6.4320000e-02   6.5700000e-02
   6.2500000e+02   7.0881000e-02   6.4813000e-02   6.4528000e-02   6.6089000e-02
   6.3000000e+02   7.1389000e-02   6.5270000e-02   6.4865000e-02   6.6445000e-02
   6.3500000e+02   7.1824000e-02   6.5608000e-02   6.5311000e-02   6.6848000e-02
   6.4000000e+02   7.2405000e-02   6.6125000e-02   6.5710000e-02   6.7261000e-02
   6.4500000e+02   7.2805000e-02   6.6385000e-02   6.6213000e-02   6.7761000e-02
   6.5000000e+02   7.3483000e-02   6.6912000e-02   6.6706000e-02   6.8261000e-02
   6.5500000e+02   7.3846000e-02   6.7312000e-02   6.7198000e-02   6.8698000e-02
   6.6000000e+02   7.4415000e-02   6.7713000e-02   6.7704000e-02   6.9158000e-02
   6.6500000e+02   7.4952000e-02   6.8144000e-02   6.8152000e-02   6.9587000e-02
   6.7000000e+02   7.5639000e-02   6.8744000e-02   6.8866000e-02   7.0125000e-02
   6.7500000e+02   7.6111000e-02   6.9108000e-02   6.9117000e-02   7.0599000e-02
   6.8000000e+02   7.6855000e-02   6.9601000e-02   6.9601000e-02   7.0993000e-02
   6.8500000e+02   7.7340000e-02   6.9902000e-02   7.0036000e-02   7.1568000e-02
   6.9000000e+02   7.8000000e-02   7.0448000e-02   7.0716000e-02   7.1924000e-02
   6.9500000e+02   7.8430000e-02   7.0861000e-02   7.0834000e-02   7.2437000e-02
   7.0000000e+02   7.9129000e-02   7.1369000e-02   7.1416000e-02   7.2944000e-02
   7.0500000e+02   7.9168000e-02   7.1636000e-02   7.1838000e-02   7.3395000e-02
   7.1000000e+02   8.0309000e-02   7.2385000e-02   7.2326000e-02   7.4005000e-02
   7.1500000e+02   8.0957000e-02   7.2892000e-02   7.2783000e-02   7.4487000e-02
   7.2000000e+02   8.1454000e-02   7.3193000e-02   7.3196000e-02   7.4848000e-02
   7.2500000e+02   8.1951000e-02   7.3039000e-02   7.2811000e-02   7.4710000e-02
   7.3000000e+02   8.2657000e-02   7.3638000e-02   7.3288000e-02   7.5247000e-02
   7.3500000e+02   8.3219000e-02   7.4015000e-02   7.3784000e-02   7.5661000e-02
   7.4000000e+02   8.3821000e-02   7.4410000e-02   7.4157000e-02   7.6016000e-02
   7.4500000e+02   8.4161000e-02   7.4811000e-02   7.4557000e-02   7.6390000e-02
   7.5000000e+02   8.4865000e-02   7.5343000e-02   7.4861000e-02   7.6743000e-02
   7.5500000e+02   8.5258000e-02   7.5612000e-02   7.5290000e-02   7.7134000e-02
   7.6000000e+02   8.5633000e-02   7.5937000e-02   7.5647000e-02   7.7479000e-02
   7.6500000e+02   8.6463000e-02   7.6472000e-02   7.6046000e-02   7.8050000e-02
   7.7000000e+02   8.7016000e-02   7.6834000e-02   7.6223000e-02   7.8321000e-02
   7.7500000e+02   8.7243000e-02   7.7071000e-02   7.6203000e-02   7.8563000e-02
   7.8000000e+02   8.7945000e-02   7.7623000e-02   7.6587000e-02   7.8980000e-02
   7.8500000e+02   8.8617000e-02   7.8096000e-02   7.6819000e-02   7.9471000e-02
   7.9000000e+02   8.9065000e-02   7.8381000e-02   7.7116000e-02   7.9778000e-02
   7.9500000e+02   8.9546000e-02   7.8568000e-02   7.7415000e-02   8.0213000e-02
   8.0000000e+02   8.9984000e-02   7.8367000e-02   7.6559000e-02   8.0196000e-02
   8.0500000e+02   9.0557000e-02   7.8698000e-02   7.7035000e-02   8.0506000e-02
   8.1000000e+02   9.0923000e-02   7.8686000e-02   7.6931000e-02   8.0593000e-02
   8.1500000e+02   9.1627000e-02   7.9594000e-02   7.7066000e-02   8.1238000e-02
   8.2000000e+02   9.2002000e-02   7.9989000e-02   7.7038000e-02   8.1162000e-02
   8.2500000e+02   9.2786000e-02   7.9884000e-02   7.7227000e-02   8.1586000e-02
   8.3000000e+02   9.3124000e-02   8.0536000e-02   7.7026000e-02   8.2066000e-02
   8.3500000e+02   9.3993000e-02   8.0760000e-02   7.7016000e-02   8.2111000e-02
   8.4000000e+02   9.4000000e-02   8.0946000e-02   7.6980000e-02   8.2419000e-02
   8.4500000e+02   9.4464000e-02   8.0736000e-02   7.6774000e-02   8.2485000e-02
   8.5000000e+02   9.5289000e-02   8.1008000e-02   7.6746000e-02   8.2614000e-02
   8.5500000e+02   9.5642000e-02   8.0658000e-02   7.6825000e-02   8.3054000e-02
   8.6000000e+02   9.5566000e-02   8.0894000e-02   7.6204000e-02   8.3166000e-02
   8.6500000e+02   9.6662000e-02   8.1453000e-02   7.5618000e-02   8.3280000e-02
   8.7000000e+02   9.6646000e-02   8.0803000e-02   7.5660000e-02   8.3018000e-02
   8.7500000e+02   9.7204000e-02   8.1281000e-02   7.5186000e-02   8.3410000e-02
   8.8000000e+02   9.7425000e-02   8.1029000e-02   7.5067000e-02   8.3281000e-02
   8.8500000e+02   9.7967000e-02   8.0935000e-02   7.4529000e-02   8.3125000e-02
   8.9000000e+02   9.8549000e-02   8.1302000e-02   7.4234000e-02   8.3671000e-02
   8.9500000e+02   9.8601000e-02   8.1188000e-02   7.3945000e-02   8.3556000e-02
   9.0000000e+02   9.9361000e-02   8.1234000e-02   7.3777000e-02   8.3770000e-02
   9.0500000e+02   9.9638000e-02   8.0962000e-02   7.3184000e-02   8.3875000e-02
   9.1000000e+02   9.9808000e-02   8.0423000e-02   7.2775000e-02   8.3841000e-02
   9.1500000e+02   1.0011000e-01   8.0790000e-02   7.2931000e-02   8.4055000e-02
   9.2000000e+02   1.0087000e-01   8.0818000e-02   7.2653000e-02   8.4192000e-02
   9.2500000e+02   1.0075000e-01   8.0859000e-02   7.2160000e-02   8.4254000e-02
   9.3000000e+02   1.0124000e-01   8.0971000e-02   7.1923000e-02   8.4062000e-02
   9.3500000e+02   1.0125000e-01   8.0728000e-02   7.1927000e-02   8.4348000e-02
   9.4000000e+02   1.0202000e-01   8.1152000e-02   7.2062000e-02   8.4372000e-02
   9.4500000e+02   1.0181000e-01   8.0840000e-02   7.1739000e-02   8.4462000e-02
   9.5000000e+02   1.0228000e-01   8.1034000e-02   7.1606000e-02   8.4621000e-02
   9.5500000e+02   1.0213000e-01   8.1109000e-02   7.1411000e-02   8.4563000e-02
   9.6000000e+02   1.0270000e-01   8.1164000e-02   7.1249000e-02   8.4510000e-02
   9.6500000e+02   1.0249000e-01   8.1353000e-02   7.1325000e-02   8.4948000e-02
   9.7000000e+02   1.0321000e-01   8.1489000e-02   7.1112000e-02   8.5108000e-02
   9.7500000e+02   1.0333000e-01   8.1598000e-02   7.1819000e-02   8.5070000e-02
   9.8000000e+02   1.0364000e-01   8.2032000e-02   7.1764000e-02   8.5732000e-02
   9.8500000e+02   1.0424000e-01   8.2230000e-02   7.2046000e-02   8.5772000e-02
   9.9000000e+02   1.0473000e-01   8.2574000e-02   7.2355000e-02   8.6343000e-02
   9.9500000e+02   1.0498000e-01   8.2884000e-02   7.2355000e-02   8.6444000e-02
   1.0000000e+03   1.0533000e-01   8.3108000e-02   7.2680000e-02   8.6709000e-02
   1.0050000e+03   1.0570000e-01   8.3668000e-02   7.3170000e-02   8.7156000e-02
   1.0100000e+03   1.0641000e-01   8.4007000e-02   7.3649000e-02   8.7625000e-02
   1.0150000e+03   1.0668000e-01   8.4528000e-02   7.3773000e-02   8.7778000e-02
   1.0200000e+03   1.0724000e-01   8.4953000e-02   7.4116000e-02   8.8201000e-02
   1.0250000e+03   1.0782000e-01   8.5329000e-02   7.4602000e-02   8.8664000e-02
   1.0300000e+03   1.0816000e-01   8.5812000e-02   7.5119000e-02   8.9069000e-02
   1.0350000e+03   1.0885000e-01   8.6312000e-02   7.5705000e-02   8.9747000e-02
   1.0400000e+03   1.0918000e-01   8.6995000e-02   7.6006000e-02   9.0247000e-02
   1.0450000e+03   1.0987000e-01   8.7536000e-02   7.6645000e-02   9.0489000e-02
   1.0500000e+03   1.1040000e-01   8.8139000e-02   7.7581000e-02   9.1350000e-02
   1.0550000e+03   1.1103000e-01   8.8687000e-02   7.8024000e-02   9.1808000e-02
   1.0600000e+03   1.1116000e-01   8.8796000e-02   7.8391000e-02   9.2176000e-02
   1.0650000e+03   1.1168000e-01   8.9621000e-02   7.8948000e-02   9.2673000e-02
   1.0700000e+03   1.1220000e-01   9.0273000e-02   7.9625000e-02   9.3290000e-02
   1.0750000e+03   1.1268000e-01   9.0669000e-02   8.0190000e-02   9.3519000e-02
   1.0800000e+03   1.1343000e-01   9.1209000e-02   8.0930000e-02   9.4370000e-02
   1.0850000e+03   1.1374000e-01   9.1886000e-02   8.1755000e-02   9.4989000e-02
   1.0900000e+03   1.1375000e-01   9.2415000e-02   8.2539000e-02   9.5424000e-02
   1.0950000e+03   1.1457000e-01   9.3276000e-02   8.3302000e-02   9.6206000e-02
   1.1000000e+03   1.1490000e-01   9.4110000e-02   8.4390000e-02   9.7115000e-02
   1.1050000e+03   1.1552000e-01   9.4606000e-02   8.5228000e-02   9.7487000e-02
   1.1100000e+03   1.1609000e-01   9.5351000e-02   8.5910000e-02   9.8271000e-02
   1.1150000e+03   1.1671000e-01   9.5731000e-02   8.6803000e-02   9.8662000e-02
   1.1200000e+03   1.1735000e-01   9.6586000e-02   8.7681000e-02   9.9417000e-02
   1.1250000e+03   1.1764000e-01   9.7153000e-02   8.8455000e-02   9.9846000e-02
   1.1300000e+03   1.1819000e-01   9.7769000e-02   8.9207000e-02   1.0065000e-01
   1.1350000e+03   1.1859000e-01   9.8155000e-02   8.9487000e-02   1.0069000e-01
   1.1400000e+03   1.1894000e-01   9.8546000e-02   9.0172000e-02   1.0123000e-01
   1.1450000e+03   1.1926000e-01   9.9027000e-02   9.0785000e-02   1.0164000e-01
   1.1500000e+03   1.1996000e-01   9.9579000e-02   9.1610000e-02   1.0221000e-01
   1.1550000e+03   1.2030000e-01   1.0012000e-01   9.2277000e-02   1.0290000e-01
   1.1600000e+03   1.2099000e-01   1.0044000e-01   9.2644000e-02   1.0321000e-01
   1.1650000e+03   1.2128000e-01   1.0084000e-01   9.3147000e-02   1.0352000e-01
   1.1700000e+03   1.2155000e-01   1.0125000e-01   9.3938000e-02   1.0384000e-01
   1.1750000e+03   1.2174000e-01   1.0180000e-01   9.4004000e-02   1.0447000e-01
   1.1800000e+03   1.2212000e-01   1.0218000e-01   9.4583000e-02   1.0487000e-01
   1.1850000e+03   1.2251000e-01   1.0246000e-01   9.4700000e-02   1.0500000e-01
   1.1900000e+03   1.2347000e-01   1.0283000e-01   9.5225000e-02   1.0550000e-01
   1.1950000e+03   1.2371000e-01   1.0344000e-01   9.5649000e-02   1.0583000e-01
   1.2000000e+03   1.2438000e-01   1.0345000e-01   9.5735000e-02   1.0571000e-01
   1.2050000e+03   1.2492000e-01   1.0407000e-01   9.6468000e-02   1.0662000e-01
   1.2100000e+03   1.2508000e-01   1.0435000e-01   9.6479000e-02   1.0676000e-01
   1.2150000e+03   1.2599000e-01   1.0502000e-01   9.7513000e-02   1.0785000e-01
   1.2200000e+03   1.2597000e-01   1.0546000e-01   9.7629000e-02   1.0792000e-01
   1.2250000e+03   1.2672000e-01   1.0569000e-01   9.7677000e-02   1.0805000e-01
   1.2300000e+03   1.2666000e-01   1.0582000e-01   9.8212000e-02   1.0828000e-01
   1.2350000e+03   1.2742000e-01   1.0585000e-01   9.8028000e-02   1.0838000e-01
   1.2400000e+03   1.2799000e-01   1.0637000e-01   9.8469000e-02   1.0863000e-01
   1.2450000e+03   1.2869000e-01   1.0644000e-01   9.8683000e-02   1.0909000e-01
   1.2500000e+03   1.2876000e-01   1.0720000e-01   9.9052000e-02   1.0955000e-01
   1.2550000e+03   1.2913000e-01   1.0706000e-01   9.9148000e-02   1.0950000e-01
   1.2600000e+03   1.2976000e-01   1.0781000e-01   9.9431000e-02   1.0992000e-01
   1.2650000e+03   1.2996000e-01   1.0789000e-01   9.9617000e-02   1.1031000e-01
   1.2700000e+03   1.3032000e-01   1.0853000e-01   9.9821000e-02   1.1056000e-01
   1.2750000e+03   1.3064000e-01   1.0858000e-01   1.0001000e-01   1.1029000e-01
   1.2800000e+03   1.3095000e-01   1.0866000e-01   1.0102000e-01   1.1059000e-01
   1.2850000e+03   1.3140000e-01   1.0902000e-01   1.0073000e-01   1.1105000e-01
   1.2900000e+03   1.3175000e-01   1.0954000e-01   1.0134000e-01   1.1151000e-01
   1.2950000e+03   1.3227000e-01   1.0960000e-01   1.0153000e-01   1.1182000e-01
   1.3000000e+03   1.3250000e-01   1.1079000e-01   1.0242000e-01   1.1279000e-01
   1.3050000e+03   1.3378000e-01   1.1079000e-01   1.0279000e-01   1.1286000e-01
   1.3100000e+03   1.3399000e-01   1.1115000e-01   1.0294000e-01   1.1296000e-01
   1.3150000e+03   1.3460000e-01   1.1148000e-01   1.0341000e-01   1.1344000e-01
   1.3200000e+03   1.3519000e-01   1.1186000e-01   1.0364000e-01   1.1376000e-01
   1.3250000e+03   1.3586000e-01   1.1213000e-01   1.0359000e-01   1.1424000e-01
   1.3300000e+03   1.3594000e-01   1.1231000e-01   1.0394000e-01   1.1434000e-01
   1.3350000e+03   1.3626000e-01   1.1288000e-01   1.0429000e-01   1.1448000e-01
   1.3400000e+03   1.3684000e-01   1.1367000e-01   1.0462000e-01   1.1540000e-01
   1.3450000e+03   1.3739000e-01   1.1395000e-01   1.0493000e-01   1.1561000e-01
   1.3500000e+03   1.3791000e-01   1.1380000e-01   1.0517000e-01   1.1563000e-01
   1.3550000e+03   1.3829000e-01   1.1444000e-01   1.0545000e-01   1.1605000e-01
   1.3600000e+03   1.3861000e-01   1.1474000e-01   1.0564000e-01   1.1635000e-01
   1.3650000e+03   1.3910000e-01   1.1520000e-01   1.0594000e-01   1.1667000e-01
   1.3700000e+03   1.3944000e-01   1.1566000e-01   1.0631000e-01   1.1708000e-01
   1.3750000e+03   1.3964000e-01   1.1585000e-01   1.0685000e-01   1.1721000e-01
   1.3800000e+03   1.4011000e-01   1.1628000e-01   1.0747000e-01   1.1750000e-01
   1.3850000e+03   1.4083000e-01   1.1676000e-01   1.0789000e-01   1.1811000e-01
   1.3900000e+03   1.4140000e-01   1.1740000e-01   1.0836000e-01   1.1877000e-01
   1.3950000e+03   1.4188000e-01   1.1782000e-01   1.0885000e-01   1.1937000e-01
   1.4000000e+03   1.4235000e-01   1.1838000e-01   1.0926000e-01   1.1992000e-01
   1.4050000e+03   1.4302000e-01   1.1902000e-01   1.0983000e-01   1.2062000e-01
   1.4100000e+03   1.4350000e-01   1.1972000e-01   1.1035000e-01   1.2123000e-01
   1.4150000e+03   1.4378000e-01   1.2002000e-01   1.1098000e-01   1.2155000e-01
   1.4200000e+03   1.4410000e-01   1.2035000e-01   1.1146000e-01   1.2180000e-01
   1.4250000e+03   1.4453000e-01   1.2076000e-01   1.1188000e-01   1.2215000e-01
   1.4300000e+03   1.4472000e-01   1.2115000e-01   1.1213000e-01   1.2262000e-01
   1.4350000e+03   1.4513000e-01   1.2158000e-01   1.1240000e-01   1.2288000e-01
   1.4400000e+03   1.4563000e-01   1.2199000e-01   1.1275000e-01   1.2320000e-01
   1.4450000e+03   1.4634000e-01   1.2281000e-01   1.1302000e-01   1.2335000e-01
   1.4500000e+03   1.4662000e-01   1.2260000e-01   1.1333000e-01   1.2347000e-01
   1.4550000e+03   1.4668000e-01   1.2291000e-01   1.1368000e-01   1.2424000e-01
   1.4600000e+03   1.4715000e-01   1.2390000e-01   1.1404000e-01   1.2424000e-01
   1.4650000e+03   1.4773000e-01   1.2405000e-01   1.1443000e-01   1.2477000e-01
   1.4700000e+03   1.4879000e-01   1.2428000e-01   1.1472000e-01   1.2477000e-01
   1.4750000e+03   1.4828000e-01   1.2477000e-01   1.1489000e-01   1.2557000e-01
   1.4800000e+03   1.4896000e-01   1.2469000e-01   1.1482000e-01   1.2575000e-01
   1.4850000e+03   1.4919000e-01   1.2526000e-01   1.1508000e-01   1.2619000e-01
   1.4900000e+03   1.4984000e-01   1.2543000e-01   1.1523000e-01   1.2619000e-01
   1.4950000e+03   1.5014000e-01   1.2590000e-01   1.1539000e-01   1.2640000e-01
   1.5000000e+03   1.5044000e-01   1.2556000e-01   1.1551000e-01   1.2621000e-01
   1.5050000e+03   1.5075000e-01   1.2650000e-01   1.1587000e-01   1.2744000e-01
   1.5100000e+03   1.5131000e-01   1.2701000e-01   1.1621000e-01   1.2779000e-01
   1.5150000e+03   1.5174000e-01   1.2721000e-01   1.1651000e-01   1.2801000e-01
   1.5200000e+03   1.5218000e-01   1.2794000e-01   1.1651000e-01   1.2833000e-01
   1.5250000e+03   1.5235000e-01   1.2789000e-01   1.1710000e-01   1.2884000e-01
   1.5300000e+03   1.5233000e-01   1.2822000e-01   1.1713000e-01   1.2895000e-01
   1.5350000e+03   1.5313000e-01   1.2906000e-01   1.1789000e-01   1.2941000e-01
   1.5400000e+03   1.5332000e-01   1.2900000e-01   1.1751000e-01   1.2975000e-01
   1.5450000e+03   1.5377000e-01   1.2935000e-01   1.1786000e-01   1.3016000e-01
   1.5500000e+03   1.5398000e-01   1.2976000e-01   1.1818000e-01   1.3035000e-01
   1.5550000e+03   1.5458000e-01   1.2987000e-01   1.1812000e-01   1.3087000e-01
   1.5600000e+03   1.5513000e-01   1.3040000e-01   1.1841000e-01   1.3129000e-01
   1.5650000e+03   1.5542000e-01   1.3067000e-01   1.1856000e-01   1.3129000e-01
   1.5700000e+03   1.5603000e-01   1.3125000e-01   1.1906000e-01   1.3184000e-01
   1.5750000e+03   1.5638000e-01   1.3146000e-01   1.1893000e-01   1.3195000e-01
   1.5800000e+03   1.5687000e-01   1.3209000e-01   1.1974000e-01   1.3213000e-01
   1.5850000e+03   1.5694000e-01   1.3219000e-01   1.1965000e-01   1.3253000e-01
   1.5900000e+03   1.5745000e-01   1.3244000e-01   1.1999000e-01   1.3280000e-01
   1.5950000e+03   1.5791000e-01   1.3284000e-01   1.2040000e-01   1.3311000e-01
   1.6000000e+03   1.5806000e-01   1.3315000e-01   1.2097000e-01   1.3345000e-01
   1.6050000e+03   1.5884000e-01   1.3359000e-01   1.2093000e-01   1.3370000e-01
   1.6100000e+03   1.5846000e-01   1.3345000e-01   1.2077000e-01   1.3402000e-01
   1.6150000e+03   1.5904000e-01   1.3393000e-01   1.2107000e-01   1.3393000e-01
   1.6200000e+03   1.5961000e-01   1.3411000e-01   1.2130000e-01   1.3462000e-01
   1.6250000e+03   1.5977000e-01   1.3423000e-01   1.2150000e-01   1.3456000e-01
   1.6300000e+03   1.5960000e-01   1.3466000e-01   1.2151000e-01   1.3450000e-01
   1.6350000e+03   1.6019000e-01   1.3488000e-01   1.2184000e-01   1.3502000e-01
   1.6400000e+03   1.6028000e-01   1.3513000e-01   1.2175000e-01   1.3527000e-01
   1.6450000e+03   1.6048000e-01   1.3534000e-01   1.2210000e-01   1.3569000e-01
   1.6500000e+03   1.6089000e-01   1.3595000e-01   1.2222000e-01   1.3603000e-01
   1.6550000e+03   1.6142000e-01   1.3646000e-01   1.2263000e-01   1.3632000e-01
   1.6600000e+03   1.6169000e-01   1.3665000e-01   1.2254000e-01   1.3636000e-01
   1.6650000e+03   1.6196000e-01   1.3684000e-01   1.2244000e-01   1.3639000e-01
   1.6700000e+03   1.6247000e-01   1.3692000e-01   1.2244000e-01   1.3668000e-01
   1.6750000e+03   1.6301000e-01   1.3706000e-01   1.2285000e-01   1.3729000e-01
   1.6800000e+03   1.6350000e-01   1.3741000e-01   1.2313000e-01   1.3763000e-01
   1.6850000e+03   1.6368000e-01   1.3767000e-01   1.2347000e-01   1.3739000e-01
   1.6900000e+03   1.6376000e-01   1.3788000e-01   1.2302000e-01   1.3738000e-01
   1.6950000e+03   1.6361000e-01   1.3819000e-01   1.2320000e-01   1.3787000e-01
   1.7000000e+03   1.6406000e-01   1.3804000e-01   1.2331000e-01   1.3800000e-01
   1.7050000e+03   1.6471000e-01   1.3877000e-01   1.2383000e-01   1.3847000e-01
   1.7100000e+03   1.6481000e-01   1.3904000e-01   1.2381000e-01   1.3840000e-01
   1.7150000e+03   1.6545000e-01   1.3945000e-01   1.2402000e-01   1.3905000e-01
   1.7200000e+03   1.6547000e-01   1.3966000e-01   1.2410000e-01   1.3913000e-01
   1.7250000e+03   1.6616000e-01   1.4002000e-01   1.2426000e-01   1.3949000e-01
   1.7300000e+03   1.6619000e-01   1.4009000e-01   1.2436000e-01   1.3974000e-01
   1.7350000e+03   1.6649000e-01   1.4044000e-01   1.2434000e-01   1.3994000e-01
   1.7400000e+03   1.6676000e-01   1.4054000e-01   1.2430000e-01   1.4024000e-01
   1.7450000e+03   1.6714000e-01   1.4118000e-01   1.2474000e-01   1.4020000e-01
   1.7500000e+03   1.6763000e-01   1.4129000e-01   1.2489000e-01   1.4072000e-01
   1.7550000e+03   1.6816000e-01   1.4164000e-01   1.2506000e-01   1.4058000e-01
   1.7600000e+03   1.6820000e-01   1.4182000e-01   1.2546000e-01   1.4118000e-01
   1.7650000e+03   1.6877000e-01   1.4208000e-01   1.2562000e-01   1.4124000e-01
   1.7700000e+03   1.6892000e-01   1.4218000e-01   1.2561000e-01   1.4136000e-01
   1.7750000e+03   1.6947000e-01   1.4241000e-01   1.2581000e-01   1.4174000e-01
   1.7800000e+03   1.6965000e-01   1.4306000e-01   1.2588000e-01   1.4198000e-01
   1.7850000e+03   1.6988000e-01   1.4317000e-01   1.2610000e-01   1.4220000e-01
   1.7900000e+03   1.7052000e-01   1.4380000e-01   1.2652000e-01   1.4246000e-01
   1.7950000e+03   1.7032000e-01   1.4395000e-01   1.2619000e-01   1.4276000e-01
   1.8000000e+03   1.7038000e-01   1.4377000e-01   1.2601000e-01   1.4242000e-01
   1.8050000e+03   1.7113000e-01   1.4446000e-01   1.2673000e-01   1.4342000e-01
   1.8100000e+03   1.7146000e-01   1.4487000e-01   1.2657000e-01   1.4365000e-01
   1.8150000e+03   1.7195000e-01   1.4477000e-01   1.2680000e-01   1.4400000e-01
   1.8200000e+03   1.7230000e-01   1.4526000e-01   1.2708000e-01   1.4476000e-01
   1.8250000e+03   1.7209000e-01   1.4579000e-01   1.2703000e-01   1.4439000e-01
   1.8300000e+03   1.7284000e-01   1.4557000e-01   1.2698000e-01   1.4489000e-01
   1.8350000e+03   1.7285000e-01   1.4622000e-01   1.2714000e-01   1.4517000e-01
   1.8400000e+03   1.7312000e-01   1.4653000e-01   1.2743000e-01   1.4547000e-01
   1.8450000e+03   1.7319000e-01   1.4677000e-01   1.2760000e-01   1.4491000e-01
   1.8500000e+03   1.7344000e-01   1.4700000e-01   1.2771000e-01   1.4562000e-01
   1.8550000e+03   1.7326000e-01   1.4707000e-01   1.2777000e-01   1.4566000e-01
   1.8600000e+03   1.7406000e-01   1.4765000e-01   1.2807000e-01   1.4619000e-01
   1.8650000e+03   1.7472000e-01   1.4803000e-01   1.2837000e-01   1.4654000e-01
   1.8700000e+03   1.7458000e-01   1.4806000e-01   1.2838000e-01   1.4651000e-01
   1.8750000e+03   1.7458000e-01   1.4821000e-01   1.2846000e-01   1.4654000e-01
   1.8800000e+03   1.7498000e-01   1.4840000e-01   1.2857000e-01   1.4680000e-01
   1.8850000e+03   1.7491000e-01   1.4846000e-01   1.2856000e-01   1.4669000e-01
   1.8900000e+03   1.7497000e-01   1.4862000e-01   1.2857000e-01   1.4681000e-01
   1.8950000e+03   1.7606000e-01   1.4934000e-01   1.2889000e-01   1.4743000e-01
   1.9000000e+03   1.7639000e-01   1.4957000e-01   1.2897000e-01   1.4772000e-01
   1.9050000e+03   1.7672000e-01   1.4996000e-01   1.2912000e-01   1.4798000e-01
   1.9100000e+03   1.7685000e-01   1.5026000e-01   1.2917000e-01   1.4830000e-01
   1.9150000e+03   1.7701000e-01   1.5063000e-01   1.2948000e-01   1.4842000e-01
   1.9200000e+03   1.7693000e-01   1.5098000e-01   1.2941000e-01   1.4872000e-01
   1.9250000e+03   1.7761000e-01   1.5090000e-01   1.2959000e-01   1.4890000e-01
   1.9300000e+03   1.7724000e-01   1.5117000e-01   1.2949000e-01   1.4889000e-01
   1.9350000e+03   1.7795000e-01   1.5137000e-01   1.2953000e-01   1.4896000e-01
   1.9400000e+03   1.7870000e-01   1.5248000e-01   1.2953000e-01   1.4985000e-01
   1.9450000e+03   1.7841000e-01   1.5241000e-01   1.2974000e-01   1.4951000e-01
   1.9500000e+03   1.7838000e-01   1.5231000e-01   1.3000000e-01   1.5000000e-01
   1.9550000e+03   1.7926000e-01   1.5260000e-01   1.3031000e-01   1.4994000e-01
   1.9600000e+03   1.7980000e-01   1.5277000e-01   1.3078000e-01   1.5065000e-01
   1.9650000e+03   1.8025000e-01   1.5329000e-01   1.3085000e-01   1.5086000e-01
   1.9700000e+03   1.8014000e-01   1.5364000e-01   1.3124000e-01   1.5116000e-01
   1.9750000e+03   1.8080000e-01   1.5414000e-01   1.3154000e-01   1.5139000e-01
   1.9800000e+03   1.8071000e-01   1.5392000e-01   1.3135000e-01   1.5172000e-01
   1.9850000e+03   1.8133000e-01   1.5497000e-01   1.3198000e-01   1.5201000e-01
   1.9900000e+03   1.8128000e-01   1.5517000e-01   1.3183000e-01   1.5181000e-01
   1.9950000e+03   1.8154000e-01   1.5520000e-01   1.3191000e-01   1.5249000e-01
   2.0000000e+03   1.8193000e-01   1.5529000e-01   1.3243000e-01   1.5260000e-01
   2.0050000e+03   1.8184000e-01   1.5557000e-01   1.3229000e-01   1.5279000e-01
   2.0100000e+03   1.8206000e-01   1.5590000e-01   1.3239000e-01   1.5317000e-01
   2.0150000e+03   1.8260000e-01   1.5619000e-01   1.3282000e-01   1.5338000e-01
   2.0200000e+03   1.8260000e-01   1.5662000e-01   1.3294000e-01   1.5362000e-01
   2.0250000e+03   1.8291000e-01   1.5691000e-01   1.3292000e-01   1.5402000e-01
   2.0300000e+03   1.8373000e-01   1.5716000e-01   1.3336000e-01   1.5405000e-01
   2.0350000e+03   1.8419000e-01   1.5760000e-01   1.3370000e-01   1.5438000e-01
   2.0400000e+03   1.8433000e-01   1.5777000e-01   1.3405000e-01   1.5471000e-01
   2.0450000e+03   1.8460000e-01   1.5849000e-01   1.3425000e-01   1.5524000e-01
   2.0500000e+03   1.8484000e-01   1.5829000e-01   1.3406000e-01   1.5508000e-01
   2.0550000e+03   1.8505000e-01   1.5821000e-01   1.3417000e-01   1.5507000e-01
   2.0600000e+03   1.8539000e-01   1.5856000e-01   1.3475000e-01   1.5529000e-01
   2.0650000e+03   1.8565000e-01   1.5893000e-01   1.3491000e-01   1.5594000e-01
   2.0700000e+03   1.8605000e-01   1.5916000e-01   1.3535000e-01   1.5607000e-01
   2.0750000e+03   1.8620000e-01   1.5986000e-01   1.3520000e-01   1.5636000e-01
   2.0800000e+03   1.8649000e-01   1.5990000e-01   1.3546000e-01   1.5665000e-01
   2.0850000e+03   1.8683000e-01   1.6033000e-01   1.3569000e-01   1.5714000e-01
   2.0900000e+03   1.8709000e-01   1.6056000e-01   1.3605000e-01   1.5715000e-01
   2.0950000e+03   1.8776000e-01   1.6099000e-01   1.3623000e-01   1.5741000e-01
   2.1000000e+03   1.8834000e-01   1.6145000e-01   1.3650000e-01   1.5816000e-01
   2.1050000e+03   1.8872000e-01   1.6199000e-01   1.3708000e-01   1.5816000e-01
   2.1100000e+03   1.8901000e-01   1.6169000e-01   1.3676000e-01   1.5836000e-01
   2.1150000e+03   1.8901000e-01   1.6208000e-01   1.3755000e-01   1.5858000e-01
   2.1200000e+03   1.8922000e-01   1.6290000e-01   1.3736000e-01   1.5911000e-01
   2.1250000e+03   1.8907000e-01   1.6265000e-01   1.3748000e-01   1.5911000e-01
   2.1300000e+03   1.8914000e-01   1.6360000e-01   1.3774000e-01   1.5969000e-01
   2.1350000e+03   1.8948000e-01   1.6363000e-01   1.3809000e-01   1.5987000e-01
   2.1400000e+03   1.8987000e-01   1.6367000e-01   1.3795000e-01   1.5986000e-01
   2.1450000e+03   1.9024000e-01   1.6379000e-01   1.3812000e-01   1.5978000e-01
   2.1500000e+03   1.8987000e-01   1.6416000e-01   1.3877000e-01   1.6036000e-01
   2.1550000e+03   1.9027000e-01   1.6409000e-01   1.3879000e-01   1.6030000e-01
   2.1600000e+03   1.9091000e-01   1.6477000e-01   1.3919000e-01   1.6124000e-01
   2.1650000e+03   1.9024000e-01   1.6433000e-01   1.3899000e-01   1.6094000e-01
   2.1700000e+03   1.9128000e-01   1.6522000e-01   1.3903000e-01   1.6120000e-01
   2.1750000e+03   1.9064000e-01   1.6523000e-01   1.3950000e-01   1.6099000e-01
   2.1800000e+03   1.9194000e-01   1.6585000e-01   1.4025000e-01   1.6180000e-01
   2.1850000e+03   1.9122000e-01   1.6573000e-01   1.4017000e-01   1.6176000e-01
   2.1900000e+03   1.9156000e-01   1.6645000e-01   1.4006000e-01   1.6195000e-01
   2.1950000e+03   1.9148000e-01   1.6639000e-01   1.4027000e-01   1.6194000e-01
   2.2000000e+03   1.9211000e-01   1.6732000e-01   1.4104000e-01   1.6245000e-01
   2.2050000e+03   1.9171000e-01   1.6686000e-01   1.4050000e-01   1.6210000e-01
   2.2100000e+03   1.9239000e-01   1.6780000e-01   1.4153000e-01   1.6297000e-01
   2.2150000e+03   1.9196000e-01   1.6762000e-01   1.4149000e-01   1.6332000e-01
   2.2200000e+03   1.9267000e-01   1.6838000e-01   1.4195000e-01   1.6357000e-01
   2.2250000e+03   1.9252000e-01   1.6829000e-01   1.4226000e-01   1.6382000e-01
   2.2300000e+03   1.9377000e-01   1.6865000e-01   1.4247000e-01   1.6425000e-01
   2.2350000e+03   1.9356000e-01   1.6901000e-01   1.4304000e-01   1.6438000e-01
   2.2400000e+03   1.9388000e-01   1.6895000e-01   1.4280000e-01   1.6447000e-01
   2.2450000e+03   1.9439000e-01   1.6977000e-01   1.4333000e-01   1.6468000e-01
   2.2500000e+03   1.9453000e-01   1.7031000e-01   1.4343000e-01   1.6538000e-01
   2.2550000e+03   1.9453000e-01   1.7076000e-01   1.4413000e-01   1.6580000e-01
   2.2600000e+03   1.9540000e-01   1.7106000e-01   1.4460000e-01   1.6619000e-01
   2.2650000e+03   1.9613000e-01   1.7142000e-01   1.4494000e-01   1.6681000e-01
   2.2700000e+03   1.9623000e-01   1.7183000e-01   1.4526000e-01   1.6695000e-01
   2.2750000e+03   1.9694000e-01   1.7221000e-01   1.4570000e-01   1.6694000e-01
   2.2800000e+03   1.9651000e-01   1.7178000e-01   1.4588000e-01   1.6726000e-01
   2.2850000e+03   1.9708000e-01   1.7269000e-01   1.4638000e-01   1.6786000e-01
   2.2900000e+03   1.9723000e-01   1.7331000e-01   1.4671000e-01   1.6810000e-01
   2.2950000e+03   1.9726000e-01   1.7392000e-01   1.4682000e-01   1.6848000e-01
   2.3000000e+03   1.9774000e-01   1.7430000e-01   1.4773000e-01   1.6899000e-01
   2.3050000e+03   1.9786000e-01   1.7468000e-01   1.4772000e-01   1.6934000e-01
   2.3100000e+03   1.9807000e-01   1.7430000e-01   1.4812000e-01   1.6934000e-01
   2.3150000e+03   1.9855000e-01   1.7512000e-01   1.4835000e-01   1.6973000e-01
   2.3200000e+03   1.9878000e-01   1.7517000e-01   1.4858000e-01   1.6994000e-01
   2.3250000e+03   1.9960000e-01   1.7564000e-01   1.4966000e-01   1.6990000e-01
   2.3300000e+03   1.9878000e-01   1.7535000e-01   1.4919000e-01   1.7001000e-01
   2.3350000e+03   1.9986000e-01   1.7610000e-01   1.4971000e-01   1.7073000e-01
   2.3400000e+03   2.0001000e-01   1.7666000e-01   1.5021000e-01   1.7070000e-01
   2.3450000e+03   2.0024000e-01   1.7687000e-01   1.5080000e-01   1.7147000e-01
   2.3500000e+03   2.0010000e-01   1.7715000e-01   1.5069000e-01   1.7141000e-01
   2.3550000e+03   2.0087000e-01   1.7737000e-01   1.5112000e-01   1.7219000e-01
   2.3600000e+03   2.0071000e-01   1.7784000e-01   1.5169000e-01   1.7213000e-01
   2.3650000e+03   2.0078000e-01   1.7832000e-01   1.5207000e-01   1.7268000e-01
   2.3700000e+03   2.0066000e-01   1.7837000e-01   1.5226000e-01   1.7315000e-01
   2.3750000e+03   2.0146000e-01   1.7897000e-01   1.5297000e-01   1.7331000e-01
   2.3800000e+03   2.0137000e-01   1.7927000e-01   1.5336000e-01   1.7345000e-01
   2.3850000e+03   2.0192000e-01   1.8009000e-01   1.5388000e-01   1.7407000e-01
   2.3900000e+03   2.0259000e-01   1.8048000e-01   1.5432000e-01   1.7445000e-01
   2.3950000e+03   2.0347000e-01   1.8125000e-01   1.5513000e-01   1.7482000e-01
   2.4000000e+03   2.0358000e-01   1.8135000e-01   1.5561000e-01   1.7519000e-01
   2.4050000e+03   2.0360000e-01   1.8156000e-01   1.5559000e-01   1.7509000e-01
   2.4100000e+03   2.0423000e-01   1.8195000e-01   1.5567000e-01   1.7568000e-01
   2.4150000e+03   2.0454000e-01   1.8266000e-01   1.5752000e-01   1.7617000e-01
   2.4200000e+03   2.0448000e-01   1.8332000e-01   1.5788000e-01   1.7633000e-01
   2.4250000e+03   2.0425000e-01   1.8367000e-01   1.5766000e-01   1.7572000e-01
   2.4300000e+03   2.0478000e-01   1.8380000e-01   1.5905000e-01   1.7683000e-01
   2.4350000e+03   2.0548000e-01   1.8403000e-01   1.5816000e-01   1.7758000e-01
   2.4400000e+03   2.0549000e-01   1.8410000e-01   1.5936000e-01   1.7787000e-01
   2.4450000e+03   2.0544000e-01   1.8509000e-01   1.5973000e-01   1.7846000e-01
   2.4500000e+03   2.0614000e-01   1.8561000e-01   1.6019000e-01   1.7908000e-01
   2.4550000e+03   2.0645000e-01   1.8603000e-01   1.6055000e-01   1.7872000e-01
   2.4600000e+03   2.0666000e-01   1.8588000e-01   1.6158000e-01   1.7930000e-01
   2.4650000e+03   2.0721000e-01   1.8714000e-01   1.6252000e-01   1.7981000e-01
   2.4700000e+03   2.0749000e-01   1.8715000e-01   1.6267000e-01   1.8007000e-01
   2.4750000e+03   2.0835000e-01   1.8820000e-01   1.6365000e-01   1.8060000e-01
   2.4800000e+03   2.0749000e-01   1.8832000e-01   1.6410000e-01   1.8083000e-01
   2.4850000e+03   2.0892000e-01   1.8931000e-01   1.6498000e-01   1.8214000e-01
   2.4900000e+03   2.0848000e-01   1.8944000e-01   1.6589000e-01   1.8216000e-01
   2.4950000e+03   2.0929000e-01   1.8985000e-01   1.6643000e-01   1.8245000e-01
   2.5000000e+03   2.0906000e-01   1.9000000e-01   1.6632000e-01   1.8302000e-01
   2.5050000e+03   2.0959000e-01   1.9096000e-01   1.6733000e-01   1.8347000e-01
   2.5100000e+03   2.1033000e-01   1.9145000e-01   1.6781000e-01   1.8366000e-01
   2.5150000e+03   2.1054000e-01   1.9192000e-01   1.6856000e-01   1.8420000e-01
   2.5200000e+03   2.1100000e-01   1.9237000e-01   1.6875000e-01   1.8500000e-01
   2.5250000e+03   2.1165000e-01   1.9299000e-01   1.6916000e-01   1.8468000e-01
   2.5300000e+03   2.1177000e-01   1.9334000e-01   1.7013000e-01   1.8579000e-01
   2.5350000e+03   2.1226000e-01   1.9389000e-01   1.7085000e-01   1.8637000e-01
   2.5400000e+03   2.1290000e-01   1.9445000e-01   1.7143000e-01   1.8695000e-01
   2.5450000e+03   2.1288000e-01   1.9468000e-01   1.7195000e-01   1.8708000e-01
   2.5500000e+03   2.1252000e-01   1.9479000e-01   1.7232000e-01   1.8711000e-01
   2.5550000e+03   2.1502000e-01   1.9644000e-01   1.7340000e-01   1.8886000e-01
   2.5600000e+03   2.1423000e-01   1.9628000e-01   1.7348000e-01   1.8854000e-01
   2.5650000e+03   2.1442000e-01   1.9666000e-01   1.7380000e-01   1.8899000e-01
   2.5700000e+03   2.1482000e-01   1.9718000e-01   1.7413000e-01   1.8932000e-01
   2.5750000e+03   2.1582000e-01   1.9786000e-01   1.7483000e-01   1.9012000e-01
   2.5800000e+03   2.1448000e-01   1.9727000e-01   1.7473000e-01   1.8940000e-01
   2.5850000e+03   2.1560000e-01   1.9836000e-01   1.7582000e-01   1.9046000e-01
   2.5900000e+03   2.1571000e-01   1.9887000e-01   1.7633000e-01   1.9055000e-01
   2.5950000e+03   2.1558000e-01   1.9925000e-01   1.7661000e-01   1.9072000e-01
   2.6000000e+03   2.1532000e-01   1.9949000e-01   1.7677000e-01   1.9078000e-01
