   3.0000000e+02   3.8588000e-02   3.5750000e-02   3.6902000e-02   3.7350000e-02
   3.0500000e+02   3.8892000e-02   3.6494000e-02   3.7650000e-02   3.7675000e-02
   3.1000000e+02   3.9198000e-02   3.7239000e-02   3.8401000e-02   3.7775000e-02
   3.1500000e+02   4.0136000e-02   3.8169000e-02   3.9058000e-02   3.7769000e-02
   3.2000000e+02   4.0268000e-02   3.7955000e-02   3.9140000e-02   3.8815000e-02
   3.2500000e+02   4.0470000e-02   3.7899000e-02   3.9282000e-02   4.0105000e-02
   3.3000000e+02   4.0902000e-02   3.7976000e-02   3.9252000e-02   4.0589000e-02
   3.3500000e+02   4.1442000e-02   3.8137000e-02   3.9528000e-02   4.0628000e-02
   3.4000000e+02   4.1981000e-02   3.8650000e-02   3.9944000e-02   4.1086000e-02
   3.4500000e+02   4.2581000e-02   3.9220000e-02   4.0405000e-02   4.1471000e-02
   3.5000000e+02   4.3144000e-02   3.9728000e-02   4.0817000e-02   4.1875000e-02
   3.5500000e+02   4.3791000e-02   4.0172000e-02   4.1342000e-02   4.2299000e-02
   3.6000000e+02   4.4293000e-02   4.0473000e-02   4.1602000e-02   4.2998000e-02
   3.6500000e+02   4.4746000e-02   4.0769000e-02   4.1890000e-02   4.3122000e-02
   3.7000000e+02   4.5277000e-02   4.1062000e-02   4.2277000e-02   4.3618000e-02
   3.7500000e+02   4.5851000e-02   4.1402000e-02   4.2672000e-02   4.4241000e-02
   3.8000000e+02   4.6557000e-02   4.1905000e-02   4.3156000e-02   4.4741000e-02
   3.8500000e+02   4.7361000e-02   4.2474000e-02   4.3727000e-02   4.5401000e-02
   3.9000000e+02   4.8315000e-02   4.3142000e-02   4.4349000e-02   4.6030000e-02
   3.9500000e+02   4.9171000e-02   4.3794000e-02   4.4933000e-02   4.6534000e-02
   4.0000000e+02   5.0076000e-02   4.4442000e-02   4.5534000e-02   4.7595000e-02
   4.0500000e+02   5.0792000e-02   4.4921000e-02   4.6001000e-02   4.8122000e-02
   4.1000000e+02   5.1486000e-02   4.5367000e-02   4.6462000e-02   4.8609000e-02
   4.1500000e+02   5.2037000e-02   4.5696000e-02   4.6870000e-02   4.9055000e-02
   4.2000000e+02   5.2643000e-02   4.6036000e-02   4.7261000e-02   4.9485000e-02
   4.2500000e+02   5.3209000e-02   4.6339000e-02   4.7624000e-02   5.0028000e-02
   4.3000000e+02   5.3854000e-02   4.6725000e-02   4.8037000e-02   5.0477000e-02
   4.3500000e+02   5.4535000e-02   4.7142000e-02   4.8410000e-02   5.1010000e-02
   4.4000000e+02   5.5214000e-02   4.7590000e-02   4.8775000e-02   5.1459000e-02
   4.4500000e+02   5.5863000e-02   4.8009000e-02   4.9108000e-02   5.1971000e-02
   4.5000000e+02   5.6646000e-02   4.8554000e-02   4.9519000e-02   5.2481000e-02
   4.5500000e+02   5.7306000e-02   4.9009000e-02   4.9850000e-02   5.2946000e-02
   4.6000000e+02   5.7965000e-02   4.9445000e-02   5.0200000e-02   5.3440000e-02
   4.6500000e+02   5.8605000e-02   4.9849000e-02   5.0570000e-02   5.3916000e-02
   4.7000000e+02   5.9274000e-02   5.0302000e-02   5.1001000e-02   5.4404000e-02
   4.7500000e+02   5.9808000e-02   5.0642000e-02   5.1329000e-02   5.4876000e-02
   4.8000000e+02   6.0394000e-02   5.0998000e-02   5.1715000e-02   5.5365000e-02
   4.8500000e+02   6.1053000e-02   5.1419000e-02   5.2109000e-02   5.5834000e-02
   4.9000000e+02   6.1584000e-02   5.1743000e-02   5.2433000e-02   5.6306000e-02
   4.9500000e+02   6.2269000e-02   5.2137000e-02   5.2766000e-02   5.6785000e-02
   5.0000000e+02   6.2846000e-02   5.2503000e-02   5.3081000e-02   5.7255000e-02
   5.0500000e+02   6.3499000e-02   5.2944000e-02   5.3449000e-02   5.7691000e-02
   5.1000000e+02   6.4105000e-02   5.3359000e-02   5.3820000e-02   5.8172000e-02
   5.1500000e+02   6.4705000e-02   5.3816000e-02   5.4211000e-02   5.8700000e-02
   5.2000000e+02   6.5364000e-02   5.4341000e-02   5.4660000e-02   5.9157000e-02
   5.2500000e+02   6.5970000e-02   5.4802000e-02   5.5096000e-02   5.9744000e-02
   5.3000000e+02   6.6620000e-02   5.5289000e-02   5.5489000e-02   6.0253000e-02
   5.3500000e+02   6.7293000e-02   5.5765000e-02   5.5925000e-02   6.0760000e-02
   5.4000000e+02   6.7887000e-02   5.6148000e-02   5.6295000e-02   6.1239000e-02
   5.4500000e+02   6.8472000e-02   5.6499000e-02   5.6655000e-02   6.1713000e-02
   5.5000000e+02   6.8999000e-02   5.6822000e-02   5.6965000e-02   6.2101000e-02
   5.5500000e+02   6.9624000e-02   5.7180000e-02   5.7326000e-02   6.2620000e-02
   5.6000000e+02   7.0113000e-02   5.7498000e-02   5.7613000e-02   6.3010000e-02
   5.6500000e+02   7.0674000e-02   5.7896000e-02   5.7940000e-02   6.3465000e-02
   5.7000000e+02   7.1261000e-02   5.8328000e-02   5.8257000e-02   6.3875000e-02
   5.7500000e+02   7.1850000e-02   5.8773000e-02   5.8619000e-02   6.4300000e-02
   5.8000000e+02   7.2456000e-02   5.9244000e-02   5.8977000e-02   6.4766000e-02
   5.8500000e+02   7.2954000e-02   5.9634000e-02   5.9281000e-02   6.5191000e-02
   5.9000000e+02   7.3584000e-02   6.0101000e-02   5.9631000e-02   6.5622000e-02
   5.9500000e+02   7.4124000e-02   6.0512000e-02   5.9942000e-02   6.6052000e-02
   6.0000000e+02   7.4673000e-02   6.0880000e-02   6.0237000e-02   6.6564000e-02
   6.0500000e+02   7.5211000e-02   6.1239000e-02   6.0570000e-02   6.7070000e-02
   6.1000000e+02   7.5697000e-02   6.1558000e-02   6.0868000e-02   6.7505000e-02
   6.1500000e+02   7.6279000e-02   6.1923000e-02   6.1211000e-02   6.8008000e-02
   6.2000000e+02   7.6781000e-02   6.2239000e-02   6.1528000e-02   6.8438000e-02
   6.2500000e+02   7.7333000e-02   6.2631000e-02   6.1876000e-02   6.8871000e-02
   6.3000000e+02   7.7920000e-02   6.3027000e-02   6.2175000e-02   6.9250000e-02
   6.3500000e+02   7.8520000e-02   6.3443000e-02   6.2529000e-02   6.9642000e-02
   6.4000000e+02   7.9202000e-02   6.3933000e-02   6.2885000e-02   7.0096000e-02
   6.4500000e+02   7.9729000e-02   6.4317000e-02   6.3182000e-02   7.0515000e-02
   6.5000000e+02   8.0238000e-02   6.4658000e-02   6.3446000e-02   7.0969000e-02
   6.5500000e+02   8.0792000e-02   6.5027000e-02   6.3744000e-02   7.1436000e-02
   6.6000000e+02   8.1255000e-02   6.5319000e-02   6.3958000e-02   7.1858000e-02
   6.6500000e+02   8.1649000e-02   6.5532000e-02   6.4156000e-02   7.2245000e-02
   6.7000000e+02   8.2074000e-02   6.5761000e-02   6.4323000e-02   7.2522000e-02
   6.7500000e+02   8.2521000e-02   6.6041000e-02   6.4542000e-02   7.3134000e-02
   6.8000000e+02   8.2994000e-02   6.6368000e-02   6.4787000e-02   7.3409000e-02
   6.8500000e+02   8.3500000e-02   6.6755000e-02   6.5094000e-02   7.3851000e-02
   6.9000000e+02   8.4136000e-02   6.7248000e-02   6.5453000e-02   7.4347000e-02
   6.9500000e+02   8.4900000e-02   6.7807000e-02   6.5919000e-02   7.4744000e-02
   7.0000000e+02   8.5355000e-02   6.8149000e-02   6.6217000e-02   7.5124000e-02
   7.0500000e+02   8.5938000e-02   6.8541000e-02   6.6529000e-02   7.5485000e-02
   7.1000000e+02   8.6406000e-02   6.8818000e-02   6.6764000e-02   7.5928000e-02
   7.1500000e+02   8.6725000e-02   6.8953000e-02   6.6973000e-02   7.6271000e-02
   7.2000000e+02   8.6951000e-02   6.9038000e-02   6.7063000e-02   7.6647000e-02
   7.2500000e+02   8.7530000e-02   6.9363000e-02   6.7378000e-02   7.7042000e-02
   7.3000000e+02   8.7942000e-02   6.9626000e-02   6.7591000e-02   7.7387000e-02
   7.3500000e+02   8.8410000e-02   6.9917000e-02   6.7848000e-02   7.7801000e-02
   7.4000000e+02   8.9073000e-02   7.0366000e-02   6.8155000e-02   7.8248000e-02
   7.4500000e+02   8.9723000e-02   7.0776000e-02   6.8485000e-02   7.8706000e-02
   7.5000000e+02   9.0260000e-02   7.1126000e-02   6.8720000e-02   7.9055000e-02
   7.5500000e+02   9.0803000e-02   7.1434000e-02   6.8980000e-02   7.9453000e-02
   7.6000000e+02   9.1356000e-02   7.1746000e-02   6.9173000e-02   7.9783000e-02
   7.6500000e+02   9.1840000e-02   7.1981000e-02   6.9326000e-02   8.0277000e-02
   7.7000000e+02   9.2159000e-02   7.2173000e-02   6.9472000e-02   8.0637000e-02
   7.7500000e+02   9.2805000e-02   7.2510000e-02   6.9702000e-02   8.1014000e-02
   7.8000000e+02   9.3135000e-02   7.2684000e-02   6.9838000e-02   8.1456000e-02
   7.8500000e+02   9.3739000e-02   7.3038000e-02   7.0164000e-02   8.1702000e-02
   7.9000000e+02   9.4095000e-02   7.3283000e-02   7.0364000e-02   8.2091000e-02
   7.9500000e+02   9.4656000e-02   7.3612000e-02   7.0547000e-02   8.2559000e-02
   8.0000000e+02   9.4223000e-02   7.3310000e-02   7.0128000e-02   8.2691000e-02
   8.0500000e+02   9.6246000e-02   7.4686000e-02   7.0986000e-02   8.3194000e-02
   8.1000000e+02   9.5952000e-02   7.4291000e-02   7.0682000e-02   8.3644000e-02
   8.1500000e+02   9.7241000e-02   7.5029000e-02   7.1010000e-02   8.4010000e-02
   8.2000000e+02   9.7517000e-02   7.5156000e-02   7.1173000e-02   8.4339000e-02
   8.2500000e+02   9.8166000e-02   7.5588000e-02   7.1172000e-02   8.4724000e-02
   8.3000000e+02   9.8439000e-02   7.5807000e-02   7.0918000e-02   8.4774000e-02
   8.3500000e+02   9.9330000e-02   7.6190000e-02   7.1046000e-02   8.5251000e-02
   8.4000000e+02   9.9762000e-02   7.6343000e-02   7.0846000e-02   8.5495000e-02
   8.4500000e+02   1.0029000e-01   7.6676000e-02   7.1138000e-02   8.5868000e-02
   8.5000000e+02   1.0064000e-01   7.6582000e-02   7.0849000e-02   8.6215000e-02
   8.5500000e+02   1.0075000e-01   7.6511000e-02   7.0569000e-02   8.6022000e-02
   8.6000000e+02   1.0132000e-01   7.6999000e-02   7.0400000e-02   8.6668000e-02
   8.6500000e+02   1.0204000e-01   7.6790000e-02   7.0254000e-02   8.6911000e-02
   8.7000000e+02   1.0182000e-01   7.6558000e-02   7.0125000e-02   8.6923000e-02
   8.7500000e+02   1.0285000e-01   7.6985000e-02   7.0078000e-02   8.7410000e-02
   8.8000000e+02   1.0257000e-01   7.6939000e-02   6.9841000e-02   8.7513000e-02
   8.8500000e+02   1.0358000e-01   7.7508000e-02   6.9877000e-02   8.8029000e-02
   8.9000000e+02   1.0338000e-01   7.7010000e-02   6.9523000e-02   8.8063000e-02
   8.9500000e+02   1.0415000e-01   7.7081000e-02   6.9364000e-02   8.8310000e-02
   9.0000000e+02   1.0465000e-01   7.7641000e-02   6.9046000e-02   8.8693000e-02
   9.0500000e+02   1.0523000e-01   7.7951000e-02   6.9484000e-02   8.8935000e-02
   9.1000000e+02   1.0568000e-01   7.7893000e-02   6.9439000e-02   8.9460000e-02
   9.1500000e+02   1.0561000e-01   7.7873000e-02   6.9394000e-02   8.9672000e-02
   9.2000000e+02   1.0653000e-01   7.8451000e-02   6.9682000e-02   8.9950000e-02
   9.2500000e+02   1.0659000e-01   7.8365000e-02   6.9384000e-02   9.0059000e-02
   9.3000000e+02   1.0701000e-01   7.8442000e-02   6.9480000e-02   9.0313000e-02
   9.3500000e+02   1.0733000e-01   7.8681000e-02   6.9497000e-02   9.0759000e-02
   9.4000000e+02   1.0787000e-01   7.8885000e-02   6.9647000e-02   9.0867000e-02
   9.4500000e+02   1.0820000e-01   7.9172000e-02   6.9765000e-02   9.1289000e-02
   9.5000000e+02   1.0883000e-01   7.9418000e-02   6.9738000e-02   9.1597000e-02
   9.5500000e+02   1.0928000e-01   7.9576000e-02   6.9872000e-02   9.1985000e-02
   9.6000000e+02   1.0967000e-01   7.9971000e-02   6.9950000e-02   9.2161000e-02
   9.6500000e+02   1.1031000e-01   8.0424000e-02   7.0170000e-02   9.2501000e-02
   9.7000000e+02   1.1089000e-01   8.0757000e-02   7.0311000e-02   9.3047000e-02
   9.7500000e+02   1.1125000e-01   8.1058000e-02   7.0320000e-02   9.3262000e-02
   9.8000000e+02   1.1176000e-01   8.1263000e-02   7.0462000e-02   9.3597000e-02
   9.8500000e+02   1.1197000e-01   8.1185000e-02   7.0790000e-02   9.3884000e-02
   9.9000000e+02   1.1246000e-01   8.1702000e-02   7.1071000e-02   9.4252000e-02
   9.9500000e+02   1.1308000e-01   8.1719000e-02   7.1218000e-02   9.4674000e-02
   1.0000000e+03   1.1363000e-01   8.2292000e-02   7.1367000e-02   9.4860000e-02
   1.0050000e+03   1.1361000e-01   8.2208000e-02   7.1576000e-02   9.5290000e-02
   1.0100000e+03   1.1493000e-01   8.3116000e-02   7.1979000e-02   9.5624000e-02
   1.0150000e+03   1.1497000e-01   8.3245000e-02   7.2318000e-02   9.6160000e-02
   1.0200000e+03   1.1586000e-01   8.3644000e-02   7.2763000e-02   9.6498000e-02
   1.0250000e+03   1.1607000e-01   8.4143000e-02   7.2925000e-02   9.7038000e-02
   1.0300000e+03   1.1673000e-01   8.4501000e-02   7.3365000e-02   9.7417000e-02
   1.0350000e+03   1.1701000e-01   8.4668000e-02   7.3678000e-02   9.7738000e-02
   1.0400000e+03   1.1756000e-01   8.5356000e-02   7.4128000e-02   9.8403000e-02
   1.0450000e+03   1.1810000e-01   8.5558000e-02   7.4588000e-02   9.8688000e-02
   1.0500000e+03   1.1870000e-01   8.6238000e-02   7.4825000e-02   9.9102000e-02
   1.0550000e+03   1.1917000e-01   8.6689000e-02   7.5325000e-02   9.9351000e-02
   1.0600000e+03   1.1966000e-01   8.7150000e-02   7.5559000e-02   9.9821000e-02
   1.0650000e+03   1.1998000e-01   8.7492000e-02   7.6082000e-02   1.0012000e-01
   1.0700000e+03   1.2053000e-01   8.7900000e-02   7.6593000e-02   1.0057000e-01
   1.0750000e+03   1.2121000e-01   8.8335000e-02   7.7017000e-02   1.0112000e-01
   1.0800000e+03   1.2163000e-01   8.8878000e-02   7.7431000e-02   1.0154000e-01
   1.0850000e+03   1.2187000e-01   8.9229000e-02   7.7774000e-02   1.0194000e-01
   1.0900000e+03   1.2281000e-01   8.9684000e-02   7.8229000e-02   1.0235000e-01
   1.0950000e+03   1.2319000e-01   9.0169000e-02   7.8867000e-02   1.0312000e-01
   1.1000000e+03   1.2358000e-01   9.0718000e-02   7.9306000e-02   1.0339000e-01
   1.1050000e+03   1.2454000e-01   9.1412000e-02   7.9959000e-02   1.0396000e-01
   1.1100000e+03   1.2494000e-01   9.2009000e-02   8.0430000e-02   1.0455000e-01
   1.1150000e+03   1.2557000e-01   9.2358000e-02   8.0977000e-02   1.0494000e-01
   1.1200000e+03   1.2624000e-01   9.2947000e-02   8.1570000e-02   1.0547000e-01
   1.1250000e+03   1.2680000e-01   9.3321000e-02   8.1988000e-02   1.0596000e-01
   1.1300000e+03   1.2688000e-01   9.3924000e-02   8.2282000e-02   1.0643000e-01
   1.1350000e+03   1.2744000e-01   9.4276000e-02   8.2885000e-02   1.0669000e-01
   1.1400000e+03   1.2791000e-01   9.4876000e-02   8.3147000e-02   1.0727000e-01
   1.1450000e+03   1.2831000e-01   9.5105000e-02   8.3646000e-02   1.0756000e-01
   1.1500000e+03   1.2891000e-01   9.5840000e-02   8.4236000e-02   1.0824000e-01
   1.1550000e+03   1.2946000e-01   9.6160000e-02   8.4592000e-02   1.0880000e-01
   1.1600000e+03   1.2969000e-01   9.6419000e-02   8.4720000e-02   1.0905000e-01
   1.1650000e+03   1.3023000e-01   9.6898000e-02   8.5217000e-02   1.0965000e-01
   1.1700000e+03   1.3097000e-01   9.7600000e-02   8.5770000e-02   1.1006000e-01
   1.1750000e+03   1.3149000e-01   9.7758000e-02   8.6106000e-02   1.1058000e-01
   1.1800000e+03   1.3193000e-01   9.8288000e-02   8.6481000e-02   1.1089000e-01
   1.1850000e+03   1.3245000e-01   9.8472000e-02   8.6622000e-02   1.1130000e-01
   1.1900000e+03   1.3305000e-01   9.9025000e-02   8.7229000e-02   1.1173000e-01
   1.1950000e+03   1.3351000e-01   9.9479000e-02   8.7614000e-02   1.1234000e-01
   1.2000000e+03   1.3384000e-01   9.9846000e-02   8.7922000e-02   1.1237000e-01
   1.2050000e+03   1.3349000e-01   9.9888000e-02   8.8049000e-02   1.1278000e-01
   1.2100000e+03   1.3455000e-01   1.0013000e-01   8.8421000e-02   1.1304000e-01
   1.2150000e+03   1.3525000e-01   1.0080000e-01   8.8727000e-02   1.1367000e-01
   1.2200000e+03   1.3556000e-01   1.0142000e-01   8.9188000e-02   1.1418000e-01
   1.2250000e+03   1.3600000e-01   1.0176000e-01   8.9406000e-02   1.1449000e-01
   1.2300000e+03   1.3640000e-01   1.0183000e-01   8.9754000e-02   1.1468000e-01
   1.2350000e+03   1.3697000e-01   1.0235000e-01   9.0001000e-02   1.1512000e-01
   1.2400000e+03   1.3770000e-01   1.0271000e-01   9.0354000e-02   1.1533000e-01
   1.2450000e+03   1.3820000e-01   1.0318000e-01   9.0566000e-02   1.1586000e-01
   1.2500000e+03   1.3892000e-01   1.0389000e-01   9.1118000e-02   1.1652000e-01
   1.2550000e+03   1.3903000e-01   1.0407000e-01   9.1402000e-02   1.1679000e-01
   1.2600000e+03   1.3967000e-01   1.0443000e-01   9.1808000e-02   1.1728000e-01
   1.2650000e+03   1.4020000e-01   1.0492000e-01   9.2155000e-02   1.1794000e-01
   1.2700000e+03   1.4060000e-01   1.0546000e-01   9.2457000e-02   1.1822000e-01
   1.2750000e+03   1.4125000e-01   1.0579000e-01   9.2855000e-02   1.1856000e-01
   1.2800000e+03   1.4143000e-01   1.0624000e-01   9.3063000e-02   1.1898000e-01
   1.2850000e+03   1.4213000e-01   1.0696000e-01   9.3502000e-02   1.1956000e-01
   1.2900000e+03   1.4266000e-01   1.0711000e-01   9.3843000e-02   1.2007000e-01
   1.2950000e+03   1.4267000e-01   1.0751000e-01   9.3993000e-02   1.2055000e-01
   1.3000000e+03   1.4442000e-01   1.0857000e-01   9.4902000e-02   1.2119000e-01
   1.3050000e+03   1.4389000e-01   1.0837000e-01   9.4859000e-02   1.2143000e-01
   1.3100000e+03   1.4537000e-01   1.0941000e-01   9.5461000e-02   1.2213000e-01
   1.3150000e+03   1.4561000e-01   1.0953000e-01   9.5753000e-02   1.2253000e-01
   1.3200000e+03   1.4648000e-01   1.1028000e-01   9.6287000e-02   1.2312000e-01
   1.3250000e+03   1.4636000e-01   1.1036000e-01   9.6596000e-02   1.2344000e-01
   1.3300000e+03   1.4709000e-01   1.1106000e-01   9.7079000e-02   1.2385000e-01
   1.3350000e+03   1.4781000e-01   1.1157000e-01   9.7499000e-02   1.2442000e-01
   1.3400000e+03   1.4815000e-01   1.1194000e-01   9.7670000e-02   1.2484000e-01
   1.3450000e+03   1.4853000e-01   1.1241000e-01   9.7925000e-02   1.2512000e-01
   1.3500000e+03   1.4915000e-01   1.1291000e-01   9.8423000e-02   1.2553000e-01
   1.3550000e+03   1.4906000e-01   1.1282000e-01   9.8619000e-02   1.2572000e-01
   1.3600000e+03   1.4948000e-01   1.1335000e-01   9.8986000e-02   1.2624000e-01
   1.3650000e+03   1.5053000e-01   1.1422000e-01   9.9757000e-02   1.2708000e-01
   1.3700000e+03   1.5097000e-01   1.1461000e-01   1.0018000e-01   1.2745000e-01
   1.3750000e+03   1.5189000e-01   1.1539000e-01   1.0053000e-01   1.2806000e-01
   1.3800000e+03   1.5249000e-01   1.1598000e-01   1.0084000e-01   1.2861000e-01
   1.3850000e+03   1.5309000e-01   1.1648000e-01   1.0172000e-01   1.2903000e-01
   1.3900000e+03   1.5358000e-01   1.1684000e-01   1.0207000e-01   1.2932000e-01
   1.3950000e+03   1.5424000e-01   1.1745000e-01   1.0221000e-01   1.2977000e-01
   1.4000000e+03   1.5464000e-01   1.1782000e-01   1.0266000e-01   1.3007000e-01
   1.4050000e+03   1.5525000e-01   1.1824000e-01   1.0317000e-01   1.3043000e-01
   1.4100000e+03   1.5603000e-01   1.1892000e-01   1.0378000e-01   1.3107000e-01
   1.4150000e+03   1.5676000e-01   1.1963000e-01   1.0399000e-01   1.3172000e-01
   1.4200000e+03   1.5730000e-01   1.2015000e-01   1.0448000e-01   1.3233000e-01
   1.4250000e+03   1.5760000e-01   1.2063000e-01   1.0494000e-01   1.3270000e-01
   1.4300000e+03   1.5819000e-01   1.2129000e-01   1.0519000e-01   1.3327000e-01
   1.4350000e+03   1.5882000e-01   1.2197000e-01   1.0574000e-01   1.3378000e-01
   1.4400000e+03   1.5946000e-01   1.2226000e-01   1.0615000e-01   1.3399000e-01
   1.4450000e+03   1.5935000e-01   1.2232000e-01   1.0622000e-01   1.3429000e-01
   1.4500000e+03   1.5983000e-01   1.2291000e-01   1.0667000e-01   1.3502000e-01
   1.4550000e+03   1.6033000e-01   1.2336000e-01   1.0702000e-01   1.3536000e-01
   1.4600000e+03   1.6094000e-01   1.2393000e-01   1.0749000e-01   1.3611000e-01
   1.4650000e+03   1.6155000e-01   1.2424000e-01   1.0789000e-01   1.3645000e-01
   1.4700000e+03   1.6216000e-01   1.2457000e-01   1.0807000e-01   1.3673000e-01
   1.4750000e+03   1.6262000e-01   1.2532000e-01   1.0870000e-01   1.3716000e-01
   1.4800000e+03   1.6299000e-01   1.2566000e-01   1.0909000e-01   1.3797000e-01
   1.4850000e+03   1.6361000e-01   1.2634000e-01   1.0945000e-01   1.3850000e-01
   1.4900000e+03   1.6392000e-01   1.2659000e-01   1.0971000e-01   1.3869000e-01
   1.4950000e+03   1.6483000e-01   1.2692000e-01   1.0965000e-01   1.3885000e-01
   1.5000000e+03   1.6513000e-01   1.2707000e-01   1.1022000e-01   1.3936000e-01
   1.5050000e+03   1.6526000e-01   1.2757000e-01   1.1048000e-01   1.3980000e-01
   1.5100000e+03   1.6580000e-01   1.2801000e-01   1.1055000e-01   1.3998000e-01
   1.5150000e+03   1.6638000e-01   1.2871000e-01   1.1102000e-01   1.4055000e-01
   1.5200000e+03   1.6683000e-01   1.2879000e-01   1.1121000e-01   1.4092000e-01
   1.5250000e+03   1.6744000e-01   1.2920000e-01   1.1153000e-01   1.4119000e-01
   1.5300000e+03   1.6786000e-01   1.2992000e-01   1.1187000e-01   1.4159000e-01
   1.5350000e+03   1.6866000e-01   1.3006000e-01   1.1239000e-01   1.4204000e-01
   1.5400000e+03   1.6896000e-01   1.3049000e-01   1.1242000e-01   1.4238000e-01
   1.5450000e+03   1.6952000e-01   1.3097000e-01   1.1308000e-01   1.4313000e-01
   1.5500000e+03   1.6999000e-01   1.3161000e-01   1.1350000e-01   1.4331000e-01
   1.5550000e+03   1.7048000e-01   1.3218000e-01   1.1405000e-01   1.4390000e-01
   1.5600000e+03   1.7133000e-01   1.3246000e-01   1.1443000e-01   1.4417000e-01
   1.5650000e+03   1.7127000e-01   1.3287000e-01   1.1486000e-01   1.4447000e-01
   1.5700000e+03   1.7145000e-01   1.3326000e-01   1.1475000e-01   1.4505000e-01
   1.5750000e+03   1.7213000e-01   1.3341000e-01   1.1502000e-01   1.4554000e-01
   1.5800000e+03   1.7246000e-01   1.3382000e-01   1.1522000e-01   1.4562000e-01
   1.5850000e+03   1.7300000e-01   1.3433000e-01   1.1557000e-01   1.4589000e-01
   1.5900000e+03   1.7336000e-01   1.3454000e-01   1.1577000e-01   1.4635000e-01
   1.5950000e+03   1.7376000e-01   1.3506000e-01   1.1590000e-01   1.4670000e-01
   1.6000000e+03   1.7433000e-01   1.3520000e-01   1.1632000e-01   1.4714000e-01
   1.6050000e+03   1.7425000e-01   1.3521000e-01   1.1626000e-01   1.4730000e-01
   1.6100000e+03   1.7569000e-01   1.3641000e-01   1.1688000e-01   1.4757000e-01
   1.6150000e+03   1.7556000e-01   1.3657000e-01   1.1712000e-01   1.4800000e-01
   1.6200000e+03   1.7633000e-01   1.3703000e-01   1.1728000e-01   1.4877000e-01
   1.6250000e+03   1.7636000e-01   1.3721000e-01   1.1732000e-01   1.4896000e-01
   1.6300000e+03   1.7697000e-01   1.3769000e-01   1.1782000e-01   1.4913000e-01
   1.6350000e+03   1.7696000e-01   1.3786000e-01   1.1789000e-01   1.4932000e-01
   1.6400000e+03   1.7756000e-01   1.3838000e-01   1.1799000e-01   1.4985000e-01
   1.6450000e+03   1.7843000e-01   1.3848000e-01   1.1826000e-01   1.5025000e-01
   1.6500000e+03   1.7863000e-01   1.3887000e-01   1.1836000e-01   1.5054000e-01
   1.6550000e+03   1.7919000e-01   1.3930000e-01   1.1865000e-01   1.5082000e-01
   1.6600000e+03   1.7972000e-01   1.3988000e-01   1.1870000e-01   1.5107000e-01
   1.6650000e+03   1.8025000e-01   1.4046000e-01   1.1875000e-01   1.5142000e-01
   1.6700000e+03   1.8061000e-01   1.4076000e-01   1.1900000e-01   1.5182000e-01
   1.6750000e+03   1.8117000e-01   1.4089000e-01   1.1946000e-01   1.5231000e-01
   1.6800000e+03   1.8190000e-01   1.4146000e-01   1.1963000e-01   1.5265000e-01
   1.6850000e+03   1.8186000e-01   1.4134000e-01   1.1971000e-01   1.5294000e-01
   1.6900000e+03   1.8193000e-01   1.4184000e-01   1.1976000e-01   1.5316000e-01
   1.6950000e+03   1.8288000e-01   1.4227000e-01   1.2042000e-01   1.5371000e-01
   1.7000000e+03   1.8370000e-01   1.4285000e-01   1.2073000e-01   1.5423000e-01
   1.7050000e+03   1.8394000e-01   1.4319000e-01   1.2075000e-01   1.5473000e-01
   1.7100000e+03   1.8465000e-01   1.4384000e-01   1.2101000e-01   1.5492000e-01
   1.7150000e+03   1.8469000e-01   1.4395000e-01   1.2123000e-01   1.5511000e-01
   1.7200000e+03   1.8522000e-01   1.4430000e-01   1.2135000e-01   1.5547000e-01
   1.7250000e+03   1.8601000e-01   1.4460000e-01   1.2155000e-01   1.5565000e-01
   1.7300000e+03   1.8640000e-01   1.4501000e-01   1.2179000e-01   1.5621000e-01
   1.7350000e+03   1.8713000e-01   1.4562000e-01   1.2196000e-01   1.5636000e-01
   1.7400000e+03   1.8720000e-01   1.4566000e-01   1.2198000e-01   1.5684000e-01
   1.7450000e+03   1.8792000e-01   1.4615000e-01   1.2251000e-01   1.5696000e-01
   1.7500000e+03   1.8778000e-01   1.4634000e-01   1.2271000e-01   1.5741000e-01
   1.7550000e+03   1.8871000e-01   1.4673000e-01   1.2284000e-01   1.5728000e-01
   1.7600000e+03   1.8822000e-01   1.4663000e-01   1.2302000e-01   1.5798000e-01
   1.7650000e+03   1.8922000e-01   1.4721000e-01   1.2346000e-01   1.5820000e-01
   1.7700000e+03   1.8903000e-01   1.4750000e-01   1.2364000e-01   1.5861000e-01
   1.7750000e+03   1.8996000e-01   1.4786000e-01   1.2397000e-01   1.5877000e-01
   1.7800000e+03   1.8942000e-01   1.4775000e-01   1.2367000e-01   1.5886000e-01
   1.7850000e+03   1.9044000e-01   1.4837000e-01   1.2418000e-01   1.5957000e-01
   1.7900000e+03   1.9002000e-01   1.4848000e-01   1.2424000e-01   1.5945000e-01
   1.7950000e+03   1.9079000e-01   1.4891000e-01   1.2467000e-01   1.6033000e-01
   1.8000000e+03   1.9105000e-01   1.4930000e-01   1.2492000e-01   1.6012000e-01
   1.8050000e+03   1.9171000e-01   1.4993000e-01   1.2538000e-01   1.6090000e-01
   1.8100000e+03   1.9235000e-01   1.4997000e-01   1.2546000e-01   1.6079000e-01
   1.8150000e+03   1.9241000e-01   1.5018000e-01   1.2541000e-01   1.6133000e-01
   1.8200000e+03   1.9286000e-01   1.5051000e-01   1.2540000e-01   1.6102000e-01
   1.8250000e+03   1.9345000e-01   1.5139000e-01   1.2550000e-01   1.6200000e-01
   1.8300000e+03   1.9438000e-01   1.5152000e-01   1.2600000e-01   1.6220000e-01
   1.8350000e+03   1.9416000e-01   1.5168000e-01   1.2641000e-01   1.6276000e-01
   1.8400000e+03   1.9521000e-01   1.5200000e-01   1.2637000e-01   1.6289000e-01
   1.8450000e+03   1.9629000e-01   1.5348000e-01   1.2700000e-01   1.6393000e-01
   1.8500000e+03   1.9602000e-01   1.5344000e-01   1.2685000e-01   1.6403000e-01
   1.8550000e+03   1.9636000e-01   1.5390000e-01   1.2727000e-01   1.6454000e-01
   1.8600000e+03   1.9672000e-01   1.5405000e-01   1.2740000e-01   1.6446000e-01
   1.8650000e+03   1.9748000e-01   1.5471000e-01   1.2769000e-01   1.6500000e-01
   1.8700000e+03   1.9838000e-01   1.5554000e-01   1.2807000e-01   1.6574000e-01
   1.8750000e+03   1.9861000e-01   1.5585000e-01   1.2828000e-01   1.6600000e-01
   1.8800000e+03   1.9859000e-01   1.5592000e-01   1.2835000e-01   1.6618000e-01
   1.8850000e+03   1.9951000e-01   1.5678000e-01   1.2874000e-01   1.6699000e-01
   1.8900000e+03   1.9920000e-01   1.5658000e-01   1.2885000e-01   1.6682000e-01
   1.8950000e+03   1.9901000e-01   1.5642000e-01   1.2893000e-01   1.6672000e-01
   1.9000000e+03   1.9937000e-01   1.5683000e-01   1.2920000e-01   1.6709000e-01
   1.9050000e+03   1.9997000e-01   1.5720000e-01   1.2945000e-01   1.6745000e-01
   1.9100000e+03   1.9989000e-01   1.5728000e-01   1.2959000e-01   1.6755000e-01
   1.9150000e+03   2.0102000e-01   1.5775000e-01   1.2978000e-01   1.6817000e-01
   1.9200000e+03   2.0014000e-01   1.5781000e-01   1.3007000e-01   1.6818000e-01
   1.9250000e+03   2.0213000e-01   1.5954000e-01   1.3076000e-01   1.6964000e-01
   1.9300000e+03   2.0146000e-01   1.5889000e-01   1.3065000e-01   1.6904000e-01
   1.9350000e+03   2.0197000e-01   1.5940000e-01   1.3099000e-01   1.6947000e-01
   1.9400000e+03   2.0239000e-01   1.5975000e-01   1.3106000e-01   1.6996000e-01
   1.9450000e+03   2.0240000e-01   1.6027000e-01   1.3135000e-01   1.7014000e-01
   1.9500000e+03   2.0344000e-01   1.6075000e-01   1.3181000e-01   1.7058000e-01
   1.9550000e+03   2.0288000e-01   1.6041000e-01   1.3160000e-01   1.7052000e-01
   1.9600000e+03   2.0464000e-01   1.6173000e-01   1.3237000e-01   1.7115000e-01
   1.9650000e+03   2.0406000e-01   1.6142000e-01   1.3227000e-01   1.7111000e-01
   1.9700000e+03   2.0561000e-01   1.6240000e-01   1.3284000e-01   1.7192000e-01
   1.9750000e+03   2.0506000e-01   1.6216000e-01   1.3283000e-01   1.7186000e-01
   1.9800000e+03   2.0619000e-01   1.6299000e-01   1.3315000e-01   1.7257000e-01
   1.9850000e+03   2.0624000e-01   1.6311000e-01   1.3350000e-01   1.7288000e-01
   1.9900000e+03   2.0717000e-01   1.6383000e-01   1.3384000e-01   1.7315000e-01
   1.9950000e+03   2.0675000e-01   1.6395000e-01   1.3410000e-01   1.7356000e-01
   2.0000000e+03   2.0759000e-01   1.6461000e-01   1.3456000e-01   1.7358000e-01
   2.0050000e+03   2.0834000e-01   1.6529000e-01   1.3538000e-01   1.7451000e-01
   2.0100000e+03   2.0786000e-01   1.6512000e-01   1.3503000e-01   1.7456000e-01
   2.0150000e+03   2.0915000e-01   1.6586000e-01   1.3552000e-01   1.7484000e-01
   2.0200000e+03   2.0827000e-01   1.6551000e-01   1.3546000e-01   1.7500000e-01
   2.0250000e+03   2.0952000e-01   1.6625000e-01   1.3581000e-01   1.7530000e-01
   2.0300000e+03   2.0904000e-01   1.6598000e-01   1.3593000e-01   1.7546000e-01
   2.0350000e+03   2.1013000e-01   1.6673000e-01   1.3643000e-01   1.7583000e-01
   2.0400000e+03   2.0961000e-01   1.6656000e-01   1.3628000e-01   1.7632000e-01
   2.0450000e+03   2.1050000e-01   1.6745000e-01   1.3714000e-01   1.7647000e-01
   2.0500000e+03   2.1041000e-01   1.6748000e-01   1.3695000e-01   1.7688000e-01
   2.0550000e+03   2.1076000e-01   1.6812000e-01   1.3710000e-01   1.7708000e-01
   2.0600000e+03   2.1088000e-01   1.6815000e-01   1.3757000e-01   1.7770000e-01
   2.0650000e+03   2.1137000e-01   1.6852000e-01   1.3782000e-01   1.7743000e-01
   2.0700000e+03   2.1207000e-01   1.6918000e-01   1.3811000e-01   1.7831000e-01
   2.0750000e+03   2.1243000e-01   1.6944000e-01   1.3846000e-01   1.7855000e-01
   2.0800000e+03   2.1318000e-01   1.7017000e-01   1.3880000e-01   1.7907000e-01
   2.0850000e+03   2.1286000e-01   1.7024000e-01   1.3907000e-01   1.7936000e-01
   2.0900000e+03   2.1385000e-01   1.7138000e-01   1.3964000e-01   1.7979000e-01
   2.0950000e+03   2.1349000e-01   1.7104000e-01   1.3966000e-01   1.8003000e-01
   2.1000000e+03   2.1506000e-01   1.7280000e-01   1.4035000e-01   1.8043000e-01
   2.1050000e+03   2.1443000e-01   1.7260000e-01   1.4029000e-01   1.8126000e-01
   2.1100000e+03   2.1628000e-01   1.7367000e-01   1.4072000e-01   1.8132000e-01
   2.1150000e+03   2.1595000e-01   1.7336000e-01   1.4058000e-01   1.8156000e-01
   2.1200000e+03   2.1681000e-01   1.7408000e-01   1.4144000e-01   1.8186000e-01
   2.1250000e+03   2.1689000e-01   1.7426000e-01   1.4195000e-01   1.8251000e-01
   2.1300000e+03   2.1712000e-01   1.7451000e-01   1.4226000e-01   1.8288000e-01
   2.1350000e+03   2.1777000e-01   1.7475000e-01   1.4240000e-01   1.8314000e-01
   2.1400000e+03   2.1716000e-01   1.7460000e-01   1.4236000e-01   1.8329000e-01
   2.1450000e+03   2.1844000e-01   1.7539000e-01   1.4317000e-01   1.8330000e-01
   2.1500000e+03   2.1723000e-01   1.7491000e-01   1.4275000e-01   1.8398000e-01
   2.1550000e+03   2.1882000e-01   1.7604000e-01   1.4365000e-01   1.8415000e-01
   2.1600000e+03   2.1823000e-01   1.7564000e-01   1.4398000e-01   1.8435000e-01
   2.1650000e+03   2.1951000e-01   1.7622000e-01   1.4368000e-01   1.8452000e-01
   2.1700000e+03   2.1882000e-01   1.7624000e-01   1.4379000e-01   1.8480000e-01
   2.1750000e+03   2.1956000e-01   1.7657000e-01   1.4448000e-01   1.8491000e-01
   2.1800000e+03   2.1937000e-01   1.7724000e-01   1.4481000e-01   1.8543000e-01
   2.1850000e+03   2.2025000e-01   1.7779000e-01   1.4502000e-01   1.8568000e-01
   2.1900000e+03   2.2037000e-01   1.7818000e-01   1.4531000e-01   1.8620000e-01
   2.1950000e+03   2.2091000e-01   1.7859000e-01   1.4594000e-01   1.8648000e-01
   2.2000000e+03   2.2192000e-01   1.7939000e-01   1.4679000e-01   1.8667000e-01
   2.2050000e+03   2.2146000e-01   1.7936000e-01   1.4682000e-01   1.8752000e-01
   2.2100000e+03   2.2272000e-01   1.8056000e-01   1.4756000e-01   1.8758000e-01
   2.2150000e+03   2.2347000e-01   1.8096000e-01   1.4793000e-01   1.8847000e-01
   2.2200000e+03   2.2392000e-01   1.8146000e-01   1.4817000e-01   1.8853000e-01
   2.2250000e+03   2.2402000e-01   1.8164000e-01   1.4801000e-01   1.8908000e-01
   2.2300000e+03   2.2446000e-01   1.8278000e-01   1.4867000e-01   1.8929000e-01
   2.2350000e+03   2.2455000e-01   1.8282000e-01   1.4897000e-01   1.8958000e-01
   2.2400000e+03   2.2535000e-01   1.8374000e-01   1.4950000e-01   1.9021000e-01
   2.2450000e+03   2.2572000e-01   1.8419000e-01   1.4997000e-01   1.9062000e-01
   2.2500000e+03   2.2653000e-01   1.8471000e-01   1.5043000e-01   1.9103000e-01
   2.2550000e+03   2.2677000e-01   1.8473000e-01   1.5075000e-01   1.9130000e-01
   2.2600000e+03   2.2773000e-01   1.8552000e-01   1.5131000e-01   1.9203000e-01
   2.2650000e+03   2.2810000e-01   1.8591000e-01   1.5189000e-01   1.9215000e-01
   2.2700000e+03   2.2759000e-01   1.8598000e-01   1.5213000e-01   1.9254000e-01
   2.2750000e+03   2.2937000e-01   1.8701000e-01   1.5280000e-01   1.9284000e-01
   2.2800000e+03   2.2784000e-01   1.8658000e-01   1.5263000e-01   1.9319000e-01
   2.2850000e+03   2.2956000e-01   1.8757000e-01   1.5346000e-01   1.9360000e-01
   2.2900000e+03   2.2881000e-01   1.8757000e-01   1.5357000e-01   1.9370000e-01
   2.2950000e+03   2.3024000e-01   1.8841000e-01   1.5453000e-01   1.9464000e-01
   2.3000000e+03   2.2990000e-01   1.8868000e-01   1.5493000e-01   1.9494000e-01
   2.3050000e+03   2.3081000e-01   1.8948000e-01   1.5545000e-01   1.9586000e-01
   2.3100000e+03   2.3067000e-01   1.8905000e-01   1.5537000e-01   1.9575000e-01
   2.3150000e+03   2.3130000e-01   1.8970000e-01   1.5573000e-01   1.9625000e-01
   2.3200000e+03   2.3106000e-01   1.8971000e-01   1.5598000e-01   1.9603000e-01
   2.3250000e+03   2.3144000e-01   1.9008000e-01   1.5621000e-01   1.9641000e-01
   2.3300000e+03   2.3262000e-01   1.9148000e-01   1.5697000e-01   1.9708000e-01
   2.3350000e+03   2.3226000e-01   1.9058000e-01   1.5692000e-01   1.9731000e-01
   2.3400000e+03   2.3318000e-01   1.9210000e-01   1.5780000e-01   1.9813000e-01
   2.3450000e+03   2.3302000e-01   1.9151000e-01   1.5815000e-01   1.9832000e-01
   2.3500000e+03   2.3492000e-01   1.9264000e-01   1.5868000e-01   1.9895000e-01
   2.3550000e+03   2.3328000e-01   1.9241000e-01   1.5877000e-01   1.9861000e-01
   2.3600000e+03   2.3499000e-01   1.9329000e-01   1.5924000e-01   1.9913000e-01
   2.3650000e+03   2.3443000e-01   1.9327000e-01   1.5901000e-01   1.9926000e-01
   2.3700000e+03   2.3507000e-01   1.9415000e-01   1.5939000e-01   1.9963000e-01
   2.3750000e+03   2.3554000e-01   1.9466000e-01   1.6027000e-01   2.0014000e-01
   2.3800000e+03   2.3503000e-01   1.9508000e-01   1.6045000e-01   2.0026000e-01
   2.3850000e+03   2.3584000e-01   1.9589000e-01   1.6103000e-01   2.0075000e-01
   2.3900000e+03   2.3524000e-01   1.9584000e-01   1.6146000e-01   2.0098000e-01
   2.3950000e+03   2.3644000e-01   1.9685000e-01   1.6206000e-01   2.0181000e-01
   2.4000000e+03   2.3595000e-01   1.9680000e-01   1.6231000e-01   2.0178000e-01
   2.4050000e+03   2.3671000e-01   1.9747000e-01   1.6271000e-01   2.0232000e-01
   2.4100000e+03   2.3629000e-01   1.9736000e-01   1.6278000e-01   2.0223000e-01
   2.4150000e+03   2.3729000e-01   1.9854000e-01   1.6421000e-01   2.0307000e-01
   2.4200000e+03   2.3704000e-01   1.9830000e-01   1.6379000e-01   2.0298000e-01
   2.4250000e+03   2.3872000e-01   2.0004000e-01   1.6465000e-01   2.0447000e-01
   2.4300000e+03   2.3856000e-01   1.9966000e-01   1.6465000e-01   2.0464000e-01
   2.4350000e+03   2.3902000e-01   1.9973000e-01   1.6503000e-01   2.0433000e-01
   2.4400000e+03   2.3880000e-01   1.9976000e-01   1.6539000e-01   2.0511000e-01
   2.4450000e+03   2.3902000e-01   1.9994000e-01   1.6565000e-01   2.0474000e-01
   2.4500000e+03   2.3876000e-01   2.0021000e-01   1.6589000e-01   2.0525000e-01
   2.4550000e+03   2.3954000e-01   2.0067000e-01   1.6643000e-01   2.0532000e-01
   2.4600000e+03   2.3917000e-01   2.0070000e-01   1.6660000e-01   2.0570000e-01
   2.4650000e+03   2.3935000e-01   2.0121000e-01   1.6724000e-01   2.0554000e-01
   2.4700000e+03   2.3924000e-01   2.0123000e-01   1.6770000e-01   2.0577000e-01
   2.4750000e+03   2.4008000e-01   2.0219000e-01   1.6812000e-01   2.0609000e-01
   2.4800000e+03   2.4107000e-01   2.0306000e-01   1.6894000e-01   2.0757000e-01
   2.4850000e+03   2.4045000e-01   2.0291000e-01   1.6872000e-01   2.0735000e-01
   2.4900000e+03   2.4106000e-01   2.0390000e-01   1.6948000e-01   2.0794000e-01
   2.4950000e+03   2.4053000e-01   2.0356000e-01   1.6946000e-01   2.0808000e-01
   2.5000000e+03   2.4091000e-01   2.0443000e-01   1.7007000e-01   2.0830000e-01
   2.5050000e+03   2.3995000e-01   2.0380000e-01   1.7016000e-01   2.0798000e-01
   2.5100000e+03   2.4180000e-01   2.0493000e-01   1.7086000e-01   2.0881000e-01
   2.5150000e+03   2.4072000e-01   2.0408000e-01   1.7046000e-01   2.0853000e-01
   2.5200000e+03   2.4304000e-01   2.0591000e-01   1.7197000e-01   2.0938000e-01
   2.5250000e+03   2.4156000e-01   2.0501000e-01   1.7174000e-01   2.0888000e-01
   2.5300000e+03   2.4174000e-01   2.0477000e-01   1.7227000e-01   2.0898000e-01
   2.5350000e+03   2.4244000e-01   2.0541000e-01   1.7214000e-01   2.0974000e-01
   2.5400000e+03   2.4257000e-01   2.0605000e-01   1.7316000e-01   2.0996000e-01
   2.5450000e+03   2.4394000e-01   2.0759000e-01   1.7389000e-01   2.1086000e-01
   2.5500000e+03   2.4241000e-01   2.0650000e-01   1.7404000e-01   2.1118000e-01
   2.5550000e+03   2.4307000e-01   2.0751000e-01   1.7455000e-01   2.1041000e-01
   2.5600000e+03   2.4411000e-01   2.0877000e-01   1.7525000e-01   2.1197000e-01
   2.5650000e+03   2.4422000e-01   2.0908000e-01   1.7569000e-01   2.1220000e-01
   2.5700000e+03   2.4386000e-01   2.0884000e-01   1.7601000e-01   2.1228000e-01
   2.5750000e+03   2.4514000e-01   2.1012000e-01   1.7669000e-01   2.1237000e-01
   2.5800000e+03   2.4630000e-01   2.1121000e-01   1.7747000e-01   2.1401000e-01
   2.5850000e+03   2.4474000e-01   2.0954000e-01   1.7730000e-01   2.1328000e-01
   2.5900000e+03   2.4779000e-01   2.1249000e-01   1.7852000e-01   2.1419000e-01
   2.5950000e+03   2.4990000e-01   2.1456000e-01   1.7930000e-01   2.1525000e-01
   2.6000000e+03   2.5185000e-01   2.1649000e-01   1.7996000e-01   2.1618000e-01
