   3.0000000e+02   1.2686000e-01   9.3861000e-02   8.2419000e-02   1.0279000e-01
   3.0500000e+02   1.3156000e-01   9.7497000e-02   8.2889000e-02   1.0862000e-01
   3.1000000e+02   1.3506000e-01   1.0057000e-01   8.5313000e-02   1.1002000e-01
   3.1500000e+02   1.3798000e-01   1.0345000e-01   8.8202000e-02   1.1312000e-01
   3.2000000e+02   1.4181000e-01   1.0503000e-01   8.9168000e-02   1.1525000e-01
   3.2500000e+02   1.4557000e-01   1.0834000e-01   9.0812000e-02   1.1747000e-01
   3.3000000e+02   1.5038000e-01   1.1162000e-01   9.2526000e-02   1.2085000e-01
   3.3500000e+02   1.5377000e-01   1.1493000e-01   9.4662000e-02   1.2438000e-01
   3.4000000e+02   1.5927000e-01   1.1883000e-01   9.6912000e-02   1.2667000e-01
   3.4500000e+02   1.6377000e-01   1.2140000e-01   9.9749000e-02   1.3057000e-01
   3.5000000e+02   1.6878000e-01   1.2639000e-01   1.0153000e-01   1.3449000e-01
   3.5500000e+02   1.7324000e-01   1.3034000e-01   1.0482000e-01   1.3862000e-01
   3.6000000e+02   1.7828000e-01   1.3489000e-01   1.0801000e-01   1.4256000e-01
   3.6500000e+02   1.8303000e-01   1.3842000e-01   1.1150000e-01   1.4646000e-01
   3.7000000e+02   1.8720000e-01   1.4251000e-01   1.1437000e-01   1.5019000e-01
   3.7500000e+02   1.9190000e-01   1.4606000e-01   1.1728000e-01   1.5342000e-01
   3.8000000e+02   1.9500000e-01   1.4885000e-01   1.2024000e-01   1.5750000e-01
   3.8500000e+02   1.9930000e-01   1.5230000e-01   1.2202000e-01   1.6028000e-01
   3.9000000e+02   2.0249000e-01   1.5550000e-01   1.2448000e-01   1.6382000e-01
   3.9500000e+02   2.0546000e-01   1.5857000e-01   1.2702000e-01   1.6734000e-01
   4.0000000e+02   2.0844000e-01   1.6208000e-01   1.3036000e-01   1.7000000e-01
   4.0500000e+02   2.1148000e-01   1.6453000e-01   1.3287000e-01   1.7274000e-01
   4.1000000e+02   2.1518000e-01   1.6766000e-01   1.3493000e-01   1.7528000e-01
   4.1500000e+02   2.1820000e-01   1.7024000e-01   1.3699000e-01   1.7798000e-01
   4.2000000e+02   2.2122000e-01   1.7274000e-01   1.3857000e-01   1.8014000e-01
   4.2500000e+02   2.2418000e-01   1.7497000e-01   1.4062000e-01   1.8253000e-01
   4.3000000e+02   2.2713000e-01   1.7755000e-01   1.4226000e-01   1.8478000e-01
   4.3500000e+02   2.3001000e-01   1.7979000e-01   1.4344000e-01   1.8670000e-01
   4.4000000e+02   2.3257000e-01   1.8193000e-01   1.4562000e-01   1.8919000e-01
   4.4500000e+02   2.3555000e-01   1.8396000e-01   1.4657000e-01   1.9061000e-01
   4.5000000e+02   2.3718000e-01   1.8581000e-01   1.4850000e-01   1.9282000e-01
   4.5500000e+02   2.4030000e-01   1.8791000e-01   1.4931000e-01   1.9444000e-01
   4.6000000e+02   2.4163000e-01   1.8928000e-01   1.5071000e-01   1.9625000e-01
   4.6500000e+02   2.4437000e-01   1.9127000e-01   1.5077000e-01   1.9774000e-01
   4.7000000e+02   2.4610000e-01   1.9255000e-01   1.5228000e-01   1.9957000e-01
   4.7500000e+02   2.4868000e-01   1.9441000e-01   1.5362000e-01   2.0118000e-01
   4.8000000e+02   2.5091000e-01   1.9597000e-01   1.5504000e-01   2.0275000e-01
   4.8500000e+02   2.5290000e-01   1.9735000e-01   1.5578000e-01   2.0421000e-01
   4.9000000e+02   2.5523000e-01   1.9903000e-01   1.5707000e-01   2.0577000e-01
   4.9500000e+02   2.5744000e-01   2.0061000e-01   1.5923000e-01   2.0762000e-01
   5.0000000e+02   2.5954000e-01   2.0195000e-01   1.6013000e-01   2.0862000e-01
   5.0500000e+02   2.6136000e-01   2.0315000e-01   1.5933000e-01   2.0969000e-01
   5.1000000e+02   2.6349000e-01   2.0483000e-01   1.6145000e-01   2.1154000e-01
   5.1500000e+02   2.6554000e-01   2.0675000e-01   1.6282000e-01   2.1345000e-01
   5.2000000e+02   2.6754000e-01   2.0833000e-01   1.6369000e-01   2.1498000e-01
   5.2500000e+02   2.7005000e-01   2.1005000e-01   1.6612000e-01   2.1663000e-01
   5.3000000e+02   2.7129000e-01   2.1134000e-01   1.6707000e-01   2.1799000e-01
   5.3500000e+02   2.7338000e-01   2.1304000e-01   1.6740000e-01   2.1900000e-01
   5.4000000e+02   2.7437000e-01   2.1404000e-01   1.6848000e-01   2.2049000e-01
   5.4500000e+02   2.7654000e-01   2.1551000e-01   1.6851000e-01   2.2169000e-01
   5.5000000e+02   2.7733000e-01   2.1671000e-01   1.6954000e-01   2.2280000e-01
   5.5500000e+02   2.7905000e-01   2.1846000e-01   1.7087000e-01   2.2378000e-01
   5.6000000e+02   2.8053000e-01   2.1995000e-01   1.7240000e-01   2.2536000e-01
   5.6500000e+02   2.8244000e-01   2.2117000e-01   1.7213000e-01   2.2618000e-01
   5.7000000e+02   2.8330000e-01   2.2249000e-01   1.7308000e-01   2.2746000e-01
   5.7500000e+02   2.8565000e-01   2.2394000e-01   1.7424000e-01   2.2867000e-01
   5.8000000e+02   2.8672000e-01   2.2489000e-01   1.7511000e-01   2.2995000e-01
   5.8500000e+02   2.8838000e-01   2.2635000e-01   1.7533000e-01   2.3086000e-01
   5.9000000e+02   2.8918000e-01   2.2728000e-01   1.7669000e-01   2.3157000e-01
   5.9500000e+02   2.9107000e-01   2.2889000e-01   1.7780000e-01   2.3285000e-01
   6.0000000e+02   2.9199000e-01   2.2982000e-01   1.7872000e-01   2.3374000e-01
   6.0500000e+02   2.9432000e-01   2.3097000e-01   1.7947000e-01   2.3507000e-01
   6.1000000e+02   2.9497000e-01   2.3203000e-01   1.8010000e-01   2.3582000e-01
   6.1500000e+02   2.9623000e-01   2.3334000e-01   1.8154000e-01   2.3736000e-01
   6.2000000e+02   2.9748000e-01   2.3440000e-01   1.8185000e-01   2.3806000e-01
   6.2500000e+02   2.9818000e-01   2.3539000e-01   1.8287000e-01   2.3941000e-01
   6.3000000e+02   2.9962000e-01   2.3633000e-01   1.8310000e-01   2.4018000e-01
   6.3500000e+02   3.0043000e-01   2.3727000e-01   1.8305000e-01   2.4122000e-01
   6.4000000e+02   3.0181000e-01   2.3827000e-01   1.8419000e-01   2.4204000e-01
   6.4500000e+02   3.0285000e-01   2.3915000e-01   1.8646000e-01   2.4328000e-01
   6.5000000e+02   3.0438000e-01   2.3998000e-01   1.8642000e-01   2.4406000e-01
   6.5500000e+02   3.0565000e-01   2.4122000e-01   1.8674000e-01   2.4540000e-01
   6.6000000e+02   3.0698000e-01   2.4183000e-01   1.8758000e-01   2.4593000e-01
   6.6500000e+02   3.0843000e-01   2.4281000e-01   1.8818000e-01   2.4701000e-01
   6.7000000e+02   3.0990000e-01   2.4369000e-01   1.8920000e-01   2.4799000e-01
   6.7500000e+02   3.1140000e-01   2.4457000e-01   1.9004000e-01   2.4892000e-01
   6.8000000e+02   3.1212000e-01   2.4528000e-01   1.9097000e-01   2.5006000e-01
   6.8500000e+02   3.1374000e-01   2.4608000e-01   1.9286000e-01   2.5077000e-01
   6.9000000e+02   3.1460000e-01   2.4713000e-01   1.9402000e-01   2.5176000e-01
   6.9500000e+02   3.1590000e-01   2.4804000e-01   1.9392000e-01   2.5253000e-01
   7.0000000e+02   3.1663000e-01   2.4882000e-01   1.9527000e-01   2.5369000e-01
   7.0500000e+02   3.1823000e-01   2.5003000e-01   1.9651000e-01   2.5481000e-01
   7.1000000e+02   3.1931000e-01   2.5095000e-01   1.9696000e-01   2.5567000e-01
   7.1500000e+02   3.2029000e-01   2.5149000e-01   1.9827000e-01   2.5657000e-01
   7.2000000e+02   3.2178000e-01   2.5301000e-01   1.9902000e-01   2.5733000e-01
   7.2500000e+02   3.2327000e-01   2.5355000e-01   1.9887000e-01   2.5874000e-01
   7.3000000e+02   3.2515000e-01   2.5506000e-01   1.9876000e-01   2.5920000e-01
   7.3500000e+02   3.2574000e-01   2.5581000e-01   2.0062000e-01   2.6020000e-01
   7.4000000e+02   3.2722000e-01   2.5682000e-01   1.9945000e-01   2.6050000e-01
   7.4500000e+02   3.2797000e-01   2.5769000e-01   2.0096000e-01   2.6197000e-01
   7.5000000e+02   3.2944000e-01   2.5899000e-01   2.0087000e-01   2.6232000e-01
   7.5500000e+02   3.2993000e-01   2.5924000e-01   2.0218000e-01   2.6318000e-01
   7.6000000e+02   3.3069000e-01   2.6017000e-01   2.0099000e-01   2.6359000e-01
   7.6500000e+02   3.3203000e-01   2.6062000e-01   2.0170000e-01   2.6376000e-01
   7.7000000e+02   3.3245000e-01   2.6110000e-01   2.0016000e-01   2.6472000e-01
   7.7500000e+02   3.3391000e-01   2.6171000e-01   1.9995000e-01   2.6484000e-01
   7.8000000e+02   3.3431000e-01   2.6185000e-01   1.9935000e-01   2.6562000e-01
   7.8500000e+02   3.3537000e-01   2.6204000e-01   1.9918000e-01   2.6580000e-01
   7.9000000e+02   3.3580000e-01   2.6169000e-01   1.9860000e-01   2.6593000e-01
   7.9500000e+02   3.3655000e-01   2.6168000e-01   1.9797000e-01   2.6550000e-01
   8.0000000e+02   3.3694000e-01   2.6102000e-01   1.9658000e-01   2.6535000e-01
   8.0500000e+02   3.3778000e-01   2.6058000e-01   1.9604000e-01   2.6509000e-01
   8.1000000e+02   3.3891000e-01   2.6005000e-01   1.9377000e-01   2.6402000e-01
   8.1500000e+02   3.3834000e-01   2.5919000e-01   1.9236000e-01   2.6396000e-01
   8.2000000e+02   3.3986000e-01   2.5901000e-01   1.9071000e-01   2.6257000e-01
   8.2500000e+02   3.3919000e-01   2.5784000e-01   1.8984000e-01   2.6286000e-01
   8.3000000e+02   3.4070000e-01   2.5738000e-01   1.8717000e-01   2.6097000e-01
   8.3500000e+02   3.4017000e-01   2.5650000e-01   1.8581000e-01   2.6041000e-01
   8.4000000e+02   3.4000000e-01   2.5534000e-01   1.8402000e-01   2.5941000e-01
   8.4500000e+02   3.4067000e-01   2.5438000e-01   1.8185000e-01   2.5788000e-01
   8.5000000e+02   3.3997000e-01   2.5369000e-01   1.7985000e-01   2.5735000e-01
   8.5500000e+02   3.3938000e-01   2.5181000e-01   1.7748000e-01   2.5560000e-01
   8.6000000e+02   3.3914000e-01   2.5078000e-01   1.7531000e-01   2.5496000e-01
   8.6500000e+02   3.3852000e-01   2.4911000e-01   1.7330000e-01   2.5294000e-01
   8.7000000e+02   3.3757000e-01   2.4762000e-01   1.7064000e-01   2.5145000e-01
   8.7500000e+02   3.3731000e-01   2.4611000e-01   1.6832000e-01   2.5023000e-01
   8.8000000e+02   3.3706000e-01   2.4430000e-01   1.6545000e-01   2.4866000e-01
   8.8500000e+02   3.3673000e-01   2.4311000e-01   1.6412000e-01   2.4815000e-01
   8.9000000e+02   3.3617000e-01   2.4150000e-01   1.6196000e-01   2.4652000e-01
   8.9500000e+02   3.3522000e-01   2.4089000e-01   1.6098000e-01   2.4598000e-01
   9.0000000e+02   3.3568000e-01   2.3925000e-01   1.5977000e-01   2.4437000e-01
   9.0500000e+02   3.3590000e-01   2.3827000e-01   1.5856000e-01   2.4409000e-01
   9.1000000e+02   3.3477000e-01   2.3806000e-01   1.5769000e-01   2.4367000e-01
   9.1500000e+02   3.3463000e-01   2.3723000e-01   1.5689000e-01   2.4335000e-01
   9.2000000e+02   3.3468000e-01   2.3667000e-01   1.5596000e-01   2.4227000e-01
   9.2500000e+02   3.3466000e-01   2.3589000e-01   1.5578000e-01   2.4246000e-01
   9.3000000e+02   3.3474000e-01   2.3644000e-01   1.5526000e-01   2.4212000e-01
   9.3500000e+02   3.3535000e-01   2.3644000e-01   1.5569000e-01   2.4245000e-01
   9.4000000e+02   3.3653000e-01   2.3713000e-01   1.5613000e-01   2.4254000e-01
   9.4500000e+02   3.3656000e-01   2.3767000e-01   1.5633000e-01   2.4344000e-01
   9.5000000e+02   3.3730000e-01   2.3848000e-01   1.5651000e-01   2.4413000e-01
   9.5500000e+02   3.3764000e-01   2.3941000e-01   1.5708000e-01   2.4500000e-01
   9.6000000e+02   3.3914000e-01   2.4041000e-01   1.5855000e-01   2.4649000e-01
   9.6500000e+02   3.4028000e-01   2.4161000e-01   1.5994000e-01   2.4743000e-01
   9.7000000e+02   3.4082000e-01   2.4331000e-01   1.6110000e-01   2.4879000e-01
   9.7500000e+02   3.4249000e-01   2.4566000e-01   1.6314000e-01   2.5065000e-01
   9.8000000e+02   3.4334000e-01   2.4741000e-01   1.6504000e-01   2.5207000e-01
   9.8500000e+02   3.4511000e-01   2.4987000e-01   1.6665000e-01   2.5413000e-01
   9.9000000e+02   3.4594000e-01   2.5185000e-01   1.6895000e-01   2.5594000e-01
   9.9500000e+02   3.4751000e-01   2.5401000e-01   1.7102000e-01   2.5769000e-01
   1.0000000e+03   3.4891000e-01   2.5594000e-01   1.7263000e-01   2.5961000e-01
   1.0050000e+03   3.5069000e-01   2.5861000e-01   1.7435000e-01   2.6193000e-01
   1.0100000e+03   3.5149000e-01   2.6117000e-01   1.7706000e-01   2.6373000e-01
   1.0150000e+03   3.5312000e-01   2.6328000e-01   1.7875000e-01   2.6586000e-01
   1.0200000e+03   3.5478000e-01   2.6547000e-01   1.8128000e-01   2.6790000e-01
   1.0250000e+03   3.5583000e-01   2.6787000e-01   1.8461000e-01   2.7012000e-01
   1.0300000e+03   3.5703000e-01   2.7051000e-01   1.8746000e-01   2.7223000e-01
   1.0350000e+03   3.5809000e-01   2.7264000e-01   1.8965000e-01   2.7420000e-01
   1.0400000e+03   3.5931000e-01   2.7429000e-01   1.9219000e-01   2.7584000e-01
   1.0450000e+03   3.6022000e-01   2.7638000e-01   1.9422000e-01   2.7762000e-01
   1.0500000e+03   3.6166000e-01   2.7825000e-01   1.9709000e-01   2.7932000e-01
   1.0550000e+03   3.6274000e-01   2.8024000e-01   1.9928000e-01   2.8133000e-01
   1.0600000e+03   3.6429000e-01   2.8208000e-01   2.0228000e-01   2.8314000e-01
   1.0650000e+03   3.6475000e-01   2.8397000e-01   2.0284000e-01   2.8497000e-01
   1.0700000e+03   3.6553000e-01   2.8535000e-01   2.0472000e-01   2.8640000e-01
   1.0750000e+03   3.6671000e-01   2.8693000e-01   2.0778000e-01   2.8812000e-01
   1.0800000e+03   3.6741000e-01   2.8852000e-01   2.0944000e-01   2.8914000e-01
   1.0850000e+03   3.6858000e-01   2.8987000e-01   2.1130000e-01   2.9088000e-01
   1.0900000e+03   3.6942000e-01   2.9138000e-01   2.1299000e-01   2.9226000e-01
   1.0950000e+03   3.7014000e-01   2.9226000e-01   2.1397000e-01   2.9312000e-01
   1.1000000e+03   3.7116000e-01   2.9419000e-01   2.1529000e-01   2.9498000e-01
   1.1050000e+03   3.7244000e-01   2.9501000e-01   2.1702000e-01   2.9565000e-01
   1.1100000e+03   3.7300000e-01   2.9565000e-01   2.1857000e-01   2.9692000e-01
   1.1150000e+03   3.7344000e-01   2.9741000e-01   2.1965000e-01   2.9783000e-01
   1.1200000e+03   3.7428000e-01   2.9844000e-01   2.2141000e-01   2.9906000e-01
   1.1250000e+03   3.7565000e-01   2.9928000e-01   2.2311000e-01   2.9988000e-01
   1.1300000e+03   3.7628000e-01   3.0042000e-01   2.2407000e-01   3.0081000e-01
   1.1350000e+03   3.7579000e-01   3.0095000e-01   2.2397000e-01   3.0133000e-01
   1.1400000e+03   3.7698000e-01   3.0181000e-01   2.2580000e-01   3.0250000e-01
   1.1450000e+03   3.7748000e-01   3.0292000e-01   2.2674000e-01   3.0325000e-01
   1.1500000e+03   3.7846000e-01   3.0348000e-01   2.2819000e-01   3.0400000e-01
   1.1550000e+03   3.8002000e-01   3.0441000e-01   2.2918000e-01   3.0475000e-01
   1.1600000e+03   3.8019000e-01   3.0488000e-01   2.2963000e-01   3.0551000e-01
   1.1650000e+03   3.8112000e-01   3.0562000e-01   2.3046000e-01   3.0562000e-01
   1.1700000e+03   3.8116000e-01   3.0636000e-01   2.3121000e-01   3.0675000e-01
   1.1750000e+03   3.8139000e-01   3.0753000e-01   2.3217000e-01   3.0745000e-01
   1.1800000e+03   3.8258000e-01   3.0757000e-01   2.3295000e-01   3.0796000e-01
   1.1850000e+03   3.8287000e-01   3.0839000e-01   2.3373000e-01   3.0859000e-01
   1.1900000e+03   3.8389000e-01   3.0890000e-01   2.3458000e-01   3.0875000e-01
   1.1950000e+03   3.8401000e-01   3.0994000e-01   2.3527000e-01   3.0963000e-01
   1.2000000e+03   3.8439000e-01   3.1035000e-01   2.3576000e-01   3.1020000e-01
   1.2050000e+03   3.8463000e-01   3.1122000e-01   2.3665000e-01   3.1104000e-01
   1.2100000e+03   3.8516000e-01   3.1234000e-01   2.3736000e-01   3.1184000e-01
   1.2150000e+03   3.8563000e-01   3.1290000e-01   2.3792000e-01   3.1206000e-01
   1.2200000e+03   3.8669000e-01   3.1356000e-01   2.3858000e-01   3.1284000e-01
   1.2250000e+03   3.8671000e-01   3.1416000e-01   2.3938000e-01   3.1326000e-01
   1.2300000e+03   3.8715000e-01   3.1531000e-01   2.3973000e-01   3.1382000e-01
   1.2350000e+03   3.8757000e-01   3.1577000e-01   2.4006000e-01   3.1429000e-01
   1.2400000e+03   3.8819000e-01   3.1625000e-01   2.4056000e-01   3.1432000e-01
   1.2450000e+03   3.8846000e-01   3.1748000e-01   2.4092000e-01   3.1519000e-01
   1.2500000e+03   3.8942000e-01   3.1755000e-01   2.4135000e-01   3.1572000e-01
   1.2550000e+03   3.9001000e-01   3.1923000e-01   2.4167000e-01   3.1640000e-01
   1.2600000e+03   3.9014000e-01   3.1978000e-01   2.4208000e-01   3.1714000e-01
   1.2650000e+03   3.9150000e-01   3.2028000e-01   2.4232000e-01   3.1787000e-01
   1.2700000e+03   3.9245000e-01   3.2120000e-01   2.4279000e-01   3.1876000e-01
   1.2750000e+03   3.9293000e-01   3.2192000e-01   2.4327000e-01   3.1920000e-01
   1.2800000e+03   3.9324000e-01   3.2216000e-01   2.4393000e-01   3.1958000e-01
   1.2850000e+03   3.9476000e-01   3.2321000e-01   2.4481000e-01   3.2021000e-01
   1.2900000e+03   3.9549000e-01   3.2412000e-01   2.4578000e-01   3.2109000e-01
   1.2950000e+03   3.9635000e-01   3.2462000e-01   2.4675000e-01   3.2140000e-01
   1.3000000e+03   3.9690000e-01   3.2487000e-01   2.4767000e-01   3.2225000e-01
   1.3050000e+03   3.9823000e-01   3.2634000e-01   2.4851000e-01   3.2277000e-01
   1.3100000e+03   3.9878000e-01   3.2687000e-01   2.4922000e-01   3.2345000e-01
   1.3150000e+03   3.9969000e-01   3.2736000e-01   2.5026000e-01   3.2428000e-01
   1.3200000e+03   4.0038000e-01   3.2825000e-01   2.5132000e-01   3.2493000e-01
   1.3250000e+03   4.0095000e-01   3.2907000e-01   2.5224000e-01   3.2579000e-01
   1.3300000e+03   4.0147000e-01   3.2926000e-01   2.5295000e-01   3.2680000e-01
   1.3350000e+03   4.0203000e-01   3.3056000e-01   2.5385000e-01   3.2720000e-01
   1.3400000e+03   4.0251000e-01   3.3128000e-01   2.5447000e-01   3.2830000e-01
   1.3450000e+03   4.0271000e-01   3.3186000e-01   2.5453000e-01   3.2832000e-01
   1.3500000e+03   4.0321000e-01   3.3246000e-01   2.5494000e-01   3.2915000e-01
   1.3550000e+03   4.0374000e-01   3.3200000e-01   2.5617000e-01   3.3025000e-01
   1.3600000e+03   4.0473000e-01   3.3307000e-01   2.5713000e-01   3.3006000e-01
   1.3650000e+03   4.0631000e-01   3.3449000e-01   2.5828000e-01   3.3087000e-01
   1.3700000e+03   4.0696000e-01   3.3481000e-01   2.5903000e-01   3.3140000e-01
   1.3750000e+03   4.0848000e-01   3.3573000e-01   2.6058000e-01   3.3239000e-01
   1.3800000e+03   4.0893000e-01   3.3663000e-01   2.6136000e-01   3.3354000e-01
   1.3850000e+03   4.0949000e-01   3.3845000e-01   2.6208000e-01   3.3378000e-01
   1.3900000e+03   4.0996000e-01   3.3849000e-01   2.6231000e-01   3.3480000e-01
   1.3950000e+03   4.1085000e-01   3.3956000e-01   2.6308000e-01   3.3586000e-01
   1.4000000e+03   4.1035000e-01   3.4020000e-01   2.6330000e-01   3.3696000e-01
   1.4050000e+03   4.1119000e-01   3.4110000e-01   2.6374000e-01   3.3710000e-01
   1.4100000e+03   4.1175000e-01   3.4232000e-01   2.6463000e-01   3.3805000e-01
   1.4150000e+03   4.1256000e-01   3.4213000e-01   2.6580000e-01   3.3818000e-01
   1.4200000e+03   4.1379000e-01   3.4316000e-01   2.6696000e-01   3.3901000e-01
   1.4250000e+03   4.1432000e-01   3.4439000e-01   2.6771000e-01   3.3983000e-01
   1.4300000e+03   4.1524000e-01   3.4552000e-01   2.6842000e-01   3.4004000e-01
   1.4350000e+03   4.1588000e-01   3.4639000e-01   2.6899000e-01   3.4071000e-01
   1.4400000e+03   4.1638000e-01   3.4741000e-01   2.6924000e-01   3.4089000e-01
   1.4450000e+03   4.1666000e-01   3.4795000e-01   2.6957000e-01   3.4221000e-01
   1.4500000e+03   4.1762000e-01   3.4861000e-01   2.6949000e-01   3.4253000e-01
   1.4550000e+03   4.1864000e-01   3.4976000e-01   2.6986000e-01   3.4310000e-01
   1.4600000e+03   4.1871000e-01   3.4967000e-01   2.7025000e-01   3.4326000e-01
   1.4650000e+03   4.1890000e-01   3.4992000e-01   2.7094000e-01   3.4396000e-01
   1.4700000e+03   4.1958000e-01   3.5060000e-01   2.7133000e-01   3.4480000e-01
   1.4750000e+03   4.2062000e-01   3.5080000e-01   2.7188000e-01   3.4531000e-01
   1.4800000e+03   4.2057000e-01   3.5163000e-01   2.7240000e-01   3.4554000e-01
   1.4850000e+03   4.2151000e-01   3.5227000e-01   2.7290000e-01   3.4622000e-01
   1.4900000e+03   4.2248000e-01   3.5311000e-01   2.7305000e-01   3.4617000e-01
   1.4950000e+03   4.2174000e-01   3.5302000e-01   2.7330000e-01   3.4690000e-01
   1.5000000e+03   4.2257000e-01   3.5324000e-01   2.7360000e-01   3.4666000e-01
   1.5050000e+03   4.2304000e-01   3.5380000e-01   2.7356000e-01   3.4825000e-01
   1.5100000e+03   4.2423000e-01   3.5462000e-01   2.7359000e-01   3.4794000e-01
   1.5150000e+03   4.2393000e-01   3.5417000e-01   2.7368000e-01   3.4791000e-01
   1.5200000e+03   4.2436000e-01   3.5458000e-01   2.7386000e-01   3.4880000e-01
   1.5250000e+03   4.2519000e-01   3.5510000e-01   2.7388000e-01   3.4859000e-01
   1.5300000e+03   4.2504000e-01   3.5521000e-01   2.7395000e-01   3.4903000e-01
   1.5350000e+03   4.2574000e-01   3.5589000e-01   2.7402000e-01   3.4940000e-01
   1.5400000e+03   4.2579000e-01   3.5600000e-01   2.7405000e-01   3.4949000e-01
   1.5450000e+03   4.2647000e-01   3.5561000e-01   2.7411000e-01   3.4987000e-01
   1.5500000e+03   4.2652000e-01   3.5605000e-01   2.7427000e-01   3.5036000e-01
   1.5550000e+03   4.2691000e-01   3.5637000e-01   2.7457000e-01   3.5012000e-01
   1.5600000e+03   4.2858000e-01   3.5744000e-01   2.7455000e-01   3.5052000e-01
   1.5650000e+03   4.2878000e-01   3.5733000e-01   2.7480000e-01   3.5035000e-01
   1.5700000e+03   4.2856000e-01   3.5747000e-01   2.7495000e-01   3.5071000e-01
   1.5750000e+03   4.2913000e-01   3.5778000e-01   2.7503000e-01   3.5110000e-01
   1.5800000e+03   4.2916000e-01   3.5792000e-01   2.7510000e-01   3.5136000e-01
   1.5850000e+03   4.2920000e-01   3.5830000e-01   2.7536000e-01   3.5118000e-01
   1.5900000e+03   4.2950000e-01   3.5839000e-01   2.7531000e-01   3.5160000e-01
   1.5950000e+03   4.3006000e-01   3.5906000e-01   2.7537000e-01   3.5170000e-01
   1.6000000e+03   4.3036000e-01   3.5964000e-01   2.7545000e-01   3.5181000e-01
   1.6050000e+03   4.3062000e-01   3.5983000e-01   2.7534000e-01   3.5183000e-01
   1.6100000e+03   4.3093000e-01   3.5996000e-01   2.7520000e-01   3.5217000e-01
   1.6150000e+03   4.3111000e-01   3.5978000e-01   2.7523000e-01   3.5137000e-01
   1.6200000e+03   4.3180000e-01   3.6073000e-01   2.7523000e-01   3.5205000e-01
   1.6250000e+03   4.3166000e-01   3.6053000e-01   2.7503000e-01   3.5256000e-01
   1.6300000e+03   4.3153000e-01   3.6035000e-01   2.7483000e-01   3.5165000e-01
   1.6350000e+03   4.3226000e-01   3.6071000e-01   2.7489000e-01   3.5194000e-01
   1.6400000e+03   4.3244000e-01   3.6051000e-01   2.7487000e-01   3.5214000e-01
   1.6450000e+03   4.3287000e-01   3.6113000e-01   2.7458000e-01   3.5282000e-01
   1.6500000e+03   4.3178000e-01   3.6054000e-01   2.7451000e-01   3.5332000e-01
   1.6550000e+03   4.3268000e-01   3.6071000e-01   2.7429000e-01   3.5249000e-01
   1.6600000e+03   4.3299000e-01   3.6148000e-01   2.7411000e-01   3.5271000e-01
   1.6650000e+03   4.3348000e-01   3.6166000e-01   2.7402000e-01   3.5213000e-01
   1.6700000e+03   4.3420000e-01   3.6197000e-01   2.7407000e-01   3.5219000e-01
   1.6750000e+03   4.3488000e-01   3.6188000e-01   2.7329000e-01   3.5119000e-01
   1.6800000e+03   4.3546000e-01   3.6190000e-01   2.7294000e-01   3.5089000e-01
   1.6850000e+03   4.3491000e-01   3.6171000e-01   2.7230000e-01   3.5079000e-01
   1.6900000e+03   4.3597000e-01   3.6202000e-01   2.7150000e-01   3.5091000e-01
   1.6950000e+03   4.3579000e-01   3.6234000e-01   2.7053000e-01   3.5132000e-01
   1.7000000e+03   4.3695000e-01   3.6225000e-01   2.6994000e-01   3.5076000e-01
   1.7050000e+03   4.3651000e-01   3.6250000e-01   2.6911000e-01   3.5165000e-01
   1.7100000e+03   4.3793000e-01   3.6231000e-01   2.6848000e-01   3.5066000e-01
   1.7150000e+03   4.3724000e-01   3.6279000e-01   2.6798000e-01   3.5097000e-01
   1.7200000e+03   4.3778000e-01   3.6268000e-01   2.6770000e-01   3.5068000e-01
   1.7250000e+03   4.3815000e-01   3.6232000e-01   2.6761000e-01   3.5145000e-01
   1.7300000e+03   4.3828000e-01   3.6267000e-01   2.6753000e-01   3.5130000e-01
   1.7350000e+03   4.3821000e-01   3.6239000e-01   2.6755000e-01   3.5098000e-01
   1.7400000e+03   4.3847000e-01   3.6244000e-01   2.6731000e-01   3.5113000e-01
   1.7450000e+03   4.3852000e-01   3.6207000e-01   2.6726000e-01   3.5043000e-01
   1.7500000e+03   4.3913000e-01   3.6250000e-01   2.6661000e-01   3.5078000e-01
   1.7550000e+03   4.3965000e-01   3.6244000e-01   2.6641000e-01   3.5092000e-01
   1.7600000e+03   4.3961000e-01   3.6273000e-01   2.6590000e-01   3.5115000e-01
   1.7650000e+03   4.3989000e-01   3.6244000e-01   2.6572000e-01   3.5083000e-01
   1.7700000e+03   4.3968000e-01   3.6236000e-01   2.6530000e-01   3.5040000e-01
   1.7750000e+03   4.4047000e-01   3.6227000e-01   2.6531000e-01   3.5042000e-01
   1.7800000e+03   4.3981000e-01   3.6226000e-01   2.6505000e-01   3.5058000e-01
   1.7850000e+03   4.4044000e-01   3.6281000e-01   2.6494000e-01   3.5029000e-01
   1.7900000e+03   4.4047000e-01   3.6263000e-01   2.6450000e-01   3.5095000e-01
   1.7950000e+03   4.4129000e-01   3.6289000e-01   2.6443000e-01   3.5088000e-01
   1.8000000e+03   4.4144000e-01   3.6291000e-01   2.6422000e-01   3.5165000e-01
   1.8050000e+03   4.4186000e-01   3.6315000e-01   2.6399000e-01   3.5139000e-01
   1.8100000e+03   4.4219000e-01   3.6318000e-01   2.6360000e-01   3.5152000e-01
   1.8150000e+03   4.4220000e-01   3.6379000e-01   2.6370000e-01   3.5170000e-01
   1.8200000e+03   4.4221000e-01   3.6380000e-01   2.6350000e-01   3.5180000e-01
   1.8250000e+03   4.4255000e-01   3.6301000e-01   2.6360000e-01   3.5206000e-01
   1.8300000e+03   4.4254000e-01   3.6379000e-01   2.6356000e-01   3.5222000e-01
   1.8350000e+03   4.4274000e-01   3.6459000e-01   2.6410000e-01   3.5161000e-01
   1.8400000e+03   4.4263000e-01   3.6347000e-01   2.6382000e-01   3.5169000e-01
   1.8450000e+03   4.4406000e-01   3.6428000e-01   2.6386000e-01   3.5133000e-01
   1.8500000e+03   4.4300000e-01   3.6366000e-01   2.6366000e-01   3.5075000e-01
   1.8550000e+03   4.4412000e-01   3.6429000e-01   2.6365000e-01   3.5028000e-01
   1.8600000e+03   4.4441000e-01   3.6435000e-01   2.6252000e-01   3.5153000e-01
   1.8650000e+03   4.4460000e-01   3.6505000e-01   2.6304000e-01   3.5118000e-01
   1.8700000e+03   4.4347000e-01   3.6625000e-01   2.6330000e-01   3.5053000e-01
   1.8750000e+03   4.4506000e-01   3.6454000e-01   2.6330000e-01   3.5088000e-01
   1.8800000e+03   4.4617000e-01   3.6522000e-01   2.6316000e-01   3.5112000e-01
   1.8850000e+03   4.4523000e-01   3.6546000e-01   2.6403000e-01   3.5005000e-01
   1.8900000e+03   4.4548000e-01   3.6562000e-01   2.6332000e-01   3.5118000e-01
   1.8950000e+03   4.4527000e-01   3.6562000e-01   2.6305000e-01   3.5212000e-01
   1.9000000e+03   4.4514000e-01   3.6686000e-01   2.6331000e-01   3.5168000e-01
   1.9050000e+03   4.4469000e-01   3.6608000e-01   2.6338000e-01   3.5175000e-01
   1.9100000e+03   4.4643000e-01   3.6598000e-01   2.6302000e-01   3.5203000e-01
   1.9150000e+03   4.4538000e-01   3.6596000e-01   2.6330000e-01   3.5211000e-01
   1.9200000e+03   4.4589000e-01   3.6632000e-01   2.6334000e-01   3.5225000e-01
   1.9250000e+03   4.4614000e-01   3.6651000e-01   2.6304000e-01   3.5068000e-01
   1.9300000e+03   4.4711000e-01   3.6802000e-01   2.6287000e-01   3.5202000e-01
   1.9350000e+03   4.4691000e-01   3.6740000e-01   2.6331000e-01   3.5241000e-01
   1.9400000e+03   4.4727000e-01   3.6724000e-01   2.6329000e-01   3.5241000e-01
   1.9450000e+03   4.4759000e-01   3.6792000e-01   2.6334000e-01   3.5296000e-01
   1.9500000e+03   4.4767000e-01   3.6814000e-01   2.6360000e-01   3.5338000e-01
   1.9550000e+03   4.4816000e-01   3.6875000e-01   2.6410000e-01   3.5370000e-01
   1.9600000e+03   4.4843000e-01   3.6915000e-01   2.6414000e-01   3.5399000e-01
   1.9650000e+03   4.4888000e-01   3.6948000e-01   2.6474000e-01   3.5441000e-01
   1.9700000e+03   4.4942000e-01   3.6946000e-01   2.6541000e-01   3.5552000e-01
   1.9750000e+03   4.5035000e-01   3.7023000e-01   2.6546000e-01   3.5552000e-01
   1.9800000e+03   4.5016000e-01   3.7070000e-01   2.6568000e-01   3.5607000e-01
   1.9850000e+03   4.5127000e-01   3.7111000e-01   2.6610000e-01   3.5624000e-01
   1.9900000e+03   4.5074000e-01   3.7170000e-01   2.6619000e-01   3.5776000e-01
   1.9950000e+03   4.5167000e-01   3.7218000e-01   2.6628000e-01   3.5732000e-01
   2.0000000e+03   4.5184000e-01   3.7242000e-01   2.6629000e-01   3.5818000e-01
   2.0050000e+03   4.5274000e-01   3.7310000e-01   2.6765000e-01   3.5829000e-01
   2.0100000e+03   4.5319000e-01   3.7317000e-01   2.6883000e-01   3.5889000e-01
   2.0150000e+03   4.5458000e-01   3.7425000e-01   2.6912000e-01   3.5923000e-01
   2.0200000e+03   4.5357000e-01   3.7459000e-01   2.6912000e-01   3.5981000e-01
   2.0250000e+03   4.5504000e-01   3.7560000e-01   2.7066000e-01   3.6077000e-01
   2.0300000e+03   4.5432000e-01   3.7535000e-01   2.7023000e-01   3.6099000e-01
   2.0350000e+03   4.5531000e-01   3.7648000e-01   2.7107000e-01   3.6178000e-01
   2.0400000e+03   4.5649000e-01   3.7689000e-01   2.7043000e-01   3.6290000e-01
   2.0450000e+03   4.5610000e-01   3.7650000e-01   2.7185000e-01   3.6205000e-01
   2.0500000e+03   4.5630000e-01   3.7716000e-01   2.7239000e-01   3.6327000e-01
   2.0550000e+03   4.5724000e-01   3.7818000e-01   2.7298000e-01   3.6397000e-01
   2.0600000e+03   4.5784000e-01   3.7842000e-01   2.7338000e-01   3.6446000e-01
   2.0650000e+03   4.5778000e-01   3.7960000e-01   2.7468000e-01   3.6369000e-01
   2.0700000e+03   4.5779000e-01   3.7890000e-01   2.7444000e-01   3.6489000e-01
   2.0750000e+03   4.5831000e-01   3.7991000e-01   2.7617000e-01   3.6581000e-01
   2.0800000e+03   4.5886000e-01   3.8104000e-01   2.7590000e-01   3.6615000e-01
   2.0850000e+03   4.5946000e-01   3.8154000e-01   2.7601000e-01   3.6740000e-01
   2.0900000e+03   4.6013000e-01   3.8257000e-01   2.7688000e-01   3.6818000e-01
   2.0950000e+03   4.6020000e-01   3.8275000e-01   2.7796000e-01   3.6926000e-01
   2.1000000e+03   4.6114000e-01   3.8417000e-01   2.7936000e-01   3.6874000e-01
   2.1050000e+03   4.6059000e-01   3.8409000e-01   2.7996000e-01   3.6964000e-01
   2.1100000e+03   4.6253000e-01   3.8552000e-01   2.8071000e-01   3.6993000e-01
   2.1150000e+03   4.6239000e-01   3.8570000e-01   2.8191000e-01   3.7046000e-01
   2.1200000e+03   4.6342000e-01   3.8686000e-01   2.8254000e-01   3.7120000e-01
   2.1250000e+03   4.6333000e-01   3.8745000e-01   2.8434000e-01   3.7262000e-01
   2.1300000e+03   4.6483000e-01   3.8925000e-01   2.8470000e-01   3.7325000e-01
   2.1350000e+03   4.6477000e-01   3.8948000e-01   2.8673000e-01   3.7382000e-01
   2.1400000e+03   4.6512000e-01   3.9002000e-01   2.8661000e-01   3.7403000e-01
   2.1450000e+03   4.6448000e-01   3.9073000e-01   2.8742000e-01   3.7569000e-01
   2.1500000e+03   4.6564000e-01   3.9140000e-01   2.8681000e-01   3.7547000e-01
   2.1550000e+03   4.6581000e-01   3.9255000e-01   2.8801000e-01   3.7633000e-01
   2.1600000e+03   4.6609000e-01   3.9320000e-01   2.8927000e-01   3.7698000e-01
   2.1650000e+03   4.6639000e-01   3.9350000e-01   2.8979000e-01   3.7781000e-01
   2.1700000e+03   4.6696000e-01   3.9436000e-01   2.9026000e-01   3.7872000e-01
   2.1750000e+03   4.6782000e-01   3.9605000e-01   2.9095000e-01   3.7892000e-01
   2.1800000e+03   4.6833000e-01   3.9677000e-01   2.9168000e-01   3.7970000e-01
   2.1850000e+03   4.6928000e-01   3.9729000e-01   2.9269000e-01   3.8079000e-01
   2.1900000e+03   4.6836000e-01   3.9836000e-01   2.9352000e-01   3.8194000e-01
   2.1950000e+03   4.6990000e-01   3.9949000e-01   2.9512000e-01   3.8267000e-01
   2.2000000e+03   4.7049000e-01   3.9978000e-01   2.9610000e-01   3.8339000e-01
   2.2050000e+03   4.7054000e-01   4.0128000e-01   2.9782000e-01   3.8382000e-01
   2.2100000e+03   4.7153000e-01   4.0253000e-01   2.9799000e-01   3.8483000e-01
   2.2150000e+03   4.7270000e-01   4.0296000e-01   2.9960000e-01   3.8565000e-01
   2.2200000e+03   4.7304000e-01   4.0424000e-01   3.0051000e-01   3.8681000e-01
   2.2250000e+03   4.7356000e-01   4.0538000e-01   3.0180000e-01   3.8704000e-01
   2.2300000e+03   4.7381000e-01   4.0573000e-01   3.0204000e-01   3.8827000e-01
   2.2350000e+03   4.7437000e-01   4.0659000e-01   3.0337000e-01   3.8822000e-01
   2.2400000e+03   4.7440000e-01   4.0712000e-01   3.0495000e-01   3.9008000e-01
   2.2450000e+03   4.7536000e-01   4.0880000e-01   3.0661000e-01   3.9033000e-01
   2.2500000e+03   4.7594000e-01   4.0995000e-01   3.0855000e-01   3.9130000e-01
   2.2550000e+03   4.7655000e-01   4.1027000e-01   3.1078000e-01   3.9278000e-01
   2.2600000e+03   4.7748000e-01   4.1178000e-01   3.1094000e-01   3.9359000e-01
   2.2650000e+03   4.7849000e-01   4.1309000e-01   3.1180000e-01   3.9472000e-01
   2.2700000e+03   4.7912000e-01   4.1396000e-01   3.1274000e-01   3.9543000e-01
   2.2750000e+03   4.8015000e-01   4.1490000e-01   3.1528000e-01   3.9602000e-01
   2.2800000e+03   4.8100000e-01   4.1627000e-01   3.1617000e-01   3.9693000e-01
   2.2850000e+03   4.8127000e-01   4.1724000e-01   3.1561000e-01   3.9824000e-01
   2.2900000e+03   4.8185000e-01   4.1804000e-01   3.1687000e-01   3.9951000e-01
   2.2950000e+03   4.8224000e-01   4.1912000e-01   3.1761000e-01   4.0039000e-01
   2.3000000e+03   4.8345000e-01   4.2005000e-01   3.1880000e-01   4.0078000e-01
   2.3050000e+03   4.8451000e-01   4.2172000e-01   3.1964000e-01   4.0177000e-01
   2.3100000e+03   4.8393000e-01   4.2213000e-01   3.2074000e-01   4.0251000e-01
   2.3150000e+03   4.8360000e-01   4.2207000e-01   3.2193000e-01   4.0268000e-01
   2.3200000e+03   4.8426000e-01   4.2202000e-01   3.2258000e-01   4.0285000e-01
   2.3250000e+03   4.8428000e-01   4.2317000e-01   3.2345000e-01   4.0394000e-01
   2.3300000e+03   4.8563000e-01   4.2440000e-01   3.2433000e-01   4.0376000e-01
   2.3350000e+03   4.8498000e-01   4.2460000e-01   3.2518000e-01   4.0510000e-01
   2.3400000e+03   4.8605000e-01   4.2612000e-01   3.2610000e-01   4.0537000e-01
   2.3450000e+03   4.8563000e-01   4.2599000e-01   3.2727000e-01   4.0678000e-01
   2.3500000e+03   4.8776000e-01   4.2704000e-01   3.2762000e-01   4.0688000e-01
   2.3550000e+03   4.8622000e-01   4.2727000e-01   3.2859000e-01   4.0670000e-01
   2.3600000e+03   4.8689000e-01   4.2731000e-01   3.2920000e-01   4.0759000e-01
   2.3650000e+03   4.8644000e-01   4.2785000e-01   3.2990000e-01   4.0832000e-01
   2.3700000e+03   4.8727000e-01   4.2849000e-01   3.3064000e-01   4.0841000e-01
   2.3750000e+03   4.8723000e-01   4.2923000e-01   3.3203000e-01   4.0928000e-01
   2.3800000e+03   4.8891000e-01   4.2965000e-01   3.3306000e-01   4.0977000e-01
   2.3850000e+03   4.8913000e-01   4.3069000e-01   3.3402000e-01   4.1118000e-01
   2.3900000e+03   4.9078000e-01   4.3197000e-01   3.3562000e-01   4.1192000e-01
   2.3950000e+03   4.9021000e-01   4.3253000e-01   3.3719000e-01   4.1221000e-01
   2.4000000e+03   4.9135000e-01   4.3380000e-01   3.3801000e-01   4.1377000e-01
   2.4050000e+03   4.9165000e-01   4.3417000e-01   3.3883000e-01   4.1395000e-01
   2.4100000e+03   4.9222000e-01   4.3455000e-01   3.4016000e-01   4.1515000e-01
   2.4150000e+03   4.9318000e-01   4.3592000e-01   3.4089000e-01   4.1598000e-01
   2.4200000e+03   4.9151000e-01   4.3536000e-01   3.4137000e-01   4.1600000e-01
   2.4250000e+03   4.9443000e-01   4.3676000e-01   3.4093000e-01   4.1607000e-01
   2.4300000e+03   4.9352000e-01   4.3638000e-01   3.4295000e-01   4.1752000e-01
   2.4350000e+03   4.9362000e-01   4.3719000e-01   3.4294000e-01   4.1857000e-01
   2.4400000e+03   4.9325000e-01   4.3819000e-01   3.4308000e-01   4.1851000e-01
   2.4450000e+03   4.9398000e-01   4.3888000e-01   3.4410000e-01   4.1943000e-01
   2.4500000e+03   4.9465000e-01   4.3906000e-01   3.4467000e-01   4.1982000e-01
   2.4550000e+03   4.9446000e-01   4.3952000e-01   3.4463000e-01   4.2005000e-01
   2.4600000e+03   4.9552000e-01   4.4074000e-01   3.4556000e-01   4.2070000e-01
   2.4650000e+03   4.9540000e-01   4.4117000e-01   3.4683000e-01   4.2199000e-01
   2.4700000e+03   4.9516000e-01   4.4189000e-01   3.4713000e-01   4.2322000e-01
   2.4750000e+03   4.9566000e-01   4.4239000e-01   3.4825000e-01   4.2382000e-01
   2.4800000e+03   4.9593000e-01   4.4339000e-01   3.4784000e-01   4.2530000e-01
   2.4850000e+03   4.9571000e-01   4.4447000e-01   3.4892000e-01   4.2694000e-01
   2.4900000e+03   4.9616000e-01   4.4485000e-01   3.4900000e-01   4.2674000e-01
   2.4950000e+03   4.9560000e-01   4.4561000e-01   3.4871000e-01   4.2823000e-01
   2.5000000e+03   4.9781000e-01   4.4592000e-01   3.5155000e-01   4.2767000e-01
   2.5050000e+03   4.9731000e-01   4.4703000e-01   3.5106000e-01   4.3008000e-01
   2.5100000e+03   4.9781000e-01   4.4756000e-01   3.5205000e-01   4.2982000e-01
   2.5150000e+03   4.9784000e-01   4.4928000e-01   3.5226000e-01   4.3182000e-01
   2.5200000e+03   4.9819000e-01   4.4897000e-01   3.5274000e-01   4.3195000e-01
   2.5250000e+03   4.9836000e-01   4.4995000e-01   3.5314000e-01   4.3318000e-01
   2.5300000e+03   4.9916000e-01   4.5088000e-01   3.5467000e-01   4.3322000e-01
   2.5350000e+03   4.9938000e-01   4.5060000e-01   3.5485000e-01   4.3506000e-01
   2.5400000e+03   5.0029000e-01   4.5228000e-01   3.5599000e-01   4.3520000e-01
   2.5450000e+03   5.0150000e-01   4.5355000e-01   3.5828000e-01   4.3429000e-01
   2.5500000e+03   5.0175000e-01   4.5446000e-01   3.5814000e-01   4.3644000e-01
   2.5550000e+03   5.0207000e-01   4.5482000e-01   3.5867000e-01   4.3789000e-01
   2.5600000e+03   5.0355000e-01   4.5543000e-01   3.6040000e-01   4.3615000e-01
   2.5650000e+03   5.0357000e-01   4.5617000e-01   3.6103000e-01   4.3737000e-01
   2.5700000e+03   5.0350000e-01   4.5685000e-01   3.6102000e-01   4.3826000e-01
   2.5750000e+03   5.0356000e-01   4.5724000e-01   3.6140000e-01   4.3932000e-01
   2.5800000e+03   5.0497000e-01   4.5804000e-01   3.6338000e-01   4.3724000e-01
   2.5850000e+03   5.0392000e-01   4.5989000e-01   3.6183000e-01   4.4288000e-01
   2.5900000e+03   5.0612000e-01   4.6043000e-01   3.6585000e-01   4.3881000e-01
   2.5950000e+03   5.0766000e-01   4.6064000e-01   3.6903000e-01   4.4262000e-01
   2.6000000e+03   5.1339000e-01   4.5968000e-01   3.6883000e-01   4.4348000e-01
