   3.0000000e+02   7.2126000e-02   4.7771000e-02   4.2040000e-02   5.8895000e-02
   3.0500000e+02   7.6592000e-02   5.4474000e-02   4.1553000e-02   6.0845000e-02
   3.1000000e+02   7.8475000e-02   5.5180000e-02   4.1384000e-02   6.4580000e-02
   3.1500000e+02   7.9528000e-02   5.7895000e-02   4.2045000e-02   6.6236000e-02
   3.2000000e+02   8.1070000e-02   5.8131000e-02   4.2372000e-02   6.7014000e-02
   3.2500000e+02   8.1936000e-02   5.8678000e-02   4.2851000e-02   6.7277000e-02
   3.3000000e+02   8.2864000e-02   5.9725000e-02   4.3965000e-02   6.8559000e-02
   3.3500000e+02   8.4550000e-02   6.1082000e-02   4.4782000e-02   6.9080000e-02
   3.4000000e+02   8.6224000e-02   6.1276000e-02   4.5422000e-02   6.9606000e-02
   3.4500000e+02   8.7435000e-02   6.2254000e-02   4.6287000e-02   7.1335000e-02
   3.5000000e+02   8.8582000e-02   6.3875000e-02   4.7375000e-02   7.2483000e-02
   3.5500000e+02   9.0552000e-02   6.4768000e-02   4.8413000e-02   7.3439000e-02
   3.6000000e+02   9.2939000e-02   6.5807000e-02   4.9608000e-02   7.5077000e-02
   3.6500000e+02   9.4900000e-02   6.7226000e-02   5.0697000e-02   7.6506000e-02
   3.7000000e+02   9.6914000e-02   6.8954000e-02   5.1847000e-02   7.8125000e-02
   3.7500000e+02   9.8509000e-02   7.0285000e-02   5.2752000e-02   7.9774000e-02
   3.8000000e+02   1.0060000e-01   7.1704000e-02   5.3993000e-02   8.0986000e-02
   3.8500000e+02   1.0251000e-01   7.3223000e-02   5.5090000e-02   8.2537000e-02
   3.9000000e+02   1.0439000e-01   7.4427000e-02   5.6089000e-02   8.4259000e-02
   3.9500000e+02   1.0653000e-01   7.5756000e-02   5.7375000e-02   8.6119000e-02
   4.0000000e+02   1.0821000e-01   7.6824000e-02   5.8452000e-02   8.7120000e-02
   4.0500000e+02   1.0999000e-01   7.8014000e-02   5.9370000e-02   8.8211000e-02
   4.1000000e+02   1.1167000e-01   7.9200000e-02   6.0321000e-02   8.9199000e-02
   4.1500000e+02   1.1339000e-01   8.0369000e-02   6.1336000e-02   9.0320000e-02
   4.2000000e+02   1.1497000e-01   8.1461000e-02   6.2268000e-02   9.1619000e-02
   4.2500000e+02   1.1678000e-01   8.2631000e-02   6.3283000e-02   9.3017000e-02
   4.3000000e+02   1.1879000e-01   8.3807000e-02   6.4133000e-02   9.3900000e-02
   4.3500000e+02   1.1958000e-01   8.4756000e-02   6.5009000e-02   9.6021000e-02
   4.4000000e+02   1.2229000e-01   8.6117000e-02   6.5913000e-02   9.6091000e-02
   4.4500000e+02   1.2290000e-01   8.6829000e-02   6.6847000e-02   9.8316000e-02
   4.5000000e+02   1.2515000e-01   8.8055000e-02   6.7693000e-02   9.8975000e-02
   4.5500000e+02   1.2630000e-01   8.8929000e-02   6.8569000e-02   1.0018000e-01
   4.6000000e+02   1.2775000e-01   8.9973000e-02   6.9446000e-02   1.0140000e-01
   4.6500000e+02   1.2940000e-01   9.1079000e-02   7.0290000e-02   1.0239000e-01
   4.7000000e+02   1.3068000e-01   9.2065000e-02   7.1248000e-02   1.0369000e-01
   4.7500000e+02   1.3227000e-01   9.2984000e-02   7.2097000e-02   1.0453000e-01
   4.8000000e+02   1.3347000e-01   9.3966000e-02   7.3042000e-02   1.0584000e-01
   4.8500000e+02   1.3505000e-01   9.5003000e-02   7.4050000e-02   1.0676000e-01
   4.9000000e+02   1.3639000e-01   9.5869000e-02   7.4923000e-02   1.0790000e-01
   4.9500000e+02   1.3797000e-01   9.6932000e-02   7.5719000e-02   1.0902000e-01
   5.0000000e+02   1.3918000e-01   9.7767000e-02   7.6886000e-02   1.1020000e-01
   5.0500000e+02   1.4053000e-01   9.8518000e-02   7.7500000e-02   1.1089000e-01
   5.1000000e+02   1.4188000e-01   9.9564000e-02   7.8490000e-02   1.1216000e-01
   5.1500000e+02   1.4322000e-01   1.0057000e-01   7.9620000e-02   1.1315000e-01
   5.2000000e+02   1.4438000e-01   1.0151000e-01   8.0618000e-02   1.1426000e-01
   5.2500000e+02   1.4594000e-01   1.0248000e-01   8.1565000e-02   1.1520000e-01
   5.3000000e+02   1.4727000e-01   1.0350000e-01   8.2506000e-02   1.1638000e-01
   5.3500000e+02   1.4867000e-01   1.0438000e-01   8.3319000e-02   1.1745000e-01
   5.4000000e+02   1.4985000e-01   1.0522000e-01   8.4107000e-02   1.1843000e-01
   5.4500000e+02   1.5113000e-01   1.0603000e-01   8.4929000e-02   1.1933000e-01
   5.5000000e+02   1.5267000e-01   1.0701000e-01   8.5643000e-02   1.2019000e-01
   5.5500000e+02   1.5328000e-01   1.0768000e-01   8.6298000e-02   1.2168000e-01
   5.6000000e+02   1.5542000e-01   1.0871000e-01   8.7094000e-02   1.2163000e-01
   5.6500000e+02   1.5548000e-01   1.0914000e-01   8.7756000e-02   1.2354000e-01
   5.7000000e+02   1.5816000e-01   1.1051000e-01   8.8422000e-02   1.2332000e-01
   5.7500000e+02   1.5857000e-01   1.1098000e-01   8.8992000e-02   1.2497000e-01
   5.8000000e+02   1.6012000e-01   1.1200000e-01   8.9590000e-02   1.2535000e-01
   5.8500000e+02   1.6110000e-01   1.1267000e-01   9.0086000e-02   1.2619000e-01
   5.9000000e+02   1.6227000e-01   1.1349000e-01   9.0645000e-02   1.2734000e-01
   5.9500000e+02   1.6364000e-01   1.1440000e-01   9.1106000e-02   1.2800000e-01
   6.0000000e+02   1.6454000e-01   1.1509000e-01   9.1394000e-02   1.2901000e-01
   6.0500000e+02   1.6614000e-01   1.1609000e-01   9.1688000e-02   1.2948000e-01
   6.1000000e+02   1.6710000e-01   1.1691000e-01   9.2431000e-02   1.3086000e-01
   6.1500000e+02   1.6852000e-01   1.1781000e-01   9.3008000e-02   1.3158000e-01
   6.2000000e+02   1.6947000e-01   1.1861000e-01   9.3537000e-02   1.3302000e-01
   6.2500000e+02   1.7066000e-01   1.1949000e-01   9.4085000e-02   1.3376000e-01
   6.3000000e+02   1.7159000e-01   1.2020000e-01   9.4607000e-02   1.3507000e-01
   6.3500000e+02   1.7290000e-01   1.2113000e-01   9.5062000e-02   1.3573000e-01
   6.4000000e+02   1.7379000e-01   1.2188000e-01   9.5437000e-02   1.3687000e-01
   6.4500000e+02   1.7504000e-01   1.2264000e-01   9.5656000e-02   1.3743000e-01
   6.5000000e+02   1.7611000e-01   1.2338000e-01   9.5811000e-02   1.3851000e-01
   6.5500000e+02   1.7728000e-01   1.2425000e-01   9.5986000e-02   1.3897000e-01
   6.6000000e+02   1.7817000e-01   1.2491000e-01   9.6130000e-02   1.3995000e-01
   6.6500000e+02   1.7932000e-01   1.2572000e-01   9.6283000e-02   1.4050000e-01
   6.7000000e+02   1.8013000e-01   1.2644000e-01   9.6539000e-02   1.4169000e-01
   6.7500000e+02   1.8147000e-01   1.2739000e-01   9.6748000e-02   1.4229000e-01
   6.8000000e+02   1.8231000e-01   1.2812000e-01   9.7026000e-02   1.4295000e-01
   6.8500000e+02   1.8286000e-01   1.2877000e-01   9.7281000e-02   1.4424000e-01
   6.9000000e+02   1.8531000e-01   1.3000000e-01   9.7635000e-02   1.4412000e-01
   6.9500000e+02   1.8447000e-01   1.3016000e-01   9.8044000e-02   1.4606000e-01
   7.0000000e+02   1.8743000e-01   1.3157000e-01   9.8211000e-02   1.4567000e-01
   7.0500000e+02   1.8740000e-01   1.3206000e-01   9.8613000e-02   1.4723000e-01
   7.1000000e+02   1.8873000e-01   1.3292000e-01   9.9068000e-02   1.4756000e-01
   7.1500000e+02   1.8968000e-01   1.3368000e-01   9.9332000e-02   1.4852000e-01
   7.2000000e+02   1.9090000e-01   1.3425000e-01   9.9948000e-02   1.4920000e-01
   7.2500000e+02   1.9222000e-01   1.3502000e-01   1.0049000e-01   1.4968000e-01
   7.3000000e+02   1.9271000e-01   1.3595000e-01   1.0071000e-01   1.5092000e-01
   7.3500000e+02   1.9351000e-01   1.3661000e-01   1.0095000e-01   1.5147000e-01
   7.4000000e+02   1.9486000e-01   1.3761000e-01   1.0185000e-01   1.5161000e-01
   7.4500000e+02   1.9695000e-01   1.3817000e-01   1.0193000e-01   1.5297000e-01
   7.5000000e+02   1.9732000e-01   1.3911000e-01   1.0221000e-01   1.5400000e-01
   7.5500000e+02   1.9871000e-01   1.3957000e-01   1.0225000e-01   1.5461000e-01
   7.6000000e+02   1.9832000e-01   1.3995000e-01   1.0263000e-01   1.5543000e-01
   7.6500000e+02   2.0062000e-01   1.4062000e-01   1.0297000e-01   1.5540000e-01
   7.7000000e+02   2.0044000e-01   1.4028000e-01   1.0273000e-01   1.5731000e-01
   7.7500000e+02   2.0226000e-01   1.4185000e-01   1.0322000e-01   1.5733000e-01
   7.8000000e+02   2.0266000e-01   1.4163000e-01   1.0341000e-01   1.5839000e-01
   7.8500000e+02   2.0366000e-01   1.4291000e-01   1.0347000e-01   1.5759000e-01
   7.9000000e+02   2.0496000e-01   1.4306000e-01   1.0298000e-01   1.5943000e-01
   7.9500000e+02   2.0567000e-01   1.4356000e-01   1.0316000e-01   1.5967000e-01
   8.0000000e+02   2.0603000e-01   1.4357000e-01   1.0312000e-01   1.6024000e-01
   8.0500000e+02   2.0731000e-01   1.4411000e-01   1.0276000e-01   1.6081000e-01
   8.1000000e+02   2.0888000e-01   1.4466000e-01   1.0264000e-01   1.6114000e-01
   8.1500000e+02   2.0956000e-01   1.4496000e-01   1.0221000e-01   1.6197000e-01
   8.2000000e+02   2.0966000e-01   1.4469000e-01   1.0195000e-01   1.6102000e-01
   8.2500000e+02   2.1098000e-01   1.4432000e-01   1.0124000e-01   1.6155000e-01
   8.3000000e+02   2.1123000e-01   1.4518000e-01   1.0151000e-01   1.6201000e-01
   8.3500000e+02   2.1165000e-01   1.4477000e-01   1.0115000e-01   1.6260000e-01
   8.4000000e+02   2.1244000e-01   1.4469000e-01   1.0044000e-01   1.6257000e-01
   8.4500000e+02   2.1280000e-01   1.4482000e-01   9.9686000e-02   1.6229000e-01
   8.5000000e+02   2.1374000e-01   1.4550000e-01   9.8836000e-02   1.6247000e-01
   8.5500000e+02   2.1408000e-01   1.4480000e-01   9.8096000e-02   1.6218000e-01
   8.6000000e+02   2.1455000e-01   1.4493000e-01   9.7907000e-02   1.6278000e-01
   8.6500000e+02   2.1465000e-01   1.4468000e-01   9.7252000e-02   1.6246000e-01
   8.7000000e+02   2.1525000e-01   1.4448000e-01   9.6661000e-02   1.6210000e-01
   8.7500000e+02   2.1625000e-01   1.4418000e-01   9.5978000e-02   1.6253000e-01
   8.8000000e+02   2.1584000e-01   1.4454000e-01   9.5538000e-02   1.6310000e-01
   8.8500000e+02   2.1662000e-01   1.4380000e-01   9.4806000e-02   1.6323000e-01
   8.9000000e+02   2.1710000e-01   1.4340000e-01   9.4533000e-02   1.6277000e-01
   8.9500000e+02   2.1746000e-01   1.4375000e-01   9.4605000e-02   1.6315000e-01
   9.0000000e+02   2.1779000e-01   1.4423000e-01   9.3696000e-02   1.6325000e-01
   9.0500000e+02   2.1875000e-01   1.4359000e-01   9.3758000e-02   1.6236000e-01
   9.1000000e+02   2.1912000e-01   1.4367000e-01   9.3756000e-02   1.6368000e-01
   9.1500000e+02   2.1982000e-01   1.4390000e-01   9.3433000e-02   1.6361000e-01
   9.2000000e+02   2.1941000e-01   1.4403000e-01   9.4339000e-02   1.6454000e-01
   9.2500000e+02   2.2057000e-01   1.4421000e-01   9.3788000e-02   1.6420000e-01
   9.3000000e+02   2.2124000e-01   1.4397000e-01   9.3747000e-02   1.6475000e-01
   9.3500000e+02   2.2242000e-01   1.4467000e-01   9.3806000e-02   1.6518000e-01
   9.4000000e+02   2.2226000e-01   1.4449000e-01   9.3773000e-02   1.6620000e-01
   9.4500000e+02   2.2273000e-01   1.4538000e-01   9.3936000e-02   1.6625000e-01
   9.5000000e+02   2.2271000e-01   1.4585000e-01   9.4575000e-02   1.6753000e-01
   9.5500000e+02   2.2576000e-01   1.4728000e-01   9.4458000e-02   1.6683000e-01
   9.6000000e+02   2.2607000e-01   1.4791000e-01   9.4821000e-02   1.6830000e-01
   9.6500000e+02   2.2713000e-01   1.4771000e-01   9.5115000e-02   1.6890000e-01
   9.7000000e+02   2.2692000e-01   1.4927000e-01   9.5959000e-02   1.6942000e-01
   9.7500000e+02   2.2754000e-01   1.4997000e-01   9.6103000e-02   1.7045000e-01
   9.8000000e+02   2.2896000e-01   1.5039000e-01   9.7248000e-02   1.7081000e-01
   9.8500000e+02   2.2952000e-01   1.5186000e-01   9.7866000e-02   1.7175000e-01
   9.9000000e+02   2.3083000e-01   1.5224000e-01   9.8987000e-02   1.7299000e-01
   9.9500000e+02   2.3125000e-01   1.5297000e-01   9.9537000e-02   1.7351000e-01
   1.0000000e+03   2.3328000e-01   1.5425000e-01   1.0004000e-01   1.7407000e-01
   1.0050000e+03   2.3444000e-01   1.5569000e-01   1.0134000e-01   1.7550000e-01
   1.0100000e+03   2.3499000e-01   1.5618000e-01   1.0197000e-01   1.7672000e-01
   1.0150000e+03   2.3588000e-01   1.5737000e-01   1.0295000e-01   1.7774000e-01
   1.0200000e+03   2.3659000e-01   1.5861000e-01   1.0395000e-01   1.7836000e-01
   1.0250000e+03   2.3800000e-01   1.6030000e-01   1.0545000e-01   1.7961000e-01
   1.0300000e+03   2.4023000e-01   1.6071000e-01   1.0546000e-01   1.8094000e-01
   1.0350000e+03   2.4038000e-01   1.6163000e-01   1.0669000e-01   1.8170000e-01
   1.0400000e+03   2.4141000e-01   1.6286000e-01   1.0757000e-01   1.8244000e-01
   1.0450000e+03   2.4200000e-01   1.6396000e-01   1.0908000e-01   1.8408000e-01
   1.0500000e+03   2.4375000e-01   1.6494000e-01   1.0965000e-01   1.8448000e-01
   1.0550000e+03   2.4364000e-01   1.6572000e-01   1.1037000e-01   1.8552000e-01
   1.0600000e+03   2.4535000e-01   1.6696000e-01   1.1135000e-01   1.8578000e-01
   1.0650000e+03   2.4538000e-01   1.6730000e-01   1.1236000e-01   1.8723000e-01
   1.0700000e+03   2.4691000e-01   1.6859000e-01   1.1330000e-01   1.8778000e-01
   1.0750000e+03   2.4654000e-01   1.6946000e-01   1.1460000e-01   1.8912000e-01
   1.0800000e+03   2.4870000e-01   1.7072000e-01   1.1524000e-01   1.9006000e-01
   1.0850000e+03   2.5001000e-01   1.7123000e-01   1.1595000e-01   1.9113000e-01
   1.0900000e+03   2.5096000e-01   1.7224000e-01   1.1662000e-01   1.9127000e-01
   1.0950000e+03   2.5098000e-01   1.7339000e-01   1.1744000e-01   1.9191000e-01
   1.1000000e+03   2.5299000e-01   1.7373000e-01   1.1846000e-01   1.9383000e-01
   1.1050000e+03   2.5274000e-01   1.7457000e-01   1.1892000e-01   1.9419000e-01
   1.1100000e+03   2.5332000e-01   1.7553000e-01   1.1994000e-01   1.9497000e-01
   1.1150000e+03   2.5476000e-01   1.7617000e-01   1.2050000e-01   1.9571000e-01
   1.1200000e+03   2.5606000e-01   1.7703000e-01   1.2150000e-01   1.9725000e-01
   1.1250000e+03   2.5718000e-01   1.7836000e-01   1.2242000e-01   1.9737000e-01
   1.1300000e+03   2.5699000e-01   1.7827000e-01   1.2338000e-01   1.9805000e-01
   1.1350000e+03   2.5731000e-01   1.7966000e-01   1.2438000e-01   1.9867000e-01
   1.1400000e+03   2.5813000e-01   1.8012000e-01   1.2464000e-01   1.9957000e-01
   1.1450000e+03   2.5892000e-01   1.8051000e-01   1.2512000e-01   1.9988000e-01
   1.1500000e+03   2.6058000e-01   1.8195000e-01   1.2598000e-01   2.0100000e-01
   1.1550000e+03   2.6346000e-01   1.8199000e-01   1.2630000e-01   2.0173000e-01
   1.1600000e+03   2.6114000e-01   1.8339000e-01   1.2734000e-01   2.0261000e-01
   1.1650000e+03   2.6347000e-01   1.8398000e-01   1.2761000e-01   2.0279000e-01
   1.1700000e+03   2.6324000e-01   1.8425000e-01   1.2860000e-01   2.0415000e-01
   1.1750000e+03   2.6523000e-01   1.8494000e-01   1.2939000e-01   2.0364000e-01
   1.1800000e+03   2.6495000e-01   1.8544000e-01   1.2959000e-01   2.0509000e-01
   1.1850000e+03   2.6551000e-01   1.8650000e-01   1.3036000e-01   2.0538000e-01
   1.1900000e+03   2.6677000e-01   1.8709000e-01   1.3190000e-01   2.0691000e-01
   1.1950000e+03   2.6747000e-01   1.8817000e-01   1.3108000e-01   2.0678000e-01
   1.2000000e+03   2.6761000e-01   1.8865000e-01   1.3242000e-01   2.0826000e-01
   1.2050000e+03   2.6848000e-01   1.8949000e-01   1.3258000e-01   2.0879000e-01
   1.2100000e+03   2.6956000e-01   1.9019000e-01   1.3339000e-01   2.1031000e-01
   1.2150000e+03   2.7165000e-01   1.9119000e-01   1.3318000e-01   2.0971000e-01
   1.2200000e+03   2.7030000e-01   1.9146000e-01   1.3409000e-01   2.1013000e-01
   1.2250000e+03   2.7221000e-01   1.9239000e-01   1.3371000e-01   2.1083000e-01
   1.2300000e+03   2.7202000e-01   1.9280000e-01   1.3427000e-01   2.1258000e-01
   1.2350000e+03   2.7281000e-01   1.9365000e-01   1.3443000e-01   2.1192000e-01
   1.2400000e+03   2.7427000e-01   1.9389000e-01   1.3470000e-01   2.1283000e-01
   1.2450000e+03   2.7498000e-01   1.9522000e-01   1.3565000e-01   2.1395000e-01
   1.2500000e+03   2.7586000e-01   1.9600000e-01   1.3594000e-01   2.1423000e-01
   1.2550000e+03   2.7649000e-01   1.9641000e-01   1.3638000e-01   2.1505000e-01
   1.2600000e+03   2.7713000e-01   1.9688000e-01   1.3620000e-01   2.1497000e-01
   1.2650000e+03   2.7813000e-01   1.9805000e-01   1.3690000e-01   2.1566000e-01
   1.2700000e+03   2.7938000e-01   1.9810000e-01   1.3780000e-01   2.1639000e-01
   1.2750000e+03   2.7946000e-01   1.9963000e-01   1.3831000e-01   2.1741000e-01
   1.2800000e+03   2.7995000e-01   2.0010000e-01   1.3856000e-01   2.1812000e-01
   1.2850000e+03   2.8058000e-01   2.0064000e-01   1.3930000e-01   2.1913000e-01
   1.2900000e+03   2.8133000e-01   2.0124000e-01   1.3977000e-01   2.1941000e-01
   1.2950000e+03   2.8277000e-01   2.0241000e-01   1.4038000e-01   2.1993000e-01
   1.3000000e+03   2.8360000e-01   2.0294000e-01   1.4054000e-01   2.2055000e-01
   1.3050000e+03   2.8396000e-01   2.0358000e-01   1.4093000e-01   2.2157000e-01
   1.3100000e+03   2.8500000e-01   2.0465000e-01   1.4190000e-01   2.2230000e-01
   1.3150000e+03   2.8549000e-01   2.0467000e-01   1.4204000e-01   2.2320000e-01
   1.3200000e+03   2.8766000e-01   2.0575000e-01   1.4280000e-01   2.2376000e-01
   1.3250000e+03   2.8747000e-01   2.0667000e-01   1.4355000e-01   2.2476000e-01
   1.3300000e+03   2.8847000e-01   2.0744000e-01   1.4395000e-01   2.2522000e-01
   1.3350000e+03   2.8935000e-01   2.0858000e-01   1.4483000e-01   2.2596000e-01
   1.3400000e+03   2.9004000e-01   2.0910000e-01   1.4548000e-01   2.2681000e-01
   1.3450000e+03   2.9054000e-01   2.0968000e-01   1.4578000e-01   2.2716000e-01
   1.3500000e+03   2.9169000e-01   2.1081000e-01   1.4684000e-01   2.2793000e-01
   1.3550000e+03   2.9091000e-01   2.1095000e-01   1.4770000e-01   2.2896000e-01
   1.3600000e+03   2.9246000e-01   2.1139000e-01   1.4825000e-01   2.2951000e-01
   1.3650000e+03   2.9397000e-01   2.1225000e-01   1.4809000e-01   2.2991000e-01
   1.3700000e+03   2.9426000e-01   2.1365000e-01   1.4874000e-01   2.3085000e-01
   1.3750000e+03   2.9575000e-01   2.1339000e-01   1.4900000e-01   2.3085000e-01
   1.3800000e+03   2.9564000e-01   2.1448000e-01   1.5008000e-01   2.3239000e-01
   1.3850000e+03   2.9681000e-01   2.1592000e-01   1.5085000e-01   2.3110000e-01
   1.3900000e+03   2.9785000e-01   2.1670000e-01   1.5179000e-01   2.3350000e-01
   1.3950000e+03   2.9795000e-01   2.1738000e-01   1.5220000e-01   2.3485000e-01
   1.4000000e+03   2.9874000e-01   2.1814000e-01   1.5288000e-01   2.3493000e-01
   1.4050000e+03   2.9939000e-01   2.1882000e-01   1.5378000e-01   2.3646000e-01
   1.4100000e+03   3.0032000e-01   2.1982000e-01   1.5375000e-01   2.3701000e-01
   1.4150000e+03   3.0078000e-01   2.2022000e-01   1.5454000e-01   2.3739000e-01
   1.4200000e+03   3.0192000e-01   2.2073000e-01   1.5518000e-01   2.3815000e-01
   1.4250000e+03   3.0197000e-01   2.2142000e-01   1.5501000e-01   2.3835000e-01
   1.4300000e+03   3.0330000e-01   2.2203000e-01   1.5598000e-01   2.3909000e-01
   1.4350000e+03   3.0386000e-01   2.2290000e-01   1.5669000e-01   2.3929000e-01
   1.4400000e+03   3.0481000e-01   2.2361000e-01   1.5664000e-01   2.4095000e-01
   1.4450000e+03   3.0505000e-01   2.2418000e-01   1.5793000e-01   2.4094000e-01
   1.4500000e+03   3.0500000e-01   2.2471000e-01   1.5824000e-01   2.4179000e-01
   1.4550000e+03   3.0699000e-01   2.2535000e-01   1.5837000e-01   2.4200000e-01
   1.4600000e+03   3.0617000e-01   2.2509000e-01   1.5917000e-01   2.4248000e-01
   1.4650000e+03   3.0787000e-01   2.2650000e-01   1.5978000e-01   2.4353000e-01
   1.4700000e+03   3.0900000e-01   2.2787000e-01   1.6086000e-01   2.4453000e-01
   1.4750000e+03   3.0970000e-01   2.2832000e-01   1.6112000e-01   2.4422000e-01
   1.4800000e+03   3.0934000e-01   2.2772000e-01   1.6098000e-01   2.4553000e-01
   1.4850000e+03   3.1129000e-01   2.2968000e-01   1.6147000e-01   2.4529000e-01
   1.4900000e+03   3.1143000e-01   2.3046000e-01   1.6212000e-01   2.4710000e-01
   1.4950000e+03   3.1190000e-01   2.3102000e-01   1.6227000e-01   2.4697000e-01
   1.5000000e+03   3.1233000e-01   2.3092000e-01   1.6272000e-01   2.4741000e-01
   1.5050000e+03   3.1326000e-01   2.3170000e-01   1.6304000e-01   2.4827000e-01
   1.5100000e+03   3.1342000e-01   2.3224000e-01   1.6433000e-01   2.4837000e-01
   1.5150000e+03   3.1347000e-01   2.3291000e-01   1.6409000e-01   2.4920000e-01
   1.5200000e+03   3.1524000e-01   2.3357000e-01   1.6471000e-01   2.5034000e-01
   1.5250000e+03   3.1522000e-01   2.3386000e-01   1.6502000e-01   2.5074000e-01
   1.5300000e+03   3.1633000e-01   2.3442000e-01   1.6531000e-01   2.5115000e-01
   1.5350000e+03   3.1622000e-01   2.3453000e-01   1.6548000e-01   2.5173000e-01
   1.5400000e+03   3.1722000e-01   2.3561000e-01   1.6654000e-01   2.5190000e-01
   1.5450000e+03   3.1789000e-01   2.3600000e-01   1.6702000e-01   2.5225000e-01
   1.5500000e+03   3.1832000e-01   2.3647000e-01   1.6759000e-01   2.5253000e-01
   1.5550000e+03   3.1836000e-01   2.3704000e-01   1.6742000e-01   2.5364000e-01
   1.5600000e+03   3.1954000e-01   2.3838000e-01   1.6797000e-01   2.5450000e-01
   1.5650000e+03   3.1929000e-01   2.3737000e-01   1.6807000e-01   2.5386000e-01
   1.5700000e+03   3.1957000e-01   2.3775000e-01   1.6927000e-01   2.5504000e-01
   1.5750000e+03   3.2076000e-01   2.3871000e-01   1.6972000e-01   2.5504000e-01
   1.5800000e+03   3.2201000e-01   2.3906000e-01   1.6983000e-01   2.5578000e-01
   1.5850000e+03   3.2201000e-01   2.3995000e-01   1.7015000e-01   2.5608000e-01
   1.5900000e+03   3.2227000e-01   2.3968000e-01   1.7061000e-01   2.5615000e-01
   1.5950000e+03   3.2288000e-01   2.4123000e-01   1.7159000e-01   2.5749000e-01
   1.6000000e+03   3.2350000e-01   2.4056000e-01   1.7154000e-01   2.5655000e-01
   1.6050000e+03   3.2394000e-01   2.4127000e-01   1.7258000e-01   2.5734000e-01
   1.6100000e+03   3.2493000e-01   2.4124000e-01   1.7195000e-01   2.5778000e-01
   1.6150000e+03   3.2482000e-01   2.4167000e-01   1.7292000e-01   2.5848000e-01
   1.6200000e+03   3.2493000e-01   2.4256000e-01   1.7315000e-01   2.5872000e-01
   1.6250000e+03   3.2548000e-01   2.4254000e-01   1.7348000e-01   2.6027000e-01
   1.6300000e+03   3.2604000e-01   2.4282000e-01   1.7374000e-01   2.6037000e-01
   1.6350000e+03   3.2552000e-01   2.4309000e-01   1.7496000e-01   2.5948000e-01
   1.6400000e+03   3.2661000e-01   2.4340000e-01   1.7400000e-01   2.5952000e-01
   1.6450000e+03   3.2724000e-01   2.4451000e-01   1.7482000e-01   2.6011000e-01
   1.6500000e+03   3.2675000e-01   2.4363000e-01   1.7521000e-01   2.6093000e-01
   1.6550000e+03   3.2842000e-01   2.4523000e-01   1.7564000e-01   2.6095000e-01
   1.6600000e+03   3.2876000e-01   2.4541000e-01   1.7592000e-01   2.6114000e-01
   1.6650000e+03   3.2903000e-01   2.4604000e-01   1.7612000e-01   2.6157000e-01
   1.6700000e+03   3.2986000e-01   2.4629000e-01   1.7584000e-01   2.6208000e-01
   1.6750000e+03   3.3008000e-01   2.4601000e-01   1.7578000e-01   2.6208000e-01
   1.6800000e+03   3.3081000e-01   2.4705000e-01   1.7629000e-01   2.6289000e-01
   1.6850000e+03   3.3100000e-01   2.4683000e-01   1.7618000e-01   2.6359000e-01
   1.6900000e+03   3.3192000e-01   2.4717000e-01   1.7604000e-01   2.6369000e-01
   1.6950000e+03   3.3178000e-01   2.4734000e-01   1.7678000e-01   2.6345000e-01
   1.7000000e+03   3.3227000e-01   2.4810000e-01   1.7655000e-01   2.6407000e-01
   1.7050000e+03   3.3283000e-01   2.4840000e-01   1.7689000e-01   2.6463000e-01
   1.7100000e+03   3.3254000e-01   2.4889000e-01   1.7674000e-01   2.6421000e-01
   1.7150000e+03   3.3303000e-01   2.4913000e-01   1.7701000e-01   2.6452000e-01
   1.7200000e+03   3.3337000e-01   2.4921000e-01   1.7647000e-01   2.6512000e-01
   1.7250000e+03   3.3383000e-01   2.4974000e-01   1.7699000e-01   2.6519000e-01
   1.7300000e+03   3.3490000e-01   2.4997000e-01   1.7712000e-01   2.6602000e-01
   1.7350000e+03   3.3432000e-01   2.4956000e-01   1.7717000e-01   2.6575000e-01
   1.7400000e+03   3.3431000e-01   2.4989000e-01   1.7724000e-01   2.6530000e-01
   1.7450000e+03   3.3526000e-01   2.5024000e-01   1.7756000e-01   2.6636000e-01
   1.7500000e+03   3.3600000e-01   2.5141000e-01   1.7834000e-01   2.6663000e-01
   1.7550000e+03   3.3620000e-01   2.5227000e-01   1.7853000e-01   2.6664000e-01
   1.7600000e+03   3.3668000e-01   2.5149000e-01   1.7861000e-01   2.6709000e-01
   1.7650000e+03   3.3716000e-01   2.5217000e-01   1.7860000e-01   2.6759000e-01
   1.7700000e+03   3.3755000e-01   2.5175000e-01   1.7849000e-01   2.6768000e-01
   1.7750000e+03   3.3792000e-01   2.5249000e-01   1.7872000e-01   2.6766000e-01
   1.7800000e+03   3.3708000e-01   2.5220000e-01   1.7897000e-01   2.6812000e-01
   1.7850000e+03   3.3763000e-01   2.5244000e-01   1.7913000e-01   2.6782000e-01
   1.7900000e+03   3.3786000e-01   2.5291000e-01   1.7982000e-01   2.6816000e-01
   1.7950000e+03   3.3803000e-01   2.5358000e-01   1.7977000e-01   2.6839000e-01
   1.8000000e+03   3.3919000e-01   2.5352000e-01   1.8013000e-01   2.6864000e-01
   1.8050000e+03   3.3912000e-01   2.5417000e-01   1.7961000e-01   2.6850000e-01
   1.8100000e+03   3.3955000e-01   2.5439000e-01   1.8021000e-01   2.6891000e-01
   1.8150000e+03   3.4060000e-01   2.5432000e-01   1.8038000e-01   2.6946000e-01
   1.8200000e+03   3.3998000e-01   2.5554000e-01   1.8050000e-01   2.7010000e-01
   1.8250000e+03   3.4083000e-01   2.5506000e-01   1.7955000e-01   2.6955000e-01
   1.8300000e+03   3.4056000e-01   2.5595000e-01   1.8029000e-01   2.6922000e-01
   1.8350000e+03   3.4129000e-01   2.5586000e-01   1.8067000e-01   2.7056000e-01
   1.8400000e+03   3.4187000e-01   2.5578000e-01   1.8018000e-01   2.7019000e-01
   1.8450000e+03   3.4249000e-01   2.5663000e-01   1.8027000e-01   2.7003000e-01
   1.8500000e+03   3.4226000e-01   2.5609000e-01   1.8025000e-01   2.7031000e-01
   1.8550000e+03   3.4312000e-01   2.5792000e-01   1.7999000e-01   2.7017000e-01
   1.8600000e+03   3.4212000e-01   2.5717000e-01   1.8022000e-01   2.7041000e-01
   1.8650000e+03   3.4370000e-01   2.5808000e-01   1.8066000e-01   2.7092000e-01
   1.8700000e+03   3.4096000e-01   2.5741000e-01   1.8099000e-01   2.7266000e-01
   1.8750000e+03   3.4512000e-01   2.5798000e-01   1.8132000e-01   2.7027000e-01
   1.8800000e+03   3.4432000e-01   2.5817000e-01   1.8173000e-01   2.7053000e-01
   1.8850000e+03   3.4561000e-01   2.5934000e-01   1.8198000e-01   2.7200000e-01
   1.8900000e+03   3.4451000e-01   2.5863000e-01   1.8240000e-01   2.7300000e-01
   1.8950000e+03   3.4530000e-01   2.5947000e-01   1.8252000e-01   2.7230000e-01
   1.9000000e+03   3.4448000e-01   2.5933000e-01   1.8256000e-01   2.7362000e-01
   1.9050000e+03   3.4589000e-01   2.5986000e-01   1.8250000e-01   2.7264000e-01
   1.9100000e+03   3.4632000e-01   2.5964000e-01   1.8265000e-01   2.7273000e-01
   1.9150000e+03   3.4699000e-01   2.6026000e-01   1.8266000e-01   2.7306000e-01
   1.9200000e+03   3.4582000e-01   2.6093000e-01   1.8309000e-01   2.7388000e-01
   1.9250000e+03   3.4727000e-01   2.6179000e-01   1.8244000e-01   2.7328000e-01
   1.9300000e+03   3.4776000e-01   2.6216000e-01   1.8417000e-01   2.7407000e-01
   1.9350000e+03   3.4848000e-01   2.6193000e-01   1.8413000e-01   2.7455000e-01
   1.9400000e+03   3.4877000e-01   2.6259000e-01   1.8454000e-01   2.7405000e-01
   1.9450000e+03   3.4909000e-01   2.6339000e-01   1.8559000e-01   2.7569000e-01
   1.9500000e+03   3.4913000e-01   2.6370000e-01   1.8541000e-01   2.7541000e-01
   1.9550000e+03   3.4899000e-01   2.6373000e-01   1.8564000e-01   2.7659000e-01
   1.9600000e+03   3.4995000e-01   2.6480000e-01   1.8621000e-01   2.7675000e-01
   1.9650000e+03   3.4964000e-01   2.6483000e-01   1.8719000e-01   2.7686000e-01
   1.9700000e+03   3.5085000e-01   2.6505000e-01   1.8726000e-01   2.7702000e-01
   1.9750000e+03   3.5050000e-01   2.6573000e-01   1.8757000e-01   2.7716000e-01
   1.9800000e+03   3.5157000e-01   2.6624000e-01   1.8791000e-01   2.7754000e-01
   1.9850000e+03   3.5156000e-01   2.6599000e-01   1.8808000e-01   2.7750000e-01
   1.9900000e+03   3.5276000e-01   2.6720000e-01   1.8864000e-01   2.7773000e-01
   1.9950000e+03   3.5270000e-01   2.6756000e-01   1.8877000e-01   2.7832000e-01
   2.0000000e+03   3.5284000e-01   2.6862000e-01   1.8857000e-01   2.7881000e-01
   2.0050000e+03   3.5332000e-01   2.6890000e-01   1.8865000e-01   2.7977000e-01
   2.0100000e+03   3.5331000e-01   2.6953000e-01   1.8958000e-01   2.7954000e-01
   2.0150000e+03   3.5358000e-01   2.6881000e-01   1.9041000e-01   2.8034000e-01
   2.0200000e+03   3.5479000e-01   2.6941000e-01   1.8996000e-01   2.7988000e-01
   2.0250000e+03   3.5376000e-01   2.7024000e-01   1.9073000e-01   2.8087000e-01
   2.0300000e+03   3.5485000e-01   2.7090000e-01   1.9089000e-01   2.8191000e-01
   2.0350000e+03   3.5463000e-01   2.7168000e-01   1.9137000e-01   2.8225000e-01
   2.0400000e+03   3.5611000e-01   2.7268000e-01   1.9137000e-01   2.8282000e-01
   2.0450000e+03   3.5534000e-01   2.7276000e-01   1.9183000e-01   2.8277000e-01
   2.0500000e+03   3.5635000e-01   2.7332000e-01   1.9245000e-01   2.8314000e-01
   2.0550000e+03   3.5706000e-01   2.7341000e-01   1.9209000e-01   2.8213000e-01
   2.0600000e+03   3.5696000e-01   2.7385000e-01   1.9202000e-01   2.8210000e-01
   2.0650000e+03   3.5623000e-01   2.7369000e-01   1.9322000e-01   2.8358000e-01
   2.0700000e+03   3.5881000e-01   2.7472000e-01   1.9329000e-01   2.8264000e-01
   2.0750000e+03   3.5845000e-01   2.7542000e-01   1.9320000e-01   2.8407000e-01
   2.0800000e+03   3.5993000e-01   2.7656000e-01   1.9445000e-01   2.8476000e-01
   2.0850000e+03   3.5879000e-01   2.7641000e-01   1.9415000e-01   2.8571000e-01
   2.0900000e+03   3.5948000e-01   2.7711000e-01   1.9478000e-01   2.8643000e-01
   2.0950000e+03   3.6007000e-01   2.7841000e-01   1.9481000e-01   2.8679000e-01
   2.1000000e+03   3.6112000e-01   2.7801000e-01   1.9562000e-01   2.8743000e-01
   2.1050000e+03   3.6023000e-01   2.7894000e-01   1.9545000e-01   2.8794000e-01
   2.1100000e+03   3.6171000e-01   2.8023000e-01   1.9659000e-01   2.8801000e-01
   2.1150000e+03   3.6236000e-01   2.8074000e-01   1.9665000e-01   2.8909000e-01
   2.1200000e+03   3.6241000e-01   2.8040000e-01   1.9707000e-01   2.8855000e-01
   2.1250000e+03   3.6284000e-01   2.8103000e-01   1.9752000e-01   2.8984000e-01
   2.1300000e+03   3.6318000e-01   2.8140000e-01   1.9871000e-01   2.9037000e-01
   2.1350000e+03   3.6371000e-01   2.8148000e-01   1.9876000e-01   2.9073000e-01
   2.1400000e+03   3.6340000e-01   2.8339000e-01   1.9898000e-01   2.9109000e-01
   2.1450000e+03   3.6399000e-01   2.8410000e-01   1.9931000e-01   2.9201000e-01
   2.1500000e+03   3.6458000e-01   2.8425000e-01   1.9965000e-01   2.9288000e-01
   2.1550000e+03   3.6400000e-01   2.8452000e-01   1.9997000e-01   2.9351000e-01
   2.1600000e+03   3.6522000e-01   2.8490000e-01   2.0022000e-01   2.9351000e-01
   2.1650000e+03   3.6600000e-01   2.8551000e-01   2.0123000e-01   2.9357000e-01
   2.1700000e+03   3.6648000e-01   2.8647000e-01   2.0145000e-01   2.9523000e-01
   2.1750000e+03   3.6688000e-01   2.8747000e-01   2.0173000e-01   2.9471000e-01
   2.1800000e+03   3.6732000e-01   2.8782000e-01   2.0325000e-01   2.9512000e-01
   2.1850000e+03   3.6765000e-01   2.8864000e-01   2.0211000e-01   2.9567000e-01
   2.1900000e+03   3.6859000e-01   2.8900000e-01   2.0294000e-01   2.9668000e-01
   2.1950000e+03   3.6966000e-01   2.8987000e-01   2.0390000e-01   2.9706000e-01
   2.2000000e+03   3.6867000e-01   2.9037000e-01   2.0380000e-01   2.9869000e-01
   2.2050000e+03   3.7054000e-01   2.9218000e-01   2.0524000e-01   2.9850000e-01
   2.2100000e+03   3.7034000e-01   2.9274000e-01   2.0520000e-01   2.9993000e-01
   2.2150000e+03   3.7088000e-01   2.9273000e-01   2.0628000e-01   2.9961000e-01
   2.2200000e+03   3.7064000e-01   2.9269000e-01   2.0698000e-01   3.0130000e-01
   2.2250000e+03   3.7306000e-01   2.9428000e-01   2.0759000e-01   3.0046000e-01
   2.2300000e+03   3.7178000e-01   2.9416000e-01   2.0792000e-01   3.0229000e-01
   2.2350000e+03   3.7271000e-01   2.9481000e-01   2.0796000e-01   3.0156000e-01
   2.2400000e+03   3.7260000e-01   2.9542000e-01   2.0907000e-01   3.0195000e-01
   2.2450000e+03   3.7360000e-01   2.9617000e-01   2.0914000e-01   3.0286000e-01
   2.2500000e+03   3.7463000e-01   2.9736000e-01   2.1058000e-01   3.0400000e-01
   2.2550000e+03   3.7514000e-01   2.9823000e-01   2.0994000e-01   3.0305000e-01
   2.2600000e+03   3.7591000e-01   2.9819000e-01   2.1164000e-01   3.0415000e-01
   2.2650000e+03   3.7563000e-01   2.9889000e-01   2.1205000e-01   3.0516000e-01
   2.2700000e+03   3.7635000e-01   3.0032000e-01   2.1273000e-01   3.0566000e-01
   2.2750000e+03   3.7710000e-01   3.0072000e-01   2.1343000e-01   3.0719000e-01
   2.2800000e+03   3.7833000e-01   3.0150000e-01   2.1436000e-01   3.0662000e-01
   2.2850000e+03   3.7787000e-01   3.0206000e-01   2.1572000e-01   3.0832000e-01
   2.2900000e+03   3.8025000e-01   3.0353000e-01   2.1587000e-01   3.0775000e-01
   2.2950000e+03   3.7951000e-01   3.0384000e-01   2.1702000e-01   3.0891000e-01
   2.3000000e+03   3.8041000e-01   3.0508000e-01   2.1787000e-01   3.0999000e-01
   2.3050000e+03   3.8116000e-01   3.0617000e-01   2.1863000e-01   3.0954000e-01
   2.3100000e+03   3.8099000e-01   3.0611000e-01   2.1894000e-01   3.1002000e-01
   2.3150000e+03   3.8102000e-01   3.0656000e-01   2.1951000e-01   3.1050000e-01
   2.3200000e+03   3.8184000e-01   3.0650000e-01   2.2092000e-01   3.1046000e-01
   2.3250000e+03   3.8040000e-01   3.0600000e-01   2.2090000e-01   3.1139000e-01
   2.3300000e+03   3.8239000e-01   3.0760000e-01   2.2237000e-01   3.1211000e-01
   2.3350000e+03   3.8267000e-01   3.0892000e-01   2.2202000e-01   3.1218000e-01
   2.3400000e+03   3.8337000e-01   3.0894000e-01   2.2296000e-01   3.1332000e-01
   2.3450000e+03   3.8319000e-01   3.1016000e-01   2.2322000e-01   3.1283000e-01
   2.3500000e+03   3.8407000e-01   3.0991000e-01   2.2535000e-01   3.1380000e-01
   2.3550000e+03   3.8456000e-01   3.1104000e-01   2.2406000e-01   3.1426000e-01
   2.3600000e+03   3.8509000e-01   3.1209000e-01   2.2559000e-01   3.1450000e-01
   2.3650000e+03   3.8440000e-01   3.1162000e-01   2.2554000e-01   3.1481000e-01
   2.3700000e+03   3.8537000e-01   3.1216000e-01   2.2659000e-01   3.1478000e-01
   2.3750000e+03   3.8484000e-01   3.1261000e-01   2.2775000e-01   3.1635000e-01
   2.3800000e+03   3.8567000e-01   3.1321000e-01   2.2890000e-01   3.1592000e-01
   2.3850000e+03   3.8570000e-01   3.1457000e-01   2.2908000e-01   3.1657000e-01
   2.3900000e+03   3.8631000e-01   3.1555000e-01   2.2964000e-01   3.1700000e-01
   2.3950000e+03   3.8701000e-01   3.1565000e-01   2.3025000e-01   3.1784000e-01
   2.4000000e+03   3.8636000e-01   3.1617000e-01   2.3164000e-01   3.1798000e-01
   2.4050000e+03   3.8754000e-01   3.1681000e-01   2.3171000e-01   3.1803000e-01
   2.4100000e+03   3.8858000e-01   3.1746000e-01   2.3201000e-01   3.1905000e-01
   2.4150000e+03   3.8899000e-01   3.1839000e-01   2.3342000e-01   3.2035000e-01
   2.4200000e+03   3.8980000e-01   3.1908000e-01   2.3317000e-01   3.2110000e-01
   2.4250000e+03   3.9020000e-01   3.2002000e-01   2.3430000e-01   3.2037000e-01
   2.4300000e+03   3.9097000e-01   3.1963000e-01   2.3509000e-01   3.2204000e-01
   2.4350000e+03   3.9072000e-01   3.1994000e-01   2.3625000e-01   3.2192000e-01
   2.4400000e+03   3.9099000e-01   3.2085000e-01   2.3627000e-01   3.2175000e-01
   2.4450000e+03   3.9134000e-01   3.2138000e-01   2.3758000e-01   3.2276000e-01
   2.4500000e+03   3.9183000e-01   3.2225000e-01   2.3793000e-01   3.2249000e-01
   2.4550000e+03   3.9158000e-01   3.2216000e-01   2.3817000e-01   3.2266000e-01
   2.4600000e+03   3.9224000e-01   3.2288000e-01   2.3955000e-01   3.2291000e-01
   2.4650000e+03   3.9194000e-01   3.2317000e-01   2.4043000e-01   3.2321000e-01
   2.4700000e+03   3.9216000e-01   3.2308000e-01   2.4181000e-01   3.2400000e-01
   2.4750000e+03   3.9264000e-01   3.2416000e-01   2.4184000e-01   3.2462000e-01
   2.4800000e+03   3.9382000e-01   3.2519000e-01   2.4359000e-01   3.2541000e-01
   2.4850000e+03   3.9346000e-01   3.2519000e-01   2.4534000e-01   3.2539000e-01
   2.4900000e+03   3.9356000e-01   3.2628000e-01   2.4521000e-01   3.2534000e-01
   2.4950000e+03   3.9475000e-01   3.2715000e-01   2.4686000e-01   3.2667000e-01
   2.5000000e+03   3.9542000e-01   3.2722000e-01   2.4714000e-01   3.2722000e-01
   2.5050000e+03   3.9522000e-01   3.2875000e-01   2.4839000e-01   3.2789000e-01
   2.5100000e+03   3.9608000e-01   3.2828000e-01   2.4839000e-01   3.2828000e-01
   2.5150000e+03   3.9573000e-01   3.2901000e-01   2.4927000e-01   3.2832000e-01
   2.5200000e+03   3.9589000e-01   3.2894000e-01   2.5006000e-01   3.2913000e-01
   2.5250000e+03   3.9614000e-01   3.3011000e-01   2.5076000e-01   3.2952000e-01
   2.5300000e+03   3.9479000e-01   3.3015000e-01   2.5110000e-01   3.3066000e-01
   2.5350000e+03   3.9555000e-01   3.3148000e-01   2.5233000e-01   3.2909000e-01
   2.5400000e+03   3.9762000e-01   3.3170000e-01   2.5298000e-01   3.3038000e-01
   2.5450000e+03   3.9734000e-01   3.3220000e-01   2.5243000e-01   3.3002000e-01
   2.5500000e+03   3.9776000e-01   3.3371000e-01   2.5454000e-01   3.3233000e-01
   2.5550000e+03   4.0110000e-01   3.3396000e-01   2.5516000e-01   3.2943000e-01
   2.5600000e+03   3.9527000e-01   3.3382000e-01   2.5476000e-01   3.3563000e-01
   2.5650000e+03   3.9991000e-01   3.3434000e-01   2.5562000e-01   3.2984000e-01
   2.5700000e+03   4.0022000e-01   3.3482000e-01   2.5658000e-01   3.3130000e-01
   2.5750000e+03   3.9930000e-01   3.3490000e-01   2.5697000e-01   3.3302000e-01
   2.5800000e+03   4.0127000e-01   3.3655000e-01   2.5676000e-01   3.3259000e-01
   2.5850000e+03   3.9855000e-01   3.3542000e-01   2.6018000e-01   3.3542000e-01
   2.5900000e+03   4.0543000e-01   3.3800000e-01   2.5841000e-01   3.3092000e-01
   2.5950000e+03   3.9679000e-01   3.3538000e-01   2.5727000e-01   3.3729000e-01
   2.6000000e+03   4.0926000e-01   3.3956000e-01   2.5886000e-01   3.3079000e-01
