   3.0000000e+02   4.6009000e-02   3.6958000e-02   3.4067000e-02   4.1063000e-02
   3.0500000e+02   4.8697000e-02   4.1020000e-02   3.9934000e-02   4.3368000e-02
   3.1000000e+02   5.1017000e-02   4.3402000e-02   3.8763000e-02   4.4267000e-02
   3.1500000e+02   5.2012000e-02   4.3964000e-02   4.0396000e-02   4.5886000e-02
   3.2000000e+02   5.2756000e-02   4.4541000e-02   4.0949000e-02   4.6420000e-02
   3.2500000e+02   5.3052000e-02   4.4891000e-02   4.1276000e-02   4.7089000e-02
   3.3000000e+02   5.4282000e-02   4.5207000e-02   4.0461000e-02   4.6845000e-02
   3.3500000e+02   5.4968000e-02   4.5751000e-02   4.1008000e-02   4.7447000e-02
   3.4000000e+02   5.5589000e-02   4.6134000e-02   4.0933000e-02   4.8138000e-02
   3.4500000e+02   5.6414000e-02   4.6583000e-02   4.2014000e-02   4.8469000e-02
   3.5000000e+02   5.7577000e-02   4.7083000e-02   4.1314000e-02   4.9209000e-02
   3.5500000e+02   5.9406000e-02   4.8392000e-02   4.2118000e-02   4.9645000e-02
   3.6000000e+02   5.9428000e-02   4.8867000e-02   4.2825000e-02   5.1229000e-02
   3.6500000e+02   6.1512000e-02   4.9655000e-02   4.3488000e-02   5.1125000e-02
   3.7000000e+02   6.3056000e-02   5.0387000e-02   4.3400000e-02   5.2019000e-02
   3.7500000e+02   6.4375000e-02   5.1485000e-02   4.4570000e-02   5.3311000e-02
   3.8000000e+02   6.6481000e-02   5.2623000e-02   4.5133000e-02   5.4249000e-02
   3.8500000e+02   6.7454000e-02   5.3534000e-02   4.5503000e-02   5.5478000e-02
   3.9000000e+02   6.9391000e-02   5.4934000e-02   4.6179000e-02   5.6339000e-02
   3.9500000e+02   7.0608000e-02   5.5932000e-02   4.7565000e-02   5.7744000e-02
   4.0000000e+02   7.2513000e-02   5.6596000e-02   4.6993000e-02   5.7911000e-02
   4.0500000e+02   7.3584000e-02   5.7519000e-02   4.7635000e-02   5.8994000e-02
   4.1000000e+02   7.5193000e-02   5.8591000e-02   4.8213000e-02   5.9702000e-02
   4.1500000e+02   7.6872000e-02   5.9449000e-02   4.9231000e-02   6.0372000e-02
   4.2000000e+02   7.7701000e-02   6.0436000e-02   4.9293000e-02   6.1790000e-02
   4.2500000e+02   8.0240000e-02   6.1742000e-02   5.0058000e-02   6.2316000e-02
   4.3000000e+02   8.1075000e-02   6.2514000e-02   5.0327000e-02   6.3737000e-02
   4.3500000e+02   8.2755000e-02   6.3530000e-02   5.1150000e-02   6.4567000e-02
   4.4000000e+02   8.4312000e-02   6.4628000e-02   5.1417000e-02   6.5412000e-02
   4.4500000e+02   8.5556000e-02   6.5539000e-02   5.2380000e-02   6.6528000e-02
   4.5000000e+02   8.7189000e-02   6.6615000e-02   5.2370000e-02   6.7218000e-02
   4.5500000e+02   8.8310000e-02   6.7448000e-02   5.3120000e-02   6.8378000e-02
   4.6000000e+02   8.9846000e-02   6.8506000e-02   5.3680000e-02   6.9128000e-02
   4.6500000e+02   9.0968000e-02   6.9407000e-02   5.4492000e-02   7.0250000e-02
   4.7000000e+02   9.2538000e-02   7.0435000e-02   5.5134000e-02   7.1038000e-02
   4.7500000e+02   9.3753000e-02   7.1387000e-02   5.5266000e-02   7.2073000e-02
   4.8000000e+02   9.5220000e-02   7.2411000e-02   5.5813000e-02   7.2854000e-02
   4.8500000e+02   9.6471000e-02   7.3268000e-02   5.6789000e-02   7.3838000e-02
   4.9000000e+02   9.7626000e-02   7.4241000e-02   5.6739000e-02   7.4840000e-02
   4.9500000e+02   9.9619000e-02   7.5348000e-02   5.7511000e-02   7.5391000e-02
   5.0000000e+02   1.0003000e-01   7.5975000e-02   5.7661000e-02   7.7070000e-02
   5.0500000e+02   1.0249000e-01   7.7231000e-02   5.8951000e-02   7.7048000e-02
   5.1000000e+02   1.0329000e-01   7.8039000e-02   5.8907000e-02   7.8488000e-02
   5.1500000e+02   1.0475000e-01   7.9032000e-02   5.9769000e-02   7.9284000e-02
   5.2000000e+02   1.0627000e-01   8.0090000e-02   6.0058000e-02   8.0045000e-02
   5.2500000e+02   1.0740000e-01   8.0944000e-02   6.1753000e-02   8.1075000e-02
   5.3000000e+02   1.0891000e-01   8.2070000e-02   6.1741000e-02   8.1817000e-02
   5.3500000e+02   1.0998000e-01   8.2926000e-02   6.2973000e-02   8.3016000e-02
   5.4000000e+02   1.1158000e-01   8.3988000e-02   6.2813000e-02   8.3598000e-02
   5.4500000e+02   1.1263000e-01   8.4848000e-02   6.3500000e-02   8.4853000e-02
   5.5000000e+02   1.1401000e-01   8.5808000e-02   6.3458000e-02   8.5373000e-02
   5.5500000e+02   1.1509000e-01   8.6627000e-02   6.4492000e-02   8.6350000e-02
   5.6000000e+02   1.1641000e-01   8.7521000e-02   6.4784000e-02   8.6861000e-02
   5.6500000e+02   1.1755000e-01   8.8339000e-02   6.5698000e-02   8.7937000e-02
   5.7000000e+02   1.1892000e-01   8.9336000e-02   6.5735000e-02   8.8657000e-02
   5.7500000e+02   1.2005000e-01   9.0073000e-02   6.6494000e-02   8.9453000e-02
   5.8000000e+02   1.2110000e-01   9.0946000e-02   6.6822000e-02   9.0143000e-02
   5.8500000e+02   1.2275000e-01   9.1926000e-02   6.6745000e-02   9.0609000e-02
   5.9000000e+02   1.2293000e-01   9.2526000e-02   6.7449000e-02   9.2043000e-02
   5.9500000e+02   1.2514000e-01   9.3709000e-02   6.7660000e-02   9.1984000e-02
   6.0000000e+02   1.2556000e-01   9.4309000e-02   6.8281000e-02   9.3633000e-02
   6.0500000e+02   1.2731000e-01   9.5284000e-02   6.8912000e-02   9.3707000e-02
   6.1000000e+02   1.2838000e-01   9.6243000e-02   6.9258000e-02   9.4732000e-02
   6.1500000e+02   1.2949000e-01   9.7039000e-02   6.9947000e-02   9.5704000e-02
   6.2000000e+02   1.3090000e-01   9.7981000e-02   6.9895000e-02   9.6341000e-02
   6.2500000e+02   1.3167000e-01   9.8757000e-02   7.0964000e-02   9.7435000e-02
   6.3000000e+02   1.3300000e-01   9.9748000e-02   7.1168000e-02   9.8040000e-02
   6.3500000e+02   1.3368000e-01   1.0049000e-01   7.1401000e-02   9.9047000e-02
   6.4000000e+02   1.3507000e-01   1.0146000e-01   7.1559000e-02   9.9670000e-02
   6.4500000e+02   1.3573000e-01   1.0211000e-01   7.2917000e-02   1.0063000e-01
   6.5000000e+02   1.3713000e-01   1.0304000e-01   7.2883000e-02   1.0112000e-01
   6.5500000e+02   1.3799000e-01   1.0370000e-01   7.3547000e-02   1.0214000e-01
   6.6000000e+02   1.3913000e-01   1.0457000e-01   7.3460000e-02   1.0254000e-01
   6.6500000e+02   1.3988000e-01   1.0520000e-01   7.4100000e-02   1.0341000e-01
   6.7000000e+02   1.4114000e-01   1.0606000e-01   7.3569000e-02   1.0380000e-01
   6.7500000e+02   1.4195000e-01   1.0678000e-01   7.4829000e-02   1.0488000e-01
   6.8000000e+02   1.4276000e-01   1.0740000e-01   7.5196000e-02   1.0541000e-01
   6.8500000e+02   1.4482000e-01   1.0856000e-01   7.5630000e-02   1.0557000e-01
   6.9000000e+02   1.4423000e-01   1.0875000e-01   7.5228000e-02   1.0724000e-01
   6.9500000e+02   1.4690000e-01   1.0999000e-01   7.6819000e-02   1.0688000e-01
   7.0000000e+02   1.4700000e-01   1.1031000e-01   7.6796000e-02   1.0822000e-01
   7.0500000e+02   1.4811000e-01   1.1112000e-01   7.7363000e-02   1.0852000e-01
   7.1000000e+02   1.4928000e-01   1.1201000e-01   7.7730000e-02   1.0882000e-01
   7.1500000e+02   1.4994000e-01   1.1240000e-01   7.8712000e-02   1.1008000e-01
   7.2000000e+02   1.5149000e-01   1.1347000e-01   7.8784000e-02   1.1027000e-01
   7.2500000e+02   1.5204000e-01   1.1404000e-01   7.9648000e-02   1.1166000e-01
   7.3000000e+02   1.5342000e-01   1.1496000e-01   7.9071000e-02   1.1178000e-01
   7.3500000e+02   1.5448000e-01   1.1569000e-01   7.9655000e-02   1.1276000e-01
   7.4000000e+02   1.5511000e-01   1.1653000e-01   7.9832000e-02   1.1301000e-01
   7.4500000e+02   1.5642000e-01   1.1756000e-01   8.0574000e-02   1.1410000e-01
   7.5000000e+02   1.5679000e-01   1.1841000e-01   8.0914000e-02   1.1464000e-01
   7.5500000e+02   1.5823000e-01   1.1871000e-01   8.0952000e-02   1.1467000e-01
   7.6000000e+02   1.5860000e-01   1.1928000e-01   8.1545000e-02   1.1597000e-01
   7.6500000e+02   1.6029000e-01   1.2078000e-01   8.1255000e-02   1.1648000e-01
   7.7000000e+02   1.6046000e-01   1.2069000e-01   8.1626000e-02   1.1712000e-01
   7.7500000e+02   1.6163000e-01   1.2165000e-01   8.2129000e-02   1.1769000e-01
   7.8000000e+02   1.6332000e-01   1.2203000e-01   8.2219000e-02   1.1900000e-01
   7.8500000e+02   1.6356000e-01   1.2280000e-01   8.2711000e-02   1.1945000e-01
   7.9000000e+02   1.6460000e-01   1.2299000e-01   8.3232000e-02   1.1953000e-01
   7.9500000e+02   1.6429000e-01   1.2359000e-01   8.3424000e-02   1.2023000e-01
   8.0000000e+02   1.6667000e-01   1.2439000e-01   8.3335000e-02   1.2044000e-01
   8.0500000e+02   1.6729000e-01   1.2490000e-01   8.3822000e-02   1.2122000e-01
   8.1000000e+02   1.6834000e-01   1.2586000e-01   8.3341000e-02   1.2202000e-01
   8.1500000e+02   1.6886000e-01   1.2611000e-01   8.3255000e-02   1.2149000e-01
   8.2000000e+02   1.6926000e-01   1.2606000e-01   8.3644000e-02   1.2211000e-01
   8.2500000e+02   1.7067000e-01   1.2706000e-01   8.3396000e-02   1.2200000e-01
   8.3000000e+02   1.7101000e-01   1.2667000e-01   8.3262000e-02   1.2285000e-01
   8.3500000e+02   1.7200000e-01   1.2733000e-01   8.3165000e-02   1.2275000e-01
   8.4000000e+02   1.7219000e-01   1.2688000e-01   8.2643000e-02   1.2342000e-01
   8.4500000e+02   1.7284000e-01   1.2809000e-01   8.3141000e-02   1.2366000e-01
   8.5000000e+02   1.7375000e-01   1.2827000e-01   8.2968000e-02   1.2331000e-01
   8.5500000e+02   1.7406000e-01   1.2849000e-01   8.2686000e-02   1.2376000e-01
   8.6000000e+02   1.7491000e-01   1.2823000e-01   8.2829000e-02   1.2390000e-01
   8.6500000e+02   1.7555000e-01   1.2860000e-01   8.2431000e-02   1.2406000e-01
   8.7000000e+02   1.7585000e-01   1.2862000e-01   8.2573000e-02   1.2447000e-01
   8.7500000e+02   1.7696000e-01   1.2953000e-01   8.2186000e-02   1.2456000e-01
   8.8000000e+02   1.7704000e-01   1.2883000e-01   8.2195000e-02   1.2457000e-01
   8.8500000e+02   1.7798000e-01   1.2917000e-01   8.2295000e-02   1.2447000e-01
   8.9000000e+02   1.7775000e-01   1.2950000e-01   8.1949000e-02   1.2517000e-01
   8.9500000e+02   1.7894000e-01   1.2933000e-01   8.2214000e-02   1.2560000e-01
   9.0000000e+02   1.7964000e-01   1.3009000e-01   8.1881000e-02   1.2527000e-01
   9.0500000e+02   1.8021000e-01   1.3100000e-01   8.2266000e-02   1.2627000e-01
   9.1000000e+02   1.8187000e-01   1.3126000e-01   8.1621000e-02   1.2552000e-01
   9.1500000e+02   1.8115000e-01   1.3151000e-01   8.1878000e-02   1.2659000e-01
   9.2000000e+02   1.8205000e-01   1.3190000e-01   8.1245000e-02   1.2654000e-01
   9.2500000e+02   1.8289000e-01   1.3172000e-01   8.1060000e-02   1.2701000e-01
   9.3000000e+02   1.8378000e-01   1.3232000e-01   8.1610000e-02   1.2728000e-01
   9.3500000e+02   1.8412000e-01   1.3274000e-01   8.1903000e-02   1.2809000e-01
   9.4000000e+02   1.8481000e-01   1.3320000e-01   8.2100000e-02   1.2885000e-01
   9.4500000e+02   1.8616000e-01   1.3377000e-01   8.2112000e-02   1.2839000e-01
   9.5000000e+02   1.8637000e-01   1.3403000e-01   8.2645000e-02   1.2906000e-01
   9.5500000e+02   1.8851000e-01   1.3544000e-01   8.2783000e-02   1.2960000e-01
   9.6000000e+02   1.8821000e-01   1.3616000e-01   8.3208000e-02   1.3038000e-01
   9.6500000e+02   1.8841000e-01   1.3625000e-01   8.3741000e-02   1.3120000e-01
   9.7000000e+02   1.8971000e-01   1.3759000e-01   8.3499000e-02   1.3181000e-01
   9.7500000e+02   1.9114000e-01   1.3794000e-01   8.5020000e-02   1.3221000e-01
   9.8000000e+02   1.9181000e-01   1.3857000e-01   8.5826000e-02   1.3262000e-01
   9.8500000e+02   1.9285000e-01   1.3958000e-01   8.6154000e-02   1.3362000e-01
   9.9000000e+02   1.9437000e-01   1.4088000e-01   8.6283000e-02   1.3418000e-01
   9.9500000e+02   1.9368000e-01   1.4126000e-01   8.7095000e-02   1.3543000e-01
   1.0000000e+03   1.9494000e-01   1.4196000e-01   8.7036000e-02   1.3592000e-01
   1.0050000e+03   1.9677000e-01   1.4321000e-01   8.8171000e-02   1.3683000e-01
   1.0100000e+03   1.9560000e-01   1.4376000e-01   8.8394000e-02   1.3764000e-01
   1.0150000e+03   1.9836000e-01   1.4540000e-01   8.9360000e-02   1.3770000e-01
   1.0200000e+03   1.9829000e-01   1.4533000e-01   8.9990000e-02   1.3981000e-01
   1.0250000e+03   2.0010000e-01   1.4658000e-01   9.1286000e-02   1.3984000e-01
   1.0300000e+03   2.0069000e-01   1.4763000e-01   9.1160000e-02   1.4067000e-01
   1.0350000e+03   2.0209000e-01   1.4877000e-01   9.2588000e-02   1.4216000e-01
   1.0400000e+03   2.0277000e-01   1.4904000e-01   9.2223000e-02   1.4161000e-01
   1.0450000e+03   2.0330000e-01   1.5059000e-01   9.3829000e-02   1.4358000e-01
   1.0500000e+03   2.0488000e-01   1.5181000e-01   9.3770000e-02   1.4422000e-01
   1.0550000e+03   2.0494000e-01   1.5269000e-01   9.5165000e-02   1.4534000e-01
   1.0600000e+03   2.0703000e-01   1.5322000e-01   9.4513000e-02   1.4616000e-01
   1.0650000e+03   2.0752000e-01   1.5429000e-01   9.6296000e-02   1.4602000e-01
   1.0700000e+03   2.0860000e-01   1.5429000e-01   9.5974000e-02   1.4726000e-01
   1.0750000e+03   2.0956000e-01   1.5563000e-01   9.6797000e-02   1.4736000e-01
   1.0800000e+03   2.0925000e-01   1.5627000e-01   9.7243000e-02   1.4854000e-01
   1.0850000e+03   2.1147000e-01   1.5748000e-01   9.8603000e-02   1.4895000e-01
   1.0900000e+03   2.1138000e-01   1.5795000e-01   9.9029000e-02   1.4996000e-01
   1.0950000e+03   2.1317000e-01   1.5908000e-01   9.9981000e-02   1.5089000e-01
   1.1000000e+03   2.1296000e-01   1.5955000e-01   1.0043000e-01   1.5135000e-01
   1.1050000e+03   2.1346000e-01   1.6050000e-01   1.0129000e-01   1.5214000e-01
   1.1100000e+03   2.1505000e-01   1.6136000e-01   1.0083000e-01   1.5237000e-01
   1.1150000e+03   2.1581000e-01   1.6192000e-01   1.0254000e-01   1.5373000e-01
   1.1200000e+03   2.1715000e-01   1.6280000e-01   1.0136000e-01   1.5451000e-01
   1.1250000e+03   2.1746000e-01   1.6404000e-01   1.0265000e-01   1.5511000e-01
   1.1300000e+03   2.1877000e-01   1.6488000e-01   1.0371000e-01   1.5585000e-01
   1.1350000e+03   2.1911000e-01   1.6534000e-01   1.0374000e-01   1.5667000e-01
   1.1400000e+03   2.2010000e-01   1.6663000e-01   1.0455000e-01   1.5682000e-01
   1.1450000e+03   2.2143000e-01   1.6702000e-01   1.0451000e-01   1.5704000e-01
   1.1500000e+03   2.2187000e-01   1.6751000e-01   1.0523000e-01   1.5807000e-01
   1.1550000e+03   2.2240000e-01   1.6857000e-01   1.0584000e-01   1.5769000e-01
   1.1600000e+03   2.2366000e-01   1.6907000e-01   1.0639000e-01   1.5894000e-01
   1.1650000e+03   2.2433000e-01   1.6957000e-01   1.0681000e-01   1.5979000e-01
   1.1700000e+03   2.2469000e-01   1.7098000e-01   1.0700000e-01   1.6119000e-01
   1.1750000e+03   2.2523000e-01   1.7102000e-01   1.0744000e-01   1.6085000e-01
   1.1800000e+03   2.2703000e-01   1.7198000e-01   1.0836000e-01   1.6124000e-01
   1.1850000e+03   2.2733000e-01   1.7275000e-01   1.0864000e-01   1.6172000e-01
   1.1900000e+03   2.2849000e-01   1.7357000e-01   1.0811000e-01   1.6231000e-01
   1.1950000e+03   2.2927000e-01   1.7413000e-01   1.0907000e-01   1.6318000e-01
   1.2000000e+03   2.3000000e-01   1.7497000e-01   1.0948000e-01   1.6388000e-01
   1.2050000e+03   2.3069000e-01   1.7524000e-01   1.1042000e-01   1.6480000e-01
   1.2100000e+03   2.3125000e-01   1.7688000e-01   1.1104000e-01   1.6577000e-01
   1.2150000e+03   2.3279000e-01   1.7650000e-01   1.1115000e-01   1.6547000e-01
   1.2200000e+03   2.3385000e-01   1.7838000e-01   1.1145000e-01   1.6660000e-01
   1.2250000e+03   2.3378000e-01   1.7877000e-01   1.1209000e-01   1.6688000e-01
   1.2300000e+03   2.3425000e-01   1.7932000e-01   1.1249000e-01   1.6715000e-01
   1.2350000e+03   2.3518000e-01   1.7987000e-01   1.1299000e-01   1.6756000e-01
   1.2400000e+03   2.3594000e-01   1.8079000e-01   1.1357000e-01   1.6873000e-01
   1.2450000e+03   2.3720000e-01   1.8094000e-01   1.1423000e-01   1.6887000e-01
   1.2500000e+03   2.3760000e-01   1.8154000e-01   1.1467000e-01   1.6969000e-01
   1.2550000e+03   2.3845000e-01   1.8256000e-01   1.1515000e-01   1.7055000e-01
   1.2600000e+03   2.3934000e-01   1.8372000e-01   1.1538000e-01   1.7092000e-01
   1.2650000e+03   2.4074000e-01   1.8439000e-01   1.1580000e-01   1.7197000e-01
   1.2700000e+03   2.4100000e-01   1.8518000e-01   1.1610000e-01   1.7196000e-01
   1.2750000e+03   2.4275000e-01   1.8608000e-01   1.1649000e-01   1.7356000e-01
   1.2800000e+03   2.4284000e-01   1.8654000e-01   1.1685000e-01   1.7426000e-01
   1.2850000e+03   2.4360000e-01   1.8700000e-01   1.1744000e-01   1.7509000e-01
   1.2900000e+03   2.4464000e-01   1.8820000e-01   1.1781000e-01   1.7603000e-01
   1.2950000e+03   2.4535000e-01   1.8915000e-01   1.1849000e-01   1.7678000e-01
   1.3000000e+03   2.4654000e-01   1.8972000e-01   1.1912000e-01   1.7772000e-01
   1.3050000e+03   2.4669000e-01   1.9097000e-01   1.1986000e-01   1.7803000e-01
   1.3100000e+03   2.4758000e-01   1.9151000e-01   1.2052000e-01   1.7883000e-01
   1.3150000e+03   2.4830000e-01   1.9264000e-01   1.2139000e-01   1.7893000e-01
   1.3200000e+03   2.4895000e-01   1.9311000e-01   1.2181000e-01   1.7978000e-01
   1.3250000e+03   2.4975000e-01   1.9422000e-01   1.2227000e-01   1.8016000e-01
   1.3300000e+03   2.5107000e-01   1.9471000e-01   1.2263000e-01   1.8085000e-01
   1.3350000e+03   2.5224000e-01   1.9558000e-01   1.2316000e-01   1.8208000e-01
   1.3400000e+03   2.5287000e-01   1.9656000e-01   1.2351000e-01   1.8244000e-01
   1.3450000e+03   2.5297000e-01   1.9717000e-01   1.2411000e-01   1.8356000e-01
   1.3500000e+03   2.5399000e-01   1.9800000e-01   1.2459000e-01   1.8407000e-01
   1.3550000e+03   2.5365000e-01   1.9822000e-01   1.2531000e-01   1.8460000e-01
   1.3600000e+03   2.5503000e-01   1.9916000e-01   1.2593000e-01   1.8495000e-01
   1.3650000e+03   2.5649000e-01   1.9977000e-01   1.2683000e-01   1.8488000e-01
   1.3700000e+03   2.5654000e-01   2.0128000e-01   1.2738000e-01   1.8570000e-01
   1.3750000e+03   2.5820000e-01   2.0167000e-01   1.2803000e-01   1.8622000e-01
   1.3800000e+03   2.5788000e-01   2.0271000e-01   1.2842000e-01   1.8744000e-01
   1.3850000e+03   2.6001000e-01   2.0358000e-01   1.2897000e-01   1.8814000e-01
   1.3900000e+03   2.6083000e-01   2.0389000e-01   1.2937000e-01   1.8805000e-01
   1.3950000e+03   2.6056000e-01   2.0465000e-01   1.3004000e-01   1.8983000e-01
   1.4000000e+03   2.6096000e-01   2.0483000e-01   1.3079000e-01   1.9018000e-01
   1.4050000e+03   2.6161000e-01   2.0641000e-01   1.3146000e-01   1.9023000e-01
   1.4100000e+03   2.6276000e-01   2.0656000e-01   1.3218000e-01   1.9113000e-01
   1.4150000e+03   2.6396000e-01   2.0750000e-01   1.3274000e-01   1.9185000e-01
   1.4200000e+03   2.6355000e-01   2.0815000e-01   1.3316000e-01   1.9279000e-01
   1.4250000e+03   2.6568000e-01   2.0905000e-01   1.3334000e-01   1.9317000e-01
   1.4300000e+03   2.6526000e-01   2.0967000e-01   1.3392000e-01   1.9456000e-01
   1.4350000e+03   2.6733000e-01   2.1036000e-01   1.3443000e-01   1.9480000e-01
   1.4400000e+03   2.6765000e-01   2.1125000e-01   1.3496000e-01   1.9567000e-01
   1.4450000e+03   2.6823000e-01   2.1238000e-01   1.3544000e-01   1.9564000e-01
   1.4500000e+03   2.6844000e-01   2.1276000e-01   1.3598000e-01   1.9675000e-01
   1.4550000e+03   2.6935000e-01   2.1319000e-01   1.3658000e-01   1.9682000e-01
   1.4600000e+03   2.7031000e-01   2.1428000e-01   1.3702000e-01   1.9684000e-01
   1.4650000e+03   2.7089000e-01   2.1466000e-01   1.3766000e-01   1.9850000e-01
   1.4700000e+03   2.7156000e-01   2.1611000e-01   1.3821000e-01   1.9891000e-01
   1.4750000e+03   2.7218000e-01   2.1629000e-01   1.3916000e-01   1.9995000e-01
   1.4800000e+03   2.7310000e-01   2.1728000e-01   1.3962000e-01   2.0022000e-01
   1.4850000e+03   2.7329000e-01   2.1762000e-01   1.4036000e-01   2.0024000e-01
   1.4900000e+03   2.7434000e-01   2.1808000e-01   1.4075000e-01   2.0033000e-01
   1.4950000e+03   2.7488000e-01   2.1881000e-01   1.4144000e-01   2.0199000e-01
   1.5000000e+03   2.7520000e-01   2.1960000e-01   1.4158000e-01   2.0266000e-01
   1.5050000e+03   2.7634000e-01   2.2027000e-01   1.4232000e-01   2.0304000e-01
   1.5100000e+03   2.7709000e-01   2.2147000e-01   1.4272000e-01   2.0321000e-01
   1.5150000e+03   2.7709000e-01   2.2163000e-01   1.4330000e-01   2.0345000e-01
   1.5200000e+03   2.7839000e-01   2.2271000e-01   1.4365000e-01   2.0411000e-01
   1.5250000e+03   2.7826000e-01   2.2315000e-01   1.4423000e-01   2.0393000e-01
   1.5300000e+03   2.8000000e-01   2.2403000e-01   1.4457000e-01   2.0502000e-01
   1.5350000e+03   2.7977000e-01   2.2395000e-01   1.4531000e-01   2.0656000e-01
   1.5400000e+03   2.8053000e-01   2.2478000e-01   1.4591000e-01   2.0716000e-01
   1.5450000e+03   2.8126000e-01   2.2520000e-01   1.4655000e-01   2.0795000e-01
   1.5500000e+03   2.8172000e-01   2.2563000e-01   1.4711000e-01   2.0884000e-01
   1.5550000e+03   2.8230000e-01   2.2687000e-01   1.4762000e-01   2.0790000e-01
   1.5600000e+03   2.8356000e-01   2.2736000e-01   1.4781000e-01   2.0852000e-01
   1.5650000e+03   2.8370000e-01   2.2746000e-01   1.4809000e-01   2.0854000e-01
   1.5700000e+03   2.8438000e-01   2.2831000e-01   1.4818000e-01   2.0854000e-01
   1.5750000e+03   2.8467000e-01   2.2937000e-01   1.4856000e-01   2.0965000e-01
   1.5800000e+03   2.8557000e-01   2.2909000e-01   1.4897000e-01   2.0996000e-01
   1.5850000e+03   2.8632000e-01   2.3043000e-01   1.4940000e-01   2.1070000e-01
   1.5900000e+03   2.8733000e-01   2.3045000e-01   1.4956000e-01   2.1180000e-01
   1.5950000e+03   2.8776000e-01   2.3122000e-01   1.5015000e-01   2.1227000e-01
   1.6000000e+03   2.8785000e-01   2.3167000e-01   1.5029000e-01   2.1264000e-01
   1.6050000e+03   2.8868000e-01   2.3190000e-01   1.5041000e-01   2.1223000e-01
   1.6100000e+03   2.8865000e-01   2.3231000e-01   1.5058000e-01   2.1311000e-01
   1.6150000e+03   2.8977000e-01   2.3315000e-01   1.5097000e-01   2.1381000e-01
   1.6200000e+03   2.9063000e-01   2.3408000e-01   1.5107000e-01   2.1425000e-01
   1.6250000e+03   2.9064000e-01   2.3486000e-01   1.5145000e-01   2.1506000e-01
   1.6300000e+03   2.9116000e-01   2.3473000e-01   1.5177000e-01   2.1507000e-01
   1.6350000e+03   2.9162000e-01   2.3508000e-01   1.5225000e-01   2.1662000e-01
   1.6400000e+03   2.9211000e-01   2.3575000e-01   1.5268000e-01   2.1678000e-01
   1.6450000e+03   2.9232000e-01   2.3589000e-01   1.5347000e-01   2.1605000e-01
   1.6500000e+03   2.9245000e-01   2.3677000e-01   1.5388000e-01   2.1654000e-01
   1.6550000e+03   2.9410000e-01   2.3733000e-01   1.5401000e-01   2.1635000e-01
   1.6600000e+03   2.9403000e-01   2.3763000e-01   1.5396000e-01   2.1764000e-01
   1.6650000e+03   2.9479000e-01   2.3863000e-01   1.5367000e-01   2.1759000e-01
   1.6700000e+03   2.9450000e-01   2.3844000e-01   1.5384000e-01   2.1862000e-01
   1.6750000e+03   2.9550000e-01   2.3985000e-01   1.5452000e-01   2.1835000e-01
   1.6800000e+03   2.9547000e-01   2.3971000e-01   1.5438000e-01   2.1928000e-01
   1.6850000e+03   2.9645000e-01   2.3996000e-01   1.5400000e-01   2.1897000e-01
   1.6900000e+03   2.9646000e-01   2.4068000e-01   1.5430000e-01   2.2069000e-01
   1.6950000e+03   2.9771000e-01   2.4101000e-01   1.5436000e-01   2.1983000e-01
   1.7000000e+03   2.9773000e-01   2.4145000e-01   1.5482000e-01   2.2030000e-01
   1.7050000e+03   2.9807000e-01   2.4189000e-01   1.5382000e-01   2.2087000e-01
   1.7100000e+03   2.9876000e-01   2.4247000e-01   1.5442000e-01   2.2159000e-01
   1.7150000e+03   2.9860000e-01   2.4268000e-01   1.5496000e-01   2.2212000e-01
   1.7200000e+03   2.9968000e-01   2.4406000e-01   1.5371000e-01   2.2200000e-01
   1.7250000e+03   2.9995000e-01   2.4335000e-01   1.5481000e-01   2.2243000e-01
   1.7300000e+03   3.0055000e-01   2.4363000e-01   1.5447000e-01   2.2214000e-01
   1.7350000e+03   3.0069000e-01   2.4456000e-01   1.5520000e-01   2.2291000e-01
   1.7400000e+03   3.0150000e-01   2.4495000e-01   1.5421000e-01   2.2296000e-01
   1.7450000e+03   3.0220000e-01   2.4475000e-01   1.5542000e-01   2.2419000e-01
   1.7500000e+03   3.0315000e-01   2.4593000e-01   1.5477000e-01   2.2345000e-01
   1.7550000e+03   3.0253000e-01   2.4646000e-01   1.5487000e-01   2.2414000e-01
   1.7600000e+03   3.0319000e-01   2.4679000e-01   1.5598000e-01   2.2450000e-01
   1.7650000e+03   3.0416000e-01   2.4706000e-01   1.5531000e-01   2.2490000e-01
   1.7700000e+03   3.0409000e-01   2.4725000e-01   1.5524000e-01   2.2610000e-01
   1.7750000e+03   3.0435000e-01   2.4816000e-01   1.5593000e-01   2.2529000e-01
   1.7800000e+03   3.0442000e-01   2.4754000e-01   1.5573000e-01   2.2654000e-01
   1.7850000e+03   3.0521000e-01   2.4840000e-01   1.5517000e-01   2.2603000e-01
   1.7900000e+03   3.0526000e-01   2.4893000e-01   1.5519000e-01   2.2731000e-01
   1.7950000e+03   3.0711000e-01   2.4916000e-01   1.5527000e-01   2.2724000e-01
   1.8000000e+03   3.0572000e-01   2.4962000e-01   1.5622000e-01   2.2811000e-01
   1.8050000e+03   3.0616000e-01   2.4993000e-01   1.5611000e-01   2.2732000e-01
   1.8100000e+03   3.0647000e-01   2.4991000e-01   1.5604000e-01   2.2851000e-01
   1.8150000e+03   3.0751000e-01   2.5096000e-01   1.5589000e-01   2.2894000e-01
   1.8200000e+03   3.0654000e-01   2.5127000e-01   1.5600000e-01   2.2921000e-01
   1.8250000e+03   3.0844000e-01   2.5118000e-01   1.5623000e-01   2.2899000e-01
   1.8300000e+03   3.0760000e-01   2.5214000e-01   1.5632000e-01   2.2882000e-01
   1.8350000e+03   3.0800000e-01   2.5306000e-01   1.5680000e-01   2.3036000e-01
   1.8400000e+03   3.0980000e-01   2.5371000e-01   1.5581000e-01   2.2898000e-01
   1.8450000e+03   3.0975000e-01   2.5302000e-01   1.5683000e-01   2.2969000e-01
   1.8500000e+03   3.1078000e-01   2.5378000e-01   1.5639000e-01   2.3024000e-01
   1.8550000e+03   3.1082000e-01   2.5404000e-01   1.5723000e-01   2.3104000e-01
   1.8600000e+03   3.1097000e-01   2.5436000e-01   1.5736000e-01   2.3145000e-01
   1.8650000e+03   3.1180000e-01   2.5619000e-01   1.5791000e-01   2.3137000e-01
   1.8700000e+03   3.1277000e-01   2.5611000e-01   1.5807000e-01   2.3143000e-01
   1.8750000e+03   3.1325000e-01   2.5695000e-01   1.5860000e-01   2.3189000e-01
   1.8800000e+03   3.1332000e-01   2.5670000e-01   1.5874000e-01   2.3229000e-01
   1.8850000e+03   3.1471000e-01   2.5718000e-01   1.5903000e-01   2.3185000e-01
   1.8900000e+03   3.1459000e-01   2.5668000e-01   1.5956000e-01   2.3314000e-01
   1.8950000e+03   3.1463000e-01   2.5767000e-01   1.5993000e-01   2.3369000e-01
   1.9000000e+03   3.1508000e-01   2.5795000e-01   1.5989000e-01   2.3402000e-01
   1.9050000e+03   3.1551000e-01   2.5854000e-01   1.6023000e-01   2.3419000e-01
   1.9100000e+03   3.1543000e-01   2.5891000e-01   1.6031000e-01   2.3412000e-01
   1.9150000e+03   3.1551000e-01   2.5939000e-01   1.6050000e-01   2.3454000e-01
   1.9200000e+03   3.1553000e-01   2.5957000e-01   1.6056000e-01   2.3562000e-01
   1.9250000e+03   3.1716000e-01   2.6002000e-01   1.6134000e-01   2.3429000e-01
   1.9300000e+03   3.1704000e-01   2.6134000e-01   1.6104000e-01   2.3465000e-01
   1.9350000e+03   3.1718000e-01   2.6099000e-01   1.6176000e-01   2.3601000e-01
   1.9400000e+03   3.1856000e-01   2.6269000e-01   1.6183000e-01   2.3562000e-01
   1.9450000e+03   3.1861000e-01   2.6283000e-01   1.6314000e-01   2.3681000e-01
   1.9500000e+03   3.1942000e-01   2.6282000e-01   1.6259000e-01   2.3657000e-01
   1.9550000e+03   3.1919000e-01   2.6328000e-01   1.6352000e-01   2.3822000e-01
   1.9600000e+03   3.1922000e-01   2.6386000e-01   1.6327000e-01   2.3856000e-01
   1.9650000e+03   3.2032000e-01   2.6400000e-01   1.6412000e-01   2.3857000e-01
   1.9700000e+03   3.1986000e-01   2.6431000e-01   1.6440000e-01   2.3975000e-01
   1.9750000e+03   3.2038000e-01   2.6502000e-01   1.6506000e-01   2.3890000e-01
   1.9800000e+03   3.2102000e-01   2.6518000e-01   1.6515000e-01   2.4028000e-01
   1.9850000e+03   3.2199000e-01   2.6582000e-01   1.6515000e-01   2.4005000e-01
   1.9900000e+03   3.2169000e-01   2.6625000e-01   1.6532000e-01   2.4047000e-01
   1.9950000e+03   3.2245000e-01   2.6730000e-01   1.6589000e-01   2.4147000e-01
   2.0000000e+03   3.2195000e-01   2.6744000e-01   1.6610000e-01   2.4212000e-01
   2.0050000e+03   3.2335000e-01   2.6729000e-01   1.6703000e-01   2.4211000e-01
   2.0100000e+03   3.2440000e-01   2.6838000e-01   1.6687000e-01   2.4172000e-01
   2.0150000e+03   3.2407000e-01   2.6928000e-01   1.6814000e-01   2.4274000e-01
   2.0200000e+03   3.2498000e-01   2.6982000e-01   1.6712000e-01   2.4283000e-01
   2.0250000e+03   3.2497000e-01   2.7019000e-01   1.6886000e-01   2.4419000e-01
   2.0300000e+03   3.2669000e-01   2.7075000e-01   1.6914000e-01   2.4324000e-01
   2.0350000e+03   3.2556000e-01   2.7126000e-01   1.6986000e-01   2.4405000e-01
   2.0400000e+03   3.2670000e-01   2.7252000e-01   1.6950000e-01   2.4448000e-01
   2.0450000e+03   3.2598000e-01   2.7239000e-01   1.7046000e-01   2.4493000e-01
   2.0500000e+03   3.2688000e-01   2.7270000e-01   1.6989000e-01   2.4544000e-01
   2.0550000e+03   3.2696000e-01   2.7281000e-01   1.7000000e-01   2.4624000e-01
   2.0600000e+03   3.2675000e-01   2.7295000e-01   1.7068000e-01   2.4607000e-01
   2.0650000e+03   3.2844000e-01   2.7420000e-01   1.7094000e-01   2.4669000e-01
   2.0700000e+03   3.2910000e-01   2.7457000e-01   1.7121000e-01   2.4789000e-01
   2.0750000e+03   3.2939000e-01   2.7543000e-01   1.7319000e-01   2.4819000e-01
   2.0800000e+03   3.2888000e-01   2.7497000e-01   1.7345000e-01   2.4804000e-01
   2.0850000e+03   3.3007000e-01   2.7575000e-01   1.7339000e-01   2.4903000e-01
   2.0900000e+03   3.3152000e-01   2.7612000e-01   1.7394000e-01   2.5012000e-01
   2.0950000e+03   3.3165000e-01   2.7736000e-01   1.7436000e-01   2.5024000e-01
   2.1000000e+03   3.3235000e-01   2.7734000e-01   1.7487000e-01   2.5004000e-01
   2.1050000e+03   3.3122000e-01   2.7746000e-01   1.7606000e-01   2.5111000e-01
   2.1100000e+03   3.3366000e-01   2.7903000e-01   1.7618000e-01   2.5078000e-01
   2.1150000e+03   3.3271000e-01   2.8033000e-01   1.7627000e-01   2.5223000e-01
   2.1200000e+03   3.3443000e-01   2.8008000e-01   1.7646000e-01   2.5158000e-01
   2.1250000e+03   3.3381000e-01   2.8084000e-01   1.7744000e-01   2.5288000e-01
   2.1300000e+03   3.3502000e-01   2.8140000e-01   1.7818000e-01   2.5331000e-01
   2.1350000e+03   3.3481000e-01   2.8222000e-01   1.7851000e-01   2.5315000e-01
   2.1400000e+03   3.3530000e-01   2.8275000e-01   1.7919000e-01   2.5415000e-01
   2.1450000e+03   3.3616000e-01   2.8304000e-01   1.7995000e-01   2.5496000e-01
   2.1500000e+03   3.3558000e-01   2.8353000e-01   1.7990000e-01   2.5545000e-01
   2.1550000e+03   3.3686000e-01   2.8473000e-01   1.8090000e-01   2.5588000e-01
   2.1600000e+03   3.3621000e-01   2.8485000e-01   1.8100000e-01   2.5641000e-01
   2.1650000e+03   3.3724000e-01   2.8609000e-01   1.8192000e-01   2.5585000e-01
   2.1700000e+03   3.3676000e-01   2.8586000e-01   1.8237000e-01   2.5683000e-01
   2.1750000e+03   3.3737000e-01   2.8647000e-01   1.8354000e-01   2.5789000e-01
   2.1800000e+03   3.3770000e-01   2.8703000e-01   1.8351000e-01   2.5834000e-01
   2.1850000e+03   3.3896000e-01   2.8757000e-01   1.8407000e-01   2.5839000e-01
   2.1900000e+03   3.3941000e-01   2.8855000e-01   1.8457000e-01   2.5977000e-01
   2.1950000e+03   3.3986000e-01   2.8952000e-01   1.8568000e-01   2.6026000e-01
   2.2000000e+03   3.4172000e-01   2.8998000e-01   1.8553000e-01   2.6097000e-01
   2.2050000e+03   3.4141000e-01   2.9147000e-01   1.8654000e-01   2.6223000e-01
   2.2100000e+03   3.4321000e-01   2.9180000e-01   1.8677000e-01   2.6248000e-01
   2.2150000e+03   3.4235000e-01   2.9238000e-01   1.8735000e-01   2.6288000e-01
   2.2200000e+03   3.4343000e-01   2.9348000e-01   1.8793000e-01   2.6289000e-01
   2.2250000e+03   3.4331000e-01   2.9385000e-01   1.8898000e-01   2.6463000e-01
   2.2300000e+03   3.4479000e-01   2.9436000e-01   1.8884000e-01   2.6465000e-01
   2.2350000e+03   3.4535000e-01   2.9549000e-01   1.9040000e-01   2.6467000e-01
   2.2400000e+03   3.4615000e-01   2.9579000e-01   1.9148000e-01   2.6555000e-01
   2.2450000e+03   3.4672000e-01   2.9690000e-01   1.9178000e-01   2.6541000e-01
   2.2500000e+03   3.4621000e-01   2.9664000e-01   1.9209000e-01   2.6697000e-01
   2.2550000e+03   3.4722000e-01   2.9801000e-01   1.9233000e-01   2.6656000e-01
   2.2600000e+03   3.4762000e-01   2.9875000e-01   1.9272000e-01   2.6862000e-01
   2.2650000e+03   3.4863000e-01   2.9951000e-01   1.9387000e-01   2.6793000e-01
   2.2700000e+03   3.4864000e-01   2.9943000e-01   1.9466000e-01   2.6938000e-01
   2.2750000e+03   3.4984000e-01   3.0058000e-01   1.9527000e-01   2.6934000e-01
   2.2800000e+03   3.4944000e-01   3.0104000e-01   1.9610000e-01   2.7041000e-01
   2.2850000e+03   3.5060000e-01   3.0208000e-01   1.9710000e-01   2.7075000e-01
   2.2900000e+03   3.5123000e-01   3.0328000e-01   1.9751000e-01   2.7176000e-01
   2.2950000e+03   3.5200000e-01   3.0252000e-01   1.9786000e-01   2.7262000e-01
   2.3000000e+03   3.5272000e-01   3.0481000e-01   1.9836000e-01   2.7273000e-01
   2.3050000e+03   3.5245000e-01   3.0529000e-01   2.0054000e-01   2.7381000e-01
   2.3100000e+03   3.5383000e-01   3.0574000e-01   1.9956000e-01   2.7339000e-01
   2.3150000e+03   3.5230000e-01   3.0648000e-01   2.0049000e-01   2.7513000e-01
   2.3200000e+03   3.5370000e-01   3.0622000e-01   2.0006000e-01   2.7467000e-01
   2.3250000e+03   3.5335000e-01   3.0667000e-01   2.0101000e-01   2.7540000e-01
   2.3300000e+03   3.5349000e-01   3.0732000e-01   2.0123000e-01   2.7519000e-01
   2.3350000e+03   3.5389000e-01   3.0863000e-01   2.0218000e-01   2.7544000e-01
   2.3400000e+03   3.5425000e-01   3.0789000e-01   2.0185000e-01   2.7626000e-01
   2.3450000e+03   3.5453000e-01   3.0910000e-01   2.0209000e-01   2.7659000e-01
   2.3500000e+03   3.5474000e-01   3.0924000e-01   2.0312000e-01   2.7700000e-01
   2.3550000e+03   3.5523000e-01   3.0917000e-01   2.0502000e-01   2.7733000e-01
   2.3600000e+03   3.5511000e-01   3.0931000e-01   2.0510000e-01   2.7862000e-01
   2.3650000e+03   3.5535000e-01   3.0992000e-01   2.0564000e-01   2.7800000e-01
   2.3700000e+03   3.5508000e-01   3.1107000e-01   2.0608000e-01   2.7944000e-01
   2.3750000e+03   3.5642000e-01   3.1128000e-01   2.0579000e-01   2.7947000e-01
   2.3800000e+03   3.5625000e-01   3.1223000e-01   2.0665000e-01   2.8080000e-01
   2.3850000e+03   3.5709000e-01   3.1276000e-01   2.0673000e-01   2.8080000e-01
   2.3900000e+03   3.5909000e-01   3.1323000e-01   2.0738000e-01   2.8066000e-01
   2.3950000e+03   3.5877000e-01   3.1425000e-01   2.0766000e-01   2.8146000e-01
   2.4000000e+03   3.5896000e-01   3.1481000e-01   2.0794000e-01   2.8194000e-01
   2.4050000e+03   3.5929000e-01   3.1582000e-01   2.0935000e-01   2.8257000e-01
   2.4100000e+03   3.6052000e-01   3.1690000e-01   2.0958000e-01   2.8236000e-01
   2.4150000e+03   3.6043000e-01   3.1619000e-01   2.1173000e-01   2.8335000e-01
   2.4200000e+03   3.6117000e-01   3.1700000e-01   2.1186000e-01   2.8403000e-01
   2.4250000e+03   3.6221000e-01   3.1786000e-01   2.1239000e-01   2.8346000e-01
   2.4300000e+03   3.6233000e-01   3.1913000e-01   2.1269000e-01   2.8543000e-01
   2.4350000e+03   3.6305000e-01   3.1967000e-01   2.1328000e-01   2.8530000e-01
   2.4400000e+03   3.6296000e-01   3.1846000e-01   2.1332000e-01   2.8577000e-01
   2.4450000e+03   3.6305000e-01   3.1927000e-01   2.1487000e-01   2.8589000e-01
   2.4500000e+03   3.6303000e-01   3.1916000e-01   2.1586000e-01   2.8692000e-01
   2.4550000e+03   3.6335000e-01   3.2139000e-01   2.1535000e-01   2.8779000e-01
   2.4600000e+03   3.6312000e-01   3.2109000e-01   2.1557000e-01   2.8732000e-01
   2.4650000e+03   3.6449000e-01   3.2251000e-01   2.1598000e-01   2.8883000e-01
   2.4700000e+03   3.6359000e-01   3.2241000e-01   2.1625000e-01   2.8863000e-01
   2.4750000e+03   3.6406000e-01   3.2285000e-01   2.1784000e-01   2.8885000e-01
   2.4800000e+03   3.6553000e-01   3.2470000e-01   2.1815000e-01   2.8946000e-01
   2.4850000e+03   3.6422000e-01   3.2404000e-01   2.1964000e-01   2.9203000e-01
   2.4900000e+03   3.6472000e-01   3.2434000e-01   2.1892000e-01   2.8963000e-01
   2.4950000e+03   3.6511000e-01   3.2498000e-01   2.1995000e-01   2.8989000e-01
   2.5000000e+03   3.6607000e-01   3.2743000e-01   2.1969000e-01   2.9086000e-01
   2.5050000e+03   3.6622000e-01   3.2491000e-01   2.2140000e-01   2.9277000e-01
   2.5100000e+03   3.6656000e-01   3.2797000e-01   2.2064000e-01   2.9236000e-01
   2.5150000e+03   3.6670000e-01   3.2717000e-01   2.2223000e-01   2.9328000e-01
   2.5200000e+03   3.6672000e-01   3.2720000e-01   2.2193000e-01   2.9098000e-01
   2.5250000e+03   3.6608000e-01   3.2777000e-01   2.2289000e-01   2.9389000e-01
   2.5300000e+03   3.6666000e-01   3.2893000e-01   2.2309000e-01   2.9618000e-01
   2.5350000e+03   3.6680000e-01   3.2767000e-01   2.2384000e-01   2.9490000e-01
   2.5400000e+03   3.6719000e-01   3.3016000e-01   2.2425000e-01   2.9624000e-01
   2.5450000e+03   3.6907000e-01   3.3160000e-01   2.2397000e-01   2.9572000e-01
   2.5500000e+03   3.6850000e-01   3.3262000e-01   2.2544000e-01   2.9744000e-01
   2.5550000e+03   3.6939000e-01   3.3350000e-01   2.2577000e-01   2.9735000e-01
   2.5600000e+03   3.7043000e-01   3.3343000e-01   2.2563000e-01   2.9692000e-01
   2.5650000e+03   3.7051000e-01   3.3302000e-01   2.2605000e-01   2.9780000e-01
   2.5700000e+03   3.6986000e-01   3.3303000e-01   2.2696000e-01   2.9866000e-01
   2.5750000e+03   3.7041000e-01   3.3210000e-01   2.2762000e-01   2.9951000e-01
   2.5800000e+03   3.7137000e-01   3.3514000e-01   2.2785000e-01   2.9934000e-01
   2.5850000e+03   3.7036000e-01   3.3507000e-01   2.3012000e-01   3.0203000e-01
   2.5900000e+03   3.7332000e-01   3.3489000e-01   2.2943000e-01   3.0052000e-01
   2.5950000e+03   3.7558000e-01   3.3777000e-01   2.2854000e-01   2.9853000e-01
   2.6000000e+03   3.7801000e-01   3.3654000e-01   2.3064000e-01   3.0120000e-01
