   3.0000000e+02   4.4018000e-02   4.1362000e-02   3.5638000e-02   4.1153000e-02
   3.0500000e+02   4.3844000e-02   4.1039000e-02   3.5280000e-02   4.0104000e-02
   3.1000000e+02   4.3875000e-02   4.1102000e-02   3.5106000e-02   4.0250000e-02
   3.1500000e+02   4.4178000e-02   4.0967000e-02   3.5559000e-02   4.0254000e-02
   3.2000000e+02   4.4897000e-02   4.1449000e-02   3.5620000e-02   4.0819000e-02
   3.2500000e+02   4.5809000e-02   4.2733000e-02   3.6111000e-02   4.1669000e-02
   3.3000000e+02   4.6629000e-02   4.3682000e-02   3.6756000e-02   4.2364000e-02
   3.3500000e+02   4.7668000e-02   4.4228000e-02   3.7238000e-02   4.2953000e-02
   3.4000000e+02   4.8767000e-02   4.5070000e-02   3.7689000e-02   4.3771000e-02
   3.4500000e+02   4.9687000e-02   4.5817000e-02   3.8324000e-02   4.4476000e-02
   3.5000000e+02   5.0661000e-02   4.6333000e-02   3.8751000e-02   4.5494000e-02
   3.5500000e+02   5.1747000e-02   4.7352000e-02   3.9383000e-02   4.6371000e-02
   3.6000000e+02   5.2778000e-02   4.7882000e-02   3.9939000e-02   4.7174000e-02
   3.6500000e+02   5.4089000e-02   4.8802000e-02   4.0682000e-02   4.8158000e-02
   3.7000000e+02   5.5173000e-02   4.9653000e-02   4.1269000e-02   4.9054000e-02
   3.7500000e+02   5.6399000e-02   5.0407000e-02   4.1991000e-02   5.0037000e-02
   3.8000000e+02   5.7609000e-02   5.1471000e-02   4.2458000e-02   5.1010000e-02
   3.8500000e+02   5.9013000e-02   5.1970000e-02   4.3384000e-02   5.2161000e-02
   3.9000000e+02   6.0131000e-02   5.2964000e-02   4.3610000e-02   5.3050000e-02
   3.9500000e+02   6.1080000e-02   5.3620000e-02   4.4147000e-02   5.3937000e-02
   4.0000000e+02   6.2464000e-02   5.4538000e-02   4.4939000e-02   5.5058000e-02
   4.0500000e+02   6.3533000e-02   5.5371000e-02   4.5454000e-02   5.5620000e-02
   4.1000000e+02   6.4578000e-02   5.6382000e-02   4.5809000e-02   5.6538000e-02
   4.1500000e+02   6.5935000e-02   5.7459000e-02   4.6515000e-02   5.7392000e-02
   4.2000000e+02   6.7031000e-02   5.7941000e-02   4.6998000e-02   5.8283000e-02
   4.2500000e+02   6.8322000e-02   5.9358000e-02   4.7681000e-02   5.9236000e-02
   4.3000000e+02   6.9652000e-02   5.9989000e-02   4.8023000e-02   6.0174000e-02
   4.3500000e+02   7.0994000e-02   6.1322000e-02   4.8756000e-02   6.1145000e-02
   4.4000000e+02   7.2293000e-02   6.2307000e-02   4.9337000e-02   6.2096000e-02
   4.4500000e+02   7.3543000e-02   6.3086000e-02   4.9946000e-02   6.2994000e-02
   4.5000000e+02   7.4816000e-02   6.4306000e-02   5.0488000e-02   6.3983000e-02
   4.5500000e+02   7.6045000e-02   6.4966000e-02   5.1102000e-02   6.4868000e-02
   4.6000000e+02   7.7246000e-02   6.6345000e-02   5.1625000e-02   6.5800000e-02
   4.6500000e+02   7.8570000e-02   6.7038000e-02   5.2238000e-02   6.6692000e-02
   4.7000000e+02   7.9801000e-02   6.8462000e-02   5.2828000e-02   6.7625000e-02
   4.7500000e+02   8.1062000e-02   6.9027000e-02   5.3402000e-02   6.8560000e-02
   4.8000000e+02   8.2319000e-02   7.0384000e-02   5.3913000e-02   6.9422000e-02
   4.8500000e+02   8.3530000e-02   7.1666000e-02   5.4499000e-02   7.0320000e-02
   4.9000000e+02   8.4740000e-02   7.2912000e-02   5.5099000e-02   7.1265000e-02
   4.9500000e+02   8.5945000e-02   7.3402000e-02   5.5560000e-02   7.1918000e-02
   5.0000000e+02   8.7079000e-02   7.4801000e-02   5.5995000e-02   7.2846000e-02
   5.0500000e+02   8.8273000e-02   7.5230000e-02   5.6534000e-02   7.3664000e-02
   5.1000000e+02   8.9539000e-02   7.6708000e-02   5.7175000e-02   7.4620000e-02
   5.1500000e+02   9.0758000e-02   7.7815000e-02   5.7894000e-02   7.5623000e-02
   5.2000000e+02   9.1957000e-02   7.8667000e-02   5.8442000e-02   7.6559000e-02
   5.2500000e+02   9.3237000e-02   8.0094000e-02   5.9044000e-02   7.7554000e-02
   5.3000000e+02   9.4324000e-02   8.0750000e-02   5.9692000e-02   7.8442000e-02
   5.3500000e+02   9.5516000e-02   8.1415000e-02   6.0117000e-02   7.9049000e-02
   5.4000000e+02   9.6555000e-02   8.2803000e-02   6.0608000e-02   7.9985000e-02
   5.4500000e+02   9.7676000e-02   8.3580000e-02   6.1136000e-02   8.0853000e-02
   5.5000000e+02   9.8815000e-02   8.4338000e-02   6.1639000e-02   8.1741000e-02
   5.5500000e+02   9.9881000e-02   8.5474000e-02   6.2150000e-02   8.2428000e-02
   5.6000000e+02   1.0101000e-01   8.6816000e-02   6.2738000e-02   8.3317000e-02
   5.6500000e+02   1.0219000e-01   8.7393000e-02   6.3160000e-02   8.4072000e-02
   5.7000000e+02   1.0332000e-01   8.8203000e-02   6.3633000e-02   8.4836000e-02
   5.7500000e+02   1.0442000e-01   8.9685000e-02   6.4237000e-02   8.5793000e-02
   5.8000000e+02   1.0547000e-01   9.0615000e-02   6.4570000e-02   8.6634000e-02
   5.8500000e+02   1.0664000e-01   9.1664000e-02   6.5086000e-02   8.7486000e-02
   5.9000000e+02   1.0767000e-01   9.2422000e-02   6.5513000e-02   8.8298000e-02
   5.9500000e+02   1.0881000e-01   9.2876000e-02   6.6390000e-02   8.8812000e-02
   6.0000000e+02   1.0973000e-01   9.4027000e-02   6.6752000e-02   8.9634000e-02
   6.0500000e+02   1.1090000e-01   9.5141000e-02   6.7320000e-02   9.0459000e-02
   6.1000000e+02   1.1191000e-01   9.5456000e-02   6.7778000e-02   9.1278000e-02
   6.1500000e+02   1.1294000e-01   9.6447000e-02   6.8087000e-02   9.2159000e-02
   6.2000000e+02   1.1377000e-01   9.7629000e-02   6.8443000e-02   9.2861000e-02
   6.2500000e+02   1.1480000e-01   9.7734000e-02   6.9069000e-02   9.3568000e-02
   6.3000000e+02   1.1576000e-01   9.8784000e-02   6.9421000e-02   9.4438000e-02
   6.3500000e+02   1.1672000e-01   9.9631000e-02   6.9919000e-02   9.5120000e-02
   6.4000000e+02   1.1760000e-01   1.0042000e-01   7.0327000e-02   9.5910000e-02
   6.4500000e+02   1.1860000e-01   1.0094000e-01   7.0794000e-02   9.6564000e-02
   6.5000000e+02   1.1975000e-01   1.0171000e-01   7.1293000e-02   9.7308000e-02
   6.5500000e+02   1.2067000e-01   1.0292000e-01   7.1615000e-02   9.8192000e-02
   6.6000000e+02   1.2161000e-01   1.0402000e-01   7.2057000e-02   9.8881000e-02
   6.6500000e+02   1.2248000e-01   1.0429000e-01   7.2500000e-02   9.9365000e-02
   6.7000000e+02   1.2358000e-01   1.0545000e-01   7.2871000e-02   1.0017000e-01
   6.7500000e+02   1.2455000e-01   1.0682000e-01   7.3414000e-02   1.0095000e-01
   6.8000000e+02   1.2529000e-01   1.0745000e-01   7.3753000e-02   1.0163000e-01
   6.8500000e+02   1.2639000e-01   1.0816000e-01   7.4223000e-02   1.0237000e-01
   6.9000000e+02   1.2746000e-01   1.0903000e-01   7.4575000e-02   1.0299000e-01
   6.9500000e+02   1.2827000e-01   1.1026000e-01   7.5033000e-02   1.0375000e-01
   7.0000000e+02   1.2928000e-01   1.1100000e-01   7.5352000e-02   1.0450000e-01
   7.0500000e+02   1.3024000e-01   1.1165000e-01   7.5820000e-02   1.0503000e-01
   7.1000000e+02   1.3104000e-01   1.1271000e-01   7.6215000e-02   1.0569000e-01
   7.1500000e+02   1.3188000e-01   1.1285000e-01   7.6617000e-02   1.0635000e-01
   7.2000000e+02   1.3279000e-01   1.1396000e-01   7.7069000e-02   1.0709000e-01
   7.2500000e+02   1.3413000e-01   1.1508000e-01   7.7434000e-02   1.0753000e-01
   7.3000000e+02   1.3449000e-01   1.1563000e-01   7.7819000e-02   1.0825000e-01
   7.3500000e+02   1.3573000e-01   1.1651000e-01   7.8222000e-02   1.0889000e-01
   7.4000000e+02   1.3642000e-01   1.1697000e-01   7.8510000e-02   1.0968000e-01
   7.4500000e+02   1.3752000e-01   1.1713000e-01   7.8827000e-02   1.1004000e-01
   7.5000000e+02   1.3857000e-01   1.1795000e-01   7.9298000e-02   1.1088000e-01
   7.5500000e+02   1.3951000e-01   1.1939000e-01   7.9671000e-02   1.1167000e-01
   7.6000000e+02   1.4029000e-01   1.1996000e-01   7.9703000e-02   1.1214000e-01
   7.6500000e+02   1.4113000e-01   1.2014000e-01   8.0304000e-02   1.1256000e-01
   7.7000000e+02   1.4190000e-01   1.2116000e-01   8.0488000e-02   1.1319000e-01
   7.7500000e+02   1.4266000e-01   1.2223000e-01   8.0696000e-02   1.1387000e-01
   7.8000000e+02   1.4390000e-01   1.2250000e-01   8.0996000e-02   1.1429000e-01
   7.8500000e+02   1.4455000e-01   1.2224000e-01   8.1231000e-02   1.1475000e-01
   7.9000000e+02   1.4527000e-01   1.2328000e-01   8.1257000e-02   1.1519000e-01
   7.9500000e+02   1.4622000e-01   1.2370000e-01   8.1499000e-02   1.1552000e-01
   8.0000000e+02   1.4687000e-01   1.2414000e-01   8.1521000e-02   1.1588000e-01
   8.0500000e+02   1.4756000e-01   1.2531000e-01   8.1642000e-02   1.1642000e-01
   8.1000000e+02   1.4882000e-01   1.2564000e-01   8.1615000e-02   1.1687000e-01
   8.1500000e+02   1.4951000e-01   1.2607000e-01   8.1696000e-02   1.1755000e-01
   8.2000000e+02   1.5021000e-01   1.2664000e-01   8.1454000e-02   1.1766000e-01
   8.2500000e+02   1.5089000e-01   1.2630000e-01   8.1482000e-02   1.1787000e-01
   8.3000000e+02   1.5176000e-01   1.2723000e-01   8.1448000e-02   1.1879000e-01
   8.3500000e+02   1.5210000e-01   1.2787000e-01   8.1265000e-02   1.1906000e-01
   8.4000000e+02   1.5284000e-01   1.2778000e-01   8.1175000e-02   1.1919000e-01
   8.4500000e+02   1.5337000e-01   1.2851000e-01   8.0977000e-02   1.1943000e-01
   8.5000000e+02   1.5431000e-01   1.2860000e-01   8.0845000e-02   1.1942000e-01
   8.5500000e+02   1.5494000e-01   1.2832000e-01   8.0852000e-02   1.1965000e-01
   8.6000000e+02   1.5574000e-01   1.2889000e-01   8.0642000e-02   1.1971000e-01
   8.6500000e+02   1.5590000e-01   1.2870000e-01   8.0459000e-02   1.1969000e-01
   8.7000000e+02   1.5654000e-01   1.2894000e-01   8.0267000e-02   1.1998000e-01
   8.7500000e+02   1.5703000e-01   1.2840000e-01   7.9816000e-02   1.2034000e-01
   8.8000000e+02   1.5746000e-01   1.2802000e-01   7.9580000e-02   1.2053000e-01
   8.8500000e+02   1.5804000e-01   1.2912000e-01   7.9128000e-02   1.2046000e-01
   8.9000000e+02   1.5796000e-01   1.2894000e-01   7.8951000e-02   1.2018000e-01
   8.9500000e+02   1.5884000e-01   1.2895000e-01   7.9121000e-02   1.2068000e-01
   9.0000000e+02   1.5924000e-01   1.2926000e-01   7.8792000e-02   1.2100000e-01
   9.0500000e+02   1.5968000e-01   1.2941000e-01   7.9099000e-02   1.2217000e-01
   9.1000000e+02   1.6031000e-01   1.2943000e-01   7.9007000e-02   1.2177000e-01
   9.1500000e+02   1.6084000e-01   1.3001000e-01   7.9107000e-02   1.2124000e-01
   9.2000000e+02   1.6165000e-01   1.3041000e-01   7.9174000e-02   1.2095000e-01
   9.2500000e+02   1.6173000e-01   1.3020000e-01   7.9289000e-02   1.2250000e-01
   9.3000000e+02   1.6302000e-01   1.3132000e-01   7.9435000e-02   1.2214000e-01
   9.3500000e+02   1.6342000e-01   1.3134000e-01   7.9474000e-02   1.2292000e-01
   9.4000000e+02   1.6423000e-01   1.3173000e-01   7.9864000e-02   1.2380000e-01
   9.4500000e+02   1.6492000e-01   1.3267000e-01   7.9835000e-02   1.2426000e-01
   9.5000000e+02   1.6486000e-01   1.3300000e-01   7.9869000e-02   1.2414000e-01
   9.5500000e+02   1.6559000e-01   1.3396000e-01   8.0649000e-02   1.2447000e-01
   9.6000000e+02   1.6634000e-01   1.3417000e-01   8.1112000e-02   1.2568000e-01
   9.6500000e+02   1.6729000e-01   1.3484000e-01   8.1086000e-02   1.2663000e-01
   9.7000000e+02   1.6815000e-01   1.3599000e-01   8.1518000e-02   1.2668000e-01
   9.7500000e+02   1.6888000e-01   1.3649000e-01   8.2208000e-02   1.2774000e-01
   9.8000000e+02   1.6924000e-01   1.3736000e-01   8.2899000e-02   1.2804000e-01
   9.8500000e+02   1.7016000e-01   1.3788000e-01   8.3256000e-02   1.2933000e-01
   9.9000000e+02   1.7084000e-01   1.3853000e-01   8.4026000e-02   1.2928000e-01
   9.9500000e+02   1.7145000e-01   1.3921000e-01   8.4268000e-02   1.3019000e-01
   1.0000000e+03   1.7214000e-01   1.4002000e-01   8.4923000e-02   1.3208000e-01
   1.0050000e+03   1.7310000e-01   1.4144000e-01   8.5641000e-02   1.3195000e-01
   1.0100000e+03   1.7436000e-01   1.4270000e-01   8.6329000e-02   1.3234000e-01
   1.0150000e+03   1.7607000e-01   1.4323000e-01   8.7564000e-02   1.3301000e-01
   1.0200000e+03   1.7614000e-01   1.4484000e-01   8.8020000e-02   1.3418000e-01
   1.0250000e+03   1.7676000e-01   1.4516000e-01   8.8662000e-02   1.3513000e-01
   1.0300000e+03   1.7757000e-01   1.4534000e-01   8.9495000e-02   1.3663000e-01
   1.0350000e+03   1.7888000e-01   1.4602000e-01   9.0286000e-02   1.3750000e-01
   1.0400000e+03   1.8011000e-01   1.4724000e-01   9.1158000e-02   1.3845000e-01
   1.0450000e+03   1.8043000e-01   1.4817000e-01   9.2190000e-02   1.3924000e-01
   1.0500000e+03   1.8166000e-01   1.4905000e-01   9.2763000e-02   1.3983000e-01
   1.0550000e+03   1.8272000e-01   1.5013000e-01   9.3650000e-02   1.4078000e-01
   1.0600000e+03   1.8267000e-01   1.5044000e-01   9.4433000e-02   1.4145000e-01
   1.0650000e+03   1.8339000e-01   1.5165000e-01   9.4951000e-02   1.4220000e-01
   1.0700000e+03   1.8435000e-01   1.5211000e-01   9.5231000e-02   1.4306000e-01
   1.0750000e+03   1.8495000e-01   1.5241000e-01   9.5680000e-02   1.4356000e-01
   1.0800000e+03   1.8587000e-01   1.5371000e-01   9.6096000e-02   1.4415000e-01
   1.0850000e+03   1.8729000e-01   1.5485000e-01   9.6533000e-02   1.4481000e-01
   1.0900000e+03   1.8834000e-01   1.5507000e-01   9.7122000e-02   1.4579000e-01
   1.0950000e+03   1.8895000e-01   1.5611000e-01   9.7862000e-02   1.4590000e-01
   1.1000000e+03   1.8954000e-01   1.5668000e-01   9.8766000e-02   1.4687000e-01
   1.1050000e+03   1.9055000e-01   1.5899000e-01   9.9803000e-02   1.4755000e-01
   1.1100000e+03   1.9191000e-01   1.5871000e-01   1.0035000e-01   1.4876000e-01
   1.1150000e+03   1.9268000e-01   1.5972000e-01   1.0060000e-01   1.4927000e-01
   1.1200000e+03   1.9311000e-01   1.6007000e-01   1.0126000e-01   1.4895000e-01
   1.1250000e+03   1.9365000e-01   1.6137000e-01   1.0166000e-01   1.4985000e-01
   1.1300000e+03   1.9499000e-01   1.6267000e-01   1.0211000e-01   1.5086000e-01
   1.1350000e+03   1.9510000e-01   1.6331000e-01   1.0227000e-01   1.5045000e-01
   1.1400000e+03   1.9566000e-01   1.6355000e-01   1.0322000e-01   1.5173000e-01
   1.1450000e+03   1.9722000e-01   1.6553000e-01   1.0352000e-01   1.5340000e-01
   1.1500000e+03   1.9767000e-01   1.6534000e-01   1.0421000e-01   1.5343000e-01
   1.1550000e+03   1.9825000e-01   1.6635000e-01   1.0449000e-01   1.5344000e-01
   1.1600000e+03   1.9890000e-01   1.6624000e-01   1.0487000e-01   1.5440000e-01
   1.1650000e+03   2.0003000e-01   1.6787000e-01   1.0531000e-01   1.5528000e-01
   1.1700000e+03   1.9999000e-01   1.6824000e-01   1.0649000e-01   1.5603000e-01
   1.1750000e+03   2.0120000e-01   1.6934000e-01   1.0623000e-01   1.5675000e-01
   1.1800000e+03   2.0232000e-01   1.7010000e-01   1.0721000e-01   1.5674000e-01
   1.1850000e+03   2.0342000e-01   1.7009000e-01   1.0750000e-01   1.5644000e-01
   1.1900000e+03   2.0452000e-01   1.7122000e-01   1.0781000e-01   1.5785000e-01
   1.1950000e+03   2.0498000e-01   1.7179000e-01   1.0851000e-01   1.5891000e-01
   1.2000000e+03   2.0547000e-01   1.7211000e-01   1.0830000e-01   1.5915000e-01
   1.2050000e+03   2.0648000e-01   1.7314000e-01   1.0916000e-01   1.5977000e-01
   1.2100000e+03   2.0708000e-01   1.7326000e-01   1.0967000e-01   1.6064000e-01
   1.2150000e+03   2.0805000e-01   1.7395000e-01   1.0984000e-01   1.6108000e-01
   1.2200000e+03   2.0904000e-01   1.7446000e-01   1.0978000e-01   1.6237000e-01
   1.2250000e+03   2.0956000e-01   1.7521000e-01   1.1023000e-01   1.6294000e-01
   1.2300000e+03   2.1035000e-01   1.7558000e-01   1.1056000e-01   1.6151000e-01
   1.2350000e+03   2.1135000e-01   1.7669000e-01   1.1073000e-01   1.6360000e-01
   1.2400000e+03   2.1185000e-01   1.7722000e-01   1.1170000e-01   1.6482000e-01
   1.2450000e+03   2.1248000e-01   1.7800000e-01   1.1113000e-01   1.6485000e-01
   1.2500000e+03   2.1338000e-01   1.7870000e-01   1.1189000e-01   1.6537000e-01
   1.2550000e+03   2.1427000e-01   1.7966000e-01   1.1245000e-01   1.6671000e-01
   1.2600000e+03   2.1497000e-01   1.8031000e-01   1.1310000e-01   1.6788000e-01
   1.2650000e+03   2.1612000e-01   1.8070000e-01   1.1396000e-01   1.6776000e-01
   1.2700000e+03   2.1685000e-01   1.8163000e-01   1.1390000e-01   1.6764000e-01
   1.2750000e+03   2.1795000e-01   1.8229000e-01   1.1491000e-01   1.6898000e-01
   1.2800000e+03   2.1881000e-01   1.8239000e-01   1.1589000e-01   1.7015000e-01
   1.2850000e+03   2.1984000e-01   1.8305000e-01   1.1485000e-01   1.7134000e-01
   1.2900000e+03   2.2021000e-01   1.8341000e-01   1.1663000e-01   1.7095000e-01
   1.2950000e+03   2.2069000e-01   1.8539000e-01   1.1724000e-01   1.7174000e-01
   1.3000000e+03   2.2273000e-01   1.8561000e-01   1.1740000e-01   1.7279000e-01
   1.3050000e+03   2.2323000e-01   1.8654000e-01   1.1809000e-01   1.7308000e-01
   1.3100000e+03   2.2457000e-01   1.8792000e-01   1.1927000e-01   1.7295000e-01
   1.3150000e+03   2.2481000e-01   1.8876000e-01   1.1939000e-01   1.7454000e-01
   1.3200000e+03   2.2616000e-01   1.8937000e-01   1.1987000e-01   1.7542000e-01
   1.3250000e+03   2.2751000e-01   1.8981000e-01   1.2143000e-01   1.7577000e-01
   1.3300000e+03   2.2762000e-01   1.9032000e-01   1.2206000e-01   1.7727000e-01
   1.3350000e+03   2.3018000e-01   1.9097000e-01   1.2223000e-01   1.7850000e-01
   1.3400000e+03   2.2972000e-01   1.9156000e-01   1.2253000e-01   1.7848000e-01
   1.3450000e+03   2.3051000e-01   1.9239000e-01   1.2337000e-01   1.7959000e-01
   1.3500000e+03   2.3059000e-01   1.9288000e-01   1.2362000e-01   1.8001000e-01
   1.3550000e+03   2.3181000e-01   1.9383000e-01   1.2388000e-01   1.8023000e-01
   1.3600000e+03   2.3268000e-01   1.9461000e-01   1.2441000e-01   1.8145000e-01
   1.3650000e+03   2.3350000e-01   1.9538000e-01   1.2696000e-01   1.8211000e-01
   1.3700000e+03   2.3413000e-01   1.9596000e-01   1.2647000e-01   1.8210000e-01
   1.3750000e+03   2.3590000e-01   1.9722000e-01   1.2622000e-01   1.8247000e-01
   1.3800000e+03   2.3676000e-01   1.9812000e-01   1.2677000e-01   1.8270000e-01
   1.3850000e+03   2.3725000e-01   1.9877000e-01   1.2842000e-01   1.8546000e-01
   1.3900000e+03   2.3794000e-01   1.9974000e-01   1.2887000e-01   1.8523000e-01
   1.3950000e+03   2.3877000e-01   2.0059000e-01   1.2872000e-01   1.8523000e-01
   1.4000000e+03   2.3908000e-01   2.0147000e-01   1.3039000e-01   1.8639000e-01
   1.4050000e+03   2.3976000e-01   2.0238000e-01   1.2976000e-01   1.8713000e-01
   1.4100000e+03   2.4105000e-01   2.0323000e-01   1.3197000e-01   1.8758000e-01
   1.4150000e+03   2.4192000e-01   2.0378000e-01   1.3210000e-01   1.8808000e-01
   1.4200000e+03   2.4252000e-01   2.0464000e-01   1.3294000e-01   1.8915000e-01
   1.4250000e+03   2.4302000e-01   2.0506000e-01   1.3292000e-01   1.8989000e-01
   1.4300000e+03   2.4437000e-01   2.0537000e-01   1.3372000e-01   1.8998000e-01
   1.4350000e+03   2.4500000e-01   2.0644000e-01   1.3446000e-01   1.9170000e-01
   1.4400000e+03   2.4591000e-01   2.0739000e-01   1.3476000e-01   1.9182000e-01
   1.4450000e+03   2.4637000e-01   2.0823000e-01   1.3583000e-01   1.9249000e-01
   1.4500000e+03   2.4810000e-01   2.0897000e-01   1.3651000e-01   1.9289000e-01
   1.4550000e+03   2.4829000e-01   2.0973000e-01   1.3563000e-01   1.9368000e-01
   1.4600000e+03   2.4909000e-01   2.1015000e-01   1.3640000e-01   1.9428000e-01
   1.4650000e+03   2.4964000e-01   2.1057000e-01   1.3707000e-01   1.9477000e-01
   1.4700000e+03   2.5035000e-01   2.1099000e-01   1.3756000e-01   1.9549000e-01
   1.4750000e+03   2.5086000e-01   2.1171000e-01   1.3755000e-01   1.9560000e-01
   1.4800000e+03   2.5112000e-01   2.1250000e-01   1.3925000e-01   1.9582000e-01
   1.4850000e+03   2.5154000e-01   2.1335000e-01   1.3923000e-01   1.9734000e-01
   1.4900000e+03   2.5269000e-01   2.1436000e-01   1.3940000e-01   1.9639000e-01
   1.4950000e+03   2.5251000e-01   2.1545000e-01   1.4057000e-01   1.9832000e-01
   1.5000000e+03   2.5447000e-01   2.1600000e-01   1.3986000e-01   1.9855000e-01
   1.5050000e+03   2.5511000e-01   2.1656000e-01   1.4019000e-01   1.9850000e-01
   1.5100000e+03   2.5493000e-01   2.1719000e-01   1.4068000e-01   2.0041000e-01
   1.5150000e+03   2.5604000e-01   2.1725000e-01   1.4239000e-01   2.0026000e-01
   1.5200000e+03   2.5683000e-01   2.1818000e-01   1.4395000e-01   2.0032000e-01
   1.5250000e+03   2.5849000e-01   2.1877000e-01   1.4265000e-01   2.0180000e-01
   1.5300000e+03   2.5740000e-01   2.2057000e-01   1.4336000e-01   2.0155000e-01
   1.5350000e+03   2.5896000e-01   2.2169000e-01   1.4332000e-01   2.0252000e-01
   1.5400000e+03   2.5794000e-01   2.2220000e-01   1.4289000e-01   2.0230000e-01
   1.5450000e+03   2.5958000e-01   2.2311000e-01   1.4402000e-01   2.0308000e-01
   1.5500000e+03   2.6058000e-01   2.2386000e-01   1.4453000e-01   2.0388000e-01
   1.5550000e+03   2.6094000e-01   2.2512000e-01   1.4532000e-01   2.0398000e-01
   1.5600000e+03   2.6173000e-01   2.2544000e-01   1.4529000e-01   2.0488000e-01
   1.5650000e+03   2.6231000e-01   2.2660000e-01   1.4558000e-01   2.0539000e-01
   1.5700000e+03   2.6355000e-01   2.2615000e-01   1.4564000e-01   2.0509000e-01
   1.5750000e+03   2.6349000e-01   2.2694000e-01   1.4571000e-01   2.0617000e-01
   1.5800000e+03   2.6345000e-01   2.2705000e-01   1.4616000e-01   2.0590000e-01
   1.5850000e+03   2.6393000e-01   2.2819000e-01   1.4621000e-01   2.0763000e-01
   1.5900000e+03   2.6524000e-01   2.2940000e-01   1.4765000e-01   2.0734000e-01
   1.5950000e+03   2.6529000e-01   2.2923000e-01   1.4821000e-01   2.0857000e-01
   1.6000000e+03   2.6592000e-01   2.2977000e-01   1.4786000e-01   2.0862000e-01
   1.6050000e+03   2.6710000e-01   2.2970000e-01   1.4876000e-01   2.0895000e-01
   1.6100000e+03   2.6731000e-01   2.3048000e-01   1.4831000e-01   2.1046000e-01
   1.6150000e+03   2.6781000e-01   2.3102000e-01   1.4895000e-01   2.0993000e-01
   1.6200000e+03   2.6706000e-01   2.3199000e-01   1.4977000e-01   2.0961000e-01
   1.6250000e+03   2.6971000e-01   2.3224000e-01   1.4984000e-01   2.1100000e-01
   1.6300000e+03   2.6790000e-01   2.3257000e-01   1.5004000e-01   2.1063000e-01
   1.6350000e+03   2.6955000e-01   2.3296000e-01   1.4996000e-01   2.1149000e-01
   1.6400000e+03   2.7148000e-01   2.3293000e-01   1.5016000e-01   2.1137000e-01
   1.6450000e+03   2.7039000e-01   2.3299000e-01   1.4938000e-01   2.1261000e-01
   1.6500000e+03   2.7149000e-01   2.3385000e-01   1.5116000e-01   2.1307000e-01
   1.6550000e+03   2.7145000e-01   2.3395000e-01   1.5076000e-01   2.1271000e-01
   1.6600000e+03   2.7177000e-01   2.3487000e-01   1.5106000e-01   2.1342000e-01
   1.6650000e+03   2.7230000e-01   2.3458000e-01   1.5090000e-01   2.1351000e-01
   1.6700000e+03   2.7257000e-01   2.3541000e-01   1.5162000e-01   2.1454000e-01
   1.6750000e+03   2.7472000e-01   2.3571000e-01   1.5119000e-01   2.1502000e-01
   1.6800000e+03   2.7480000e-01   2.3579000e-01   1.5103000e-01   2.1513000e-01
   1.6850000e+03   2.7475000e-01   2.3610000e-01   1.5125000e-01   2.1495000e-01
   1.6900000e+03   2.7521000e-01   2.3659000e-01   1.5150000e-01   2.1564000e-01
   1.6950000e+03   2.7633000e-01   2.3726000e-01   1.5213000e-01   2.1582000e-01
   1.7000000e+03   2.7642000e-01   2.3705000e-01   1.5202000e-01   2.1597000e-01
   1.7050000e+03   2.7685000e-01   2.3736000e-01   1.5246000e-01   2.1704000e-01
   1.7100000e+03   2.7753000e-01   2.3769000e-01   1.5193000e-01   2.1665000e-01
   1.7150000e+03   2.7890000e-01   2.3855000e-01   1.5220000e-01   2.1684000e-01
   1.7200000e+03   2.7861000e-01   2.3932000e-01   1.5307000e-01   2.1800000e-01
   1.7250000e+03   2.7917000e-01   2.3930000e-01   1.5321000e-01   2.1805000e-01
   1.7300000e+03   2.7947000e-01   2.3932000e-01   1.5341000e-01   2.1864000e-01
   1.7350000e+03   2.8026000e-01   2.4018000e-01   1.5361000e-01   2.1864000e-01
   1.7400000e+03   2.8028000e-01   2.3993000e-01   1.5346000e-01   2.1889000e-01
   1.7450000e+03   2.8056000e-01   2.4036000e-01   1.5395000e-01   2.1893000e-01
   1.7500000e+03   2.8111000e-01   2.4127000e-01   1.5418000e-01   2.1931000e-01
   1.7550000e+03   2.8187000e-01   2.4172000e-01   1.5446000e-01   2.1966000e-01
   1.7600000e+03   2.8272000e-01   2.4267000e-01   1.5516000e-01   2.1998000e-01
   1.7650000e+03   2.8268000e-01   2.4258000e-01   1.5450000e-01   2.2104000e-01
   1.7700000e+03   2.8318000e-01   2.4281000e-01   1.5534000e-01   2.2099000e-01
   1.7750000e+03   2.8354000e-01   2.4333000e-01   1.5555000e-01   2.2113000e-01
   1.7800000e+03   2.8411000e-01   2.4393000e-01   1.5554000e-01   2.2152000e-01
   1.7850000e+03   2.8438000e-01   2.4424000e-01   1.5648000e-01   2.2203000e-01
   1.7900000e+03   2.8477000e-01   2.4491000e-01   1.5592000e-01   2.2213000e-01
   1.7950000e+03   2.8537000e-01   2.4498000e-01   1.5555000e-01   2.2254000e-01
   1.8000000e+03   2.8540000e-01   2.4512000e-01   1.5590000e-01   2.2249000e-01
   1.8050000e+03   2.8649000e-01   2.4550000e-01   1.5695000e-01   2.2202000e-01
   1.8100000e+03   2.8682000e-01   2.4537000e-01   1.5717000e-01   2.2384000e-01
   1.8150000e+03   2.8669000e-01   2.4592000e-01   1.5777000e-01   2.2302000e-01
   1.8200000e+03   2.8691000e-01   2.4610000e-01   1.5740000e-01   2.2346000e-01
   1.8250000e+03   2.8868000e-01   2.4635000e-01   1.5817000e-01   2.2455000e-01
   1.8300000e+03   2.8808000e-01   2.4660000e-01   1.5823000e-01   2.2445000e-01
   1.8350000e+03   2.8967000e-01   2.4711000e-01   1.5817000e-01   2.2446000e-01
   1.8400000e+03   2.9043000e-01   2.4757000e-01   1.5824000e-01   2.2515000e-01
   1.8450000e+03   2.9105000e-01   2.4800000e-01   1.5843000e-01   2.2549000e-01
   1.8500000e+03   2.9174000e-01   2.4849000e-01   1.5880000e-01   2.2607000e-01
   1.8550000e+03   2.9183000e-01   2.4890000e-01   1.5895000e-01   2.2642000e-01
   1.8600000e+03   2.9055000e-01   2.4828000e-01   1.5873000e-01   2.2616000e-01
   1.8650000e+03   2.9166000e-01   2.4888000e-01   1.5944000e-01   2.2691000e-01
   1.8700000e+03   2.9298000e-01   2.4975000e-01   1.6016000e-01   2.2782000e-01
   1.8750000e+03   2.9313000e-01   2.5019000e-01   1.6021000e-01   2.2790000e-01
   1.8800000e+03   2.9321000e-01   2.5050000e-01   1.6024000e-01   2.2820000e-01
   1.8850000e+03   2.9452000e-01   2.5159000e-01   1.6065000e-01   2.2905000e-01
   1.8900000e+03   2.9318000e-01   2.5126000e-01   1.5990000e-01   2.2883000e-01
   1.8950000e+03   2.9266000e-01   2.5134000e-01   1.5948000e-01   2.2871000e-01
   1.9000000e+03   2.9356000e-01   2.5187000e-01   1.5996000e-01   2.2931000e-01
   1.9050000e+03   2.9423000e-01   2.5235000e-01   1.6040000e-01   2.2982000e-01
   1.9100000e+03   2.9473000e-01   2.5267000e-01   1.6173000e-01   2.3014000e-01
   1.9150000e+03   2.9590000e-01   2.5359000e-01   1.6170000e-01   2.3094000e-01
   1.9200000e+03   2.9632000e-01   2.5422000e-01   1.6196000e-01   2.3079000e-01
   1.9250000e+03   2.9677000e-01   2.5476000e-01   1.6317000e-01   2.3155000e-01
   1.9300000e+03   2.9716000e-01   2.5562000e-01   1.6318000e-01   2.3201000e-01
   1.9350000e+03   2.9747000e-01   2.5535000e-01   1.6268000e-01   2.3167000e-01
   1.9400000e+03   2.9754000e-01   2.5527000e-01   1.6305000e-01   2.3232000e-01
   1.9450000e+03   2.9856000e-01   2.5656000e-01   1.6382000e-01   2.3278000e-01
   1.9500000e+03   2.9875000e-01   2.5720000e-01   1.6339000e-01   2.3302000e-01
   1.9550000e+03   2.9825000e-01   2.5751000e-01   1.6368000e-01   2.3347000e-01
   1.9600000e+03   2.9931000e-01   2.5836000e-01   1.6466000e-01   2.3419000e-01
   1.9650000e+03   2.9958000e-01   2.5879000e-01   1.6465000e-01   2.3456000e-01
   1.9700000e+03   3.0019000e-01   2.5943000e-01   1.6462000e-01   2.3465000e-01
   1.9750000e+03   3.0071000e-01   2.6010000e-01   1.6542000e-01   2.3488000e-01
   1.9800000e+03   3.0068000e-01   2.6039000e-01   1.6563000e-01   2.3602000e-01
   1.9850000e+03   3.0184000e-01   2.6162000e-01   1.6631000e-01   2.3569000e-01
   1.9900000e+03   3.0196000e-01   2.6162000e-01   1.6676000e-01   2.3677000e-01
   1.9950000e+03   3.0306000e-01   2.6191000e-01   1.6690000e-01   2.3610000e-01
   2.0000000e+03   3.0343000e-01   2.6316000e-01   1.6696000e-01   2.3727000e-01
   2.0050000e+03   3.0415000e-01   2.6367000e-01   1.6731000e-01   2.3753000e-01
   2.0100000e+03   3.0522000e-01   2.6229000e-01   1.6872000e-01   2.3820000e-01
   2.0150000e+03   3.0508000e-01   2.6433000e-01   1.6983000e-01   2.3956000e-01
   2.0200000e+03   3.0481000e-01   2.6463000e-01   1.7036000e-01   2.3910000e-01
   2.0250000e+03   3.0688000e-01   2.6472000e-01   1.7138000e-01   2.4007000e-01
   2.0300000e+03   3.0644000e-01   2.6577000e-01   1.7175000e-01   2.4054000e-01
   2.0350000e+03   3.0647000e-01   2.6583000e-01   1.7205000e-01   2.4077000e-01
   2.0400000e+03   3.0723000e-01   2.6719000e-01   1.7278000e-01   2.4099000e-01
   2.0450000e+03   3.0805000e-01   2.6821000e-01   1.7267000e-01   2.4210000e-01
   2.0500000e+03   3.0834000e-01   2.6836000e-01   1.7312000e-01   2.4113000e-01
   2.0550000e+03   3.0937000e-01   2.6947000e-01   1.7278000e-01   2.4204000e-01
   2.0600000e+03   3.0963000e-01   2.6844000e-01   1.7398000e-01   2.4410000e-01
   2.0650000e+03   3.0958000e-01   2.6956000e-01   1.7451000e-01   2.4322000e-01
   2.0700000e+03   3.1072000e-01   2.6923000e-01   1.7538000e-01   2.4442000e-01
   2.0750000e+03   3.1094000e-01   2.7060000e-01   1.7576000e-01   2.4414000e-01
   2.0800000e+03   3.1100000e-01   2.7124000e-01   1.7625000e-01   2.4375000e-01
   2.0850000e+03   3.1186000e-01   2.7172000e-01   1.7748000e-01   2.4498000e-01
   2.0900000e+03   3.1188000e-01   2.7129000e-01   1.7804000e-01   2.4586000e-01
   2.0950000e+03   3.1294000e-01   2.7228000e-01   1.7802000e-01   2.4593000e-01
   2.1000000e+03   3.1262000e-01   2.7224000e-01   1.7901000e-01   2.4789000e-01
   2.1050000e+03   3.1319000e-01   2.7388000e-01   1.7947000e-01   2.4826000e-01
   2.1100000e+03   3.1405000e-01   2.7468000e-01   1.7995000e-01   2.4692000e-01
   2.1150000e+03   3.1440000e-01   2.7540000e-01   1.7996000e-01   2.4863000e-01
   2.1200000e+03   3.1417000e-01   2.7575000e-01   1.8066000e-01   2.4844000e-01
   2.1250000e+03   3.1435000e-01   2.7620000e-01   1.8190000e-01   2.4955000e-01
   2.1300000e+03   3.1427000e-01   2.7605000e-01   1.8191000e-01   2.4922000e-01
   2.1350000e+03   3.1493000e-01   2.7679000e-01   1.8229000e-01   2.5044000e-01
   2.1400000e+03   3.1492000e-01   2.7806000e-01   1.8280000e-01   2.5012000e-01
   2.1450000e+03   3.1543000e-01   2.7764000e-01   1.8327000e-01   2.5084000e-01
   2.1500000e+03   3.1715000e-01   2.7860000e-01   1.8392000e-01   2.5192000e-01
   2.1550000e+03   3.1627000e-01   2.7893000e-01   1.8417000e-01   2.5146000e-01
   2.1600000e+03   3.1680000e-01   2.7955000e-01   1.8395000e-01   2.5205000e-01
   2.1650000e+03   3.1655000e-01   2.7939000e-01   1.8451000e-01   2.5280000e-01
   2.1700000e+03   3.1758000e-01   2.8056000e-01   1.8532000e-01   2.5302000e-01
   2.1750000e+03   3.1762000e-01   2.8127000e-01   1.8547000e-01   2.5429000e-01
   2.1800000e+03   3.1869000e-01   2.8153000e-01   1.8604000e-01   2.5498000e-01
   2.1850000e+03   3.1918000e-01   2.8187000e-01   1.8656000e-01   2.5493000e-01
   2.1900000e+03   3.1949000e-01   2.8240000e-01   1.8736000e-01   2.5544000e-01
   2.1950000e+03   3.1994000e-01   2.8324000e-01   1.8797000e-01   2.5647000e-01
   2.2000000e+03   3.2068000e-01   2.8425000e-01   1.8892000e-01   2.5745000e-01
   2.2050000e+03   3.2155000e-01   2.8527000e-01   1.9008000e-01   2.5745000e-01
   2.2100000e+03   3.2158000e-01   2.8488000e-01   1.9024000e-01   2.5859000e-01
   2.2150000e+03   3.2312000e-01   2.8634000e-01   1.9052000e-01   2.5947000e-01
   2.2200000e+03   3.2273000e-01   2.8704000e-01   1.9039000e-01   2.5912000e-01
   2.2250000e+03   3.2323000e-01   2.8733000e-01   1.9158000e-01   2.5976000e-01
   2.2300000e+03   3.2303000e-01   2.8803000e-01   1.9232000e-01   2.6095000e-01
   2.2350000e+03   3.2384000e-01   2.8773000e-01   1.9255000e-01   2.6157000e-01
   2.2400000e+03   3.2378000e-01   2.8865000e-01   1.9324000e-01   2.6276000e-01
   2.2450000e+03   3.2521000e-01   2.8892000e-01   1.9447000e-01   2.6327000e-01
   2.2500000e+03   3.2587000e-01   2.9012000e-01   1.9486000e-01   2.6345000e-01
   2.2550000e+03   3.2670000e-01   2.9138000e-01   1.9659000e-01   2.6309000e-01
   2.2600000e+03   3.2660000e-01   2.9138000e-01   1.9693000e-01   2.6387000e-01
   2.2650000e+03   3.2748000e-01   2.9232000e-01   1.9740000e-01   2.6478000e-01
   2.2700000e+03   3.2705000e-01   2.9320000e-01   1.9850000e-01   2.6605000e-01
   2.2750000e+03   3.2814000e-01   2.9301000e-01   1.9937000e-01   2.6604000e-01
   2.2800000e+03   3.2842000e-01   2.9456000e-01   2.0051000e-01   2.6629000e-01
   2.2850000e+03   3.2862000e-01   2.9580000e-01   2.0123000e-01   2.6685000e-01
   2.2900000e+03   3.2905000e-01   2.9550000e-01   2.0215000e-01   2.6868000e-01
   2.2950000e+03   3.3140000e-01   2.9716000e-01   2.0129000e-01   2.6809000e-01
   2.3000000e+03   3.3065000e-01   2.9786000e-01   2.0202000e-01   2.6934000e-01
   2.3050000e+03   3.3159000e-01   2.9755000e-01   2.0263000e-01   2.6961000e-01
   2.3100000e+03   3.3297000e-01   2.9831000e-01   2.0302000e-01   2.7098000e-01
   2.3150000e+03   3.3334000e-01   2.9891000e-01   2.0347000e-01   2.7035000e-01
   2.3200000e+03   3.3325000e-01   2.9976000e-01   2.0377000e-01   2.7159000e-01
   2.3250000e+03   3.3288000e-01   2.9938000e-01   2.0395000e-01   2.7248000e-01
   2.3300000e+03   3.3420000e-01   3.0144000e-01   2.0508000e-01   2.7201000e-01
   2.3350000e+03   3.3307000e-01   3.0140000e-01   2.0530000e-01   2.7255000e-01
   2.3400000e+03   3.3400000e-01   3.0176000e-01   2.0556000e-01   2.7275000e-01
   2.3450000e+03   3.3441000e-01   3.0241000e-01   2.0660000e-01   2.7419000e-01
   2.3500000e+03   3.3443000e-01   3.0227000e-01   2.0719000e-01   2.7394000e-01
   2.3550000e+03   3.3512000e-01   3.0165000e-01   2.0758000e-01   2.7444000e-01
   2.3600000e+03   3.3531000e-01   3.0267000e-01   2.0756000e-01   2.7470000e-01
   2.3650000e+03   3.3472000e-01   3.0281000e-01   2.0871000e-01   2.7550000e-01
   2.3700000e+03   3.3560000e-01   3.0385000e-01   2.0862000e-01   2.7540000e-01
   2.3750000e+03   3.3548000e-01   3.0385000e-01   2.0873000e-01   2.7607000e-01
   2.3800000e+03   3.3634000e-01   3.0472000e-01   2.0940000e-01   2.7681000e-01
   2.3850000e+03   3.3748000e-01   3.0532000e-01   2.1124000e-01   2.7735000e-01
   2.3900000e+03   3.3716000e-01   3.0612000e-01   2.1185000e-01   2.7896000e-01
   2.3950000e+03   3.3891000e-01   3.0766000e-01   2.1306000e-01   2.7875000e-01
   2.4000000e+03   3.3953000e-01   3.0774000e-01   2.1336000e-01   2.7987000e-01
   2.4050000e+03   3.3950000e-01   3.0871000e-01   2.1345000e-01   2.7985000e-01
   2.4100000e+03   3.3957000e-01   3.0748000e-01   2.1358000e-01   2.8051000e-01
   2.4150000e+03   3.4099000e-01   3.0916000e-01   2.1489000e-01   2.8018000e-01
   2.4200000e+03   3.4137000e-01   3.1049000e-01   2.1558000e-01   2.8101000e-01
   2.4250000e+03   3.4343000e-01   3.1184000e-01   2.1745000e-01   2.8299000e-01
   2.4300000e+03   3.4328000e-01   3.1136000e-01   2.1779000e-01   2.8297000e-01
   2.4350000e+03   3.4279000e-01   3.1220000e-01   2.1850000e-01   2.8312000e-01
   2.4400000e+03   3.4452000e-01   3.1195000e-01   2.1865000e-01   2.8387000e-01
   2.4450000e+03   3.4345000e-01   3.1296000e-01   2.1867000e-01   2.8401000e-01
   2.4500000e+03   3.4353000e-01   3.1428000e-01   2.1953000e-01   2.8440000e-01
   2.4550000e+03   3.4471000e-01   3.1471000e-01   2.1924000e-01   2.8546000e-01
   2.4600000e+03   3.4487000e-01   3.1480000e-01   2.1929000e-01   2.8537000e-01
   2.4650000e+03   3.4474000e-01   3.1479000e-01   2.1944000e-01   2.8569000e-01
   2.4700000e+03   3.4319000e-01   3.1417000e-01   2.2005000e-01   2.8632000e-01
   2.4750000e+03   3.4467000e-01   3.1509000e-01   2.2063000e-01   2.8671000e-01
   2.4800000e+03   3.4387000e-01   3.1585000e-01   2.2040000e-01   2.8705000e-01
   2.4850000e+03   3.4324000e-01   3.1592000e-01   2.2101000e-01   2.8665000e-01
   2.4900000e+03   3.4396000e-01   3.1625000e-01   2.2137000e-01   2.8804000e-01
   2.4950000e+03   3.4417000e-01   3.1647000e-01   2.2192000e-01   2.8750000e-01
   2.5000000e+03   3.4494000e-01   3.1765000e-01   2.2232000e-01   2.8848000e-01
   2.5050000e+03   3.4449000e-01   3.1798000e-01   2.2269000e-01   2.8806000e-01
   2.5100000e+03   3.4472000e-01   3.1889000e-01   2.2396000e-01   2.8932000e-01
   2.5150000e+03   3.4474000e-01   3.1857000e-01   2.2361000e-01   2.8874000e-01
   2.5200000e+03   3.4460000e-01   3.1852000e-01   2.2390000e-01   2.9042000e-01
   2.5250000e+03   3.4455000e-01   3.1868000e-01   2.2417000e-01   2.9027000e-01
   2.5300000e+03   3.4597000e-01   3.1976000e-01   2.2492000e-01   2.9081000e-01
   2.5350000e+03   3.4544000e-01   3.1977000e-01   2.2458000e-01   2.9081000e-01
   2.5400000e+03   3.4607000e-01   3.2052000e-01   2.2530000e-01   2.9126000e-01
   2.5450000e+03   3.4913000e-01   3.2236000e-01   2.2746000e-01   2.9251000e-01
   2.5500000e+03   3.4765000e-01   3.2196000e-01   2.2644000e-01   2.9258000e-01
   2.5550000e+03   3.4728000e-01   3.2167000e-01   2.2642000e-01   2.9253000e-01
   2.5600000e+03   3.5002000e-01   3.2346000e-01   2.2828000e-01   2.9377000e-01
   2.5650000e+03   3.4931000e-01   3.2334000e-01   2.2809000e-01   2.9381000e-01
   2.5700000e+03   3.4825000e-01   3.2316000e-01   2.2759000e-01   2.9388000e-01
   2.5750000e+03   3.4841000e-01   3.2345000e-01   2.2803000e-01   2.9403000e-01
   2.5800000e+03   3.5128000e-01   3.2532000e-01   2.2999000e-01   2.9552000e-01
   2.5850000e+03   3.4819000e-01   3.2402000e-01   2.2852000e-01   2.9486000e-01
   2.5900000e+03   3.5466000e-01   3.2719000e-01   2.3227000e-01   2.9710000e-01
   2.5950000e+03   3.5965000e-01   3.2959000e-01   2.3542000e-01   2.9864000e-01
   2.6000000e+03   3.5546000e-01   3.2684000e-01   2.3273000e-01   2.9650000e-01
