300.00	0.19339	0.066918	0.15684	0.067758	0.14019	0.063991	0.17180	0.067313
305.00	0.19046	0.043035	0.15814	0.042910	0.14261	0.041098	0.17421	0.043031
310.00	0.19711	0.030637	0.15967	0.030765	0.14263	0.029447	0.17319	0.030974
315.00	0.19650	0.023435	0.16183	0.022671	0.14454	0.022366	0.17626	0.022958
320.00	0.20048	0.018311	0.16348	0.018233	0.14558	0.017693	0.17656	0.018130
325.00	0.20176	0.014206	0.16633	0.014465	0.14753	0.014215	0.17951	0.014546
330.00	0.20599	0.012360	0.16741	0.011502	0.15070	0.011668	0.18130	0.012141
335.00	0.21108	0.010344	0.17135	0.010045	0.15144	0.0098520	0.18496	0.010145
340.00	0.21531	0.0087270	0.17488	0.0083590	0.15498	0.0082210	0.18944	0.0087540
345.00	0.21978	0.0074370	0.17930	0.0070310	0.15825	0.0071020	0.19324	0.0074290
350.00	0.22394	0.0067820	0.18344	0.0060770	0.16144	0.0061670	0.19742	0.0063510
355.00	0.22912	0.0061180	0.18736	0.0054240	0.16438	0.0052240	0.20170	0.0056520
360.00	0.23352	0.0055930	0.19169	0.0047120	0.16773	0.0045750	0.20666	0.0050680
365.00	0.23858	0.0051950	0.19553	0.0042200	0.17071	0.0041840	0.21049	0.0046290
370.00	0.24261	0.0049730	0.19963	0.0038030	0.17323	0.0037550	0.21508	0.0042910
375.00	0.24733	0.0045130	0.20316	0.0036620	0.17593	0.0035420	0.21864	0.0041940
380.00	0.25142	0.0045730	0.20654	0.0036220	0.17835	0.0034320	0.22282	0.0041760
385.00	0.25568	0.0045730	0.21016	0.0036090	0.18023	0.0032940	0.22666	0.0041020
390.00	0.25914	0.0046170	0.21272	0.0037600	0.18252	0.0036760	0.23076	0.0044380
395.00	0.26297	0.0054350	0.21636	0.0044510	0.18444	0.0040940	0.23519	0.0049890
400.00	0.26852	0.0043560	0.21981	0.0030350	0.18754	0.0028660	0.23964	0.0037310
405.00	0.27087	0.0041070	0.22201	0.0027990	0.18948	0.0026250	0.24374	0.0034560
410.00	0.27591	0.0043690	0.22535	0.0027170	0.19147	0.0025640	0.24557	0.0035290
415.00	0.27801	0.0043920	0.22751	0.0027630	0.19336	0.0025690	0.24933	0.0037330
420.00	0.28228	0.0042210	0.23038	0.0027220	0.19511	0.0025250	0.25114	0.0036650
425.00	0.28545	0.0041570	0.23268	0.0026240	0.19687	0.0024930	0.25412	0.0035380
430.00	0.28857	0.0044770	0.23510	0.0027790	0.19863	0.0025910	0.25736	0.0036050
435.00	0.29258	0.0045090	0.23759	0.0028020	0.20030	0.0026180	0.25898	0.0034470
440.00	0.29466	0.0045050	0.23972	0.0027960	0.20197	0.0025920	0.26250	0.0035260
445.00	0.29861	0.0043490	0.24213	0.0027440	0.20356	0.0026440	0.26392	0.0035340
450.00	0.30024	0.0045610	0.24351	0.0028100	0.20506	0.0025270	0.26662	0.0036480
455.00	0.30391	0.0046430	0.24607	0.0028740	0.20640	0.0026090	0.26792	0.0038140
460.00	0.30601	0.0045460	0.24790	0.0029220	0.20803	0.0026030	0.27067	0.0037820
465.00	0.30958	0.0045150	0.25016	0.0029020	0.20949	0.0026040	0.27228	0.0039210
470.00	0.31144	0.0043850	0.25188	0.0026860	0.21104	0.0026850	0.27474	0.0039460
475.00	0.31491	0.0044840	0.25409	0.0028250	0.21253	0.0026890	0.27621	0.0037820
480.00	0.31672	0.0046450	0.25570	0.0029420	0.21383	0.0027820	0.27877	0.0037670
485.00	0.31996	0.0045140	0.25783	0.0029520	0.21531	0.0027970	0.27998	0.0034820
490.00	0.32174	0.0046790	0.25941	0.0030390	0.21706	0.0027720	0.28237	0.0035950
495.00	0.32504	0.0046960	0.26159	0.0030550	0.21825	0.0027500	0.28415	0.0040810
500.00	0.32673	0.0046880	0.26289	0.0029520	0.21964	0.0028600	0.28593	0.0041850
505.00	0.32949	0.0048810	0.26453	0.0029540	0.22082	0.0028670	0.28708	0.0036260
510.00	0.33151	0.0050120	0.26650	0.0030620	0.22243	0.0028320	0.28968	0.0036600
515.00	0.33472	0.0048590	0.26886	0.0030210	0.22421	0.0028670	0.29144	0.0042170
520.00	0.33658	0.0049560	0.27066	0.0029240	0.22578	0.0029450	0.29360	0.0043060
525.00	0.33919	0.0051240	0.27262	0.0031400	0.22721	0.0029700	0.29478	0.0038100
530.00	0.34120	0.0050830	0.27415	0.0030810	0.22850	0.0030400	0.29691	0.0036530
535.00	0.34379	0.0048860	0.27591	0.0029870	0.22980	0.0029460	0.29861	0.0043370
540.00	0.34534	0.0051250	0.27733	0.0030910	0.23114	0.0029680	0.30045	0.0042600
545.00	0.34787	0.0050770	0.27911	0.0031770	0.23258	0.0030940	0.30203	0.0042100
550.00	0.34998	0.0051850	0.28050	0.0031030	0.23381	0.0029840	0.30389	0.0042700
555.00	0.35142	0.0051940	0.28199	0.0032170	0.23424	0.0030220	0.30518	0.0044560
560.00	0.35405	0.0052370	0.28415	0.0034150	0.23590	0.0030520	0.30667	0.0045760
565.00	0.35567	0.0051180	0.28530	0.0033400	0.23719	0.0030340	0.30808	0.0043540
570.00	0.35772	0.0052860	0.28661	0.0033850	0.23854	0.0029680	0.30893	0.0043900
575.00	0.35890	0.0053460	0.28830	0.0033070	0.23976	0.0030920	0.31111	0.0047220
580.00	0.36160	0.0056070	0.28975	0.0034960	0.24112	0.0031530	0.31182	0.0049130
585.00	0.36321	0.0054680	0.29147	0.0033340	0.24258	0.0032400	0.31378	0.0042400
590.00	0.36600	0.0054870	0.29289	0.0032140	0.24389	0.0031600	0.31449	0.0041820
595.00	0.36694	0.0056110	0.29430	0.0034090	0.24506	0.0031340	0.31633	0.0047090
600.00	0.36912	0.0053980	0.29591	0.0033700	0.24638	0.0031970	0.31744	0.0046470
605.00	0.37119	0.0056070	0.29749	0.0034480	0.24785	0.0031800	0.31879	0.0047990
610.00	0.37231	0.0054710	0.29893	0.0035140	0.24877	0.0033130	0.31999	0.0047890
615.00	0.37464	0.0056100	0.30049	0.0036190	0.25018	0.0033170	0.32190	0.0043360
620.00	0.37591	0.0058340	0.30167	0.0034850	0.25111	0.0031930	0.32350	0.0043570
625.00	0.37811	0.0057400	0.30333	0.0034510	0.25207	0.0033410	0.32498	0.0047720
630.00	0.37927	0.0057510	0.30470	0.0035580	0.25313	0.0033840	0.32719	0.0047690
635.00	0.38127	0.0055610	0.30615	0.0034990	0.25440	0.0033270	0.32825	0.0044400
640.00	0.38191	0.0057820	0.30714	0.0036270	0.25569	0.0033950	0.33004	0.0047730
645.00	0.38451	0.0056150	0.30923	0.0035740	0.25674	0.0033460	0.33102	0.0044310
650.00	0.38554	0.0055770	0.31046	0.0035560	0.25789	0.0033840	0.33315	0.0043100
655.00	0.38772	0.0056380	0.31219	0.0037270	0.25932	0.0034100	0.33416	0.0047850
660.00	0.38881	0.0057790	0.31302	0.0037010	0.26043	0.0033960	0.33551	0.0048320
665.00	0.39083	0.0056950	0.31506	0.0038980	0.26174	0.0034200	0.33686	0.0048920
670.00	0.39228	0.0060350	0.31599	0.0038770	0.26298	0.0034930	0.33858	0.0048550
675.00	0.39419	0.0060290	0.31778	0.0038090	0.26410	0.0035370	0.33927	0.0046000
680.00	0.39530	0.0058660	0.31893	0.0037740	0.26538	0.0035110	0.34112	0.0046500
685.00	0.39783	0.0060800	0.32093	0.0038230	0.26680	0.0035530	0.34234	0.0050960
690.00	0.39874	0.0056890	0.32193	0.0037110	0.26782	0.0035880	0.34405	0.0049660
695.00	0.40031	0.0056750	0.32351	0.0036750	0.26897	0.0035340	0.34503	0.0046130
700.00	0.40177	0.0062620	0.32486	0.0038490	0.27018	0.0035910	0.34652	0.0046090
705.00	0.40339	0.0062210	0.32627	0.0038380	0.27146	0.0036100	0.34775	0.0048060
710.00	0.40485	0.0060340	0.32766	0.0039990	0.27259	0.0035900	0.34900	0.0049870
715.00	0.40686	0.0061290	0.32936	0.0039200	0.27378	0.0036950	0.35079	0.0049410
720.00	0.40773	0.0060230	0.33037	0.0039480	0.27485	0.0037390	0.35212	0.0049610
725.00	0.40876	0.0060020	0.33160	0.0038590	0.27489	0.0037550	0.35345	0.0046180
730.00	0.40987	0.0060700	0.33266	0.0040070	0.27620	0.0037340	0.35523	0.0047470
735.00	0.41170	0.0062920	0.33423	0.0040250	0.27713	0.0037380	0.35636	0.0044960
740.00	0.41256	0.0062920	0.33525	0.0040120	0.27811	0.0038000	0.35766	0.0045990
745.00	0.41327	0.0061670	0.33633	0.0040500	0.27915	0.0036880	0.35879	0.0050100
750.00	0.41609	0.0062740	0.33817	0.0038550	0.28006	0.0038000	0.35965	0.0049300
755.00	0.41607	0.0062010	0.33858	0.0040910	0.28082	0.0038570	0.36195	0.0056820
760.00	0.41844	0.0057440	0.34035	0.0040140	0.28178	0.0038890	0.36141	0.0055170
765.00	0.41812	0.0061480	0.34073	0.0041330	0.28259	0.0038160	0.36338	0.0059990
770.00	0.42125	0.0061510	0.34201	0.0041000	0.28321	0.0038650	0.36340	0.0059430
775.00	0.42069	0.0061840	0.34261	0.0041170	0.28371	0.0038010	0.36535	0.0061790
780.00	0.42296	0.0062380	0.34339	0.0039870	0.28447	0.0038270	0.36438	0.0062710
785.00	0.42360	0.0065780	0.34379	0.0041880	0.28507	0.0037910	0.36569	0.0059270
790.00	0.42404	0.0065230	0.34422	0.0040260	0.28576	0.0038410	0.36643	0.0057920
795.00	0.42570	0.0068010	0.34487	0.0041940	0.28565	0.0038190	0.36645	0.0056370
800.00	0.42593	0.0068690	0.34495	0.0048300	0.28559	0.0040720	0.36770	0.0059160
805.00	0.42731	0.0065640	0.34572	0.0051280	0.28540	0.0039170	0.36830	0.0057630
810.00	0.42714	0.0068810	0.34558	0.0051300	0.28581	0.0038470	0.36870	0.0056370
815.00	0.42843	0.0072500	0.34551	0.0051420	0.28579	0.0039390	0.36827	0.0056820
820.00	0.42828	0.0068130	0.34527	0.0048900	0.28551	0.0040270	0.36880	0.0056560
825.00	0.42987	0.0067090	0.34525	0.0051010	0.28493	0.0040200	0.36844	0.0058080
830.00	0.42922	0.0066460	0.34459	0.0047890	0.28548	0.0037690	0.36788	0.0060090
835.00	0.43094	0.0069090	0.34451	0.0047980	0.28465	0.0039010	0.36797	0.0058160
840.00	0.43036	0.0064710	0.34300	0.0046600	0.28428	0.0037710	0.36756	0.0058050
845.00	0.43079	0.0064210	0.34255	0.0044450	0.28374	0.0037060	0.36712	0.0059310
850.00	0.43054	0.0063470	0.34209	0.0047850	0.28278	0.0037370	0.36674	0.0059700
855.00	0.43176	0.0062800	0.34157	0.0053000	0.28318	0.0034380	0.36514	0.0065870
860.00	0.43071	0.0064720	0.34068	0.0049430	0.28213	0.0035380	0.36496	0.0060160
865.00	0.43047	0.0064950	0.34022	0.0044250	0.28205	0.0033960	0.36469	0.0055710
870.00	0.43064	0.0055740	0.33843	0.0044590	0.28130	0.0036290	0.36333	0.0063720
875.00	0.43071	0.0053250	0.33710	0.0039270	0.28027	0.0033110	0.36293	0.0049050
880.00	0.43034	0.0052550	0.33684	0.0043550	0.27989	0.0030990	0.36228	0.0051120
885.00	0.43016	0.0061290	0.33709	0.0038090	0.27942	0.0031330	0.36158	0.0049760
890.00	0.43057	0.0060510	0.33567	0.0040920	0.27852	0.0031790	0.36115	0.0052720
895.00	0.43069	0.0054050	0.33489	0.0041360	0.27772	0.0031790	0.36127	0.0048420
900.00	0.43008	0.0055090	0.33466	0.0040240	0.27728	0.0030720	0.36071	0.0048410
905.00	0.43040	0.0061170	0.33383	0.0047130	0.27751	0.0036620	0.36036	0.0055010
910.00	0.43099	0.0060460	0.33417	0.0047690	0.27778	0.0033500	0.36042	0.0047890
915.00	0.43126	0.0055970	0.33434	0.0041140	0.27729	0.0034980	0.36180	0.0048570
920.00	0.43132	0.0058240	0.33371	0.0042730	0.27714	0.0032570	0.36150	0.0051870
925.00	0.43164	0.0060190	0.33398	0.0043240	0.27701	0.0033900	0.36196	0.0050470
930.00	0.43353	0.0059360	0.33478	0.0038920	0.27745	0.0031870	0.36248	0.0050220
935.00	0.43312	0.0057370	0.33464	0.0037950	0.27772	0.0031630	0.36304	0.0045300
940.00	0.43358	0.0053070	0.33550	0.0040600	0.27852	0.0033470	0.36370	0.0046950
945.00	0.43504	0.0056220	0.33717	0.0040640	0.27977	0.0033570	0.36488	0.0053150
950.00	0.43625	0.0057450	0.33751	0.0036570	0.27962	0.0031190	0.36508	0.0048220
955.00	0.43695	0.0057490	0.33843	0.0040040	0.28085	0.0032540	0.36618	0.0048520
960.00	0.43837	0.0056450	0.33950	0.0039800	0.28198	0.0033340	0.36747	0.0049070
965.00	0.43914	0.0054020	0.34070	0.0038360	0.28284	0.0032270	0.36909	0.0051620
970.00	0.44060	0.0053670	0.34181	0.0040820	0.28417	0.0034280	0.37025	0.0052400
975.00	0.44215	0.0055250	0.34414	0.0044580	0.28549	0.0032410	0.37238	0.0048290
980.00	0.44255	0.0055340	0.34512	0.0041850	0.28673	0.0032760	0.37309	0.0046790
985.00	0.44517	0.0060490	0.34696	0.0041120	0.28826	0.0031430	0.37564	0.0058630
990.00	0.44749	0.0063050	0.34927	0.0043620	0.28933	0.0032760	0.37639	0.0055020
995.00	0.44748	0.0059470	0.35066	0.0040400	0.29073	0.0033970	0.37918	0.0048960
1000.0	0.44839	0.0056860	0.35180	0.0042940	0.29221	0.0033000	0.37952	0.0049750
1005.0	0.45014	0.0056930	0.35413	0.0042350	0.29332	0.0035900	0.38238	0.0051000
1010.0	0.45151	0.0053730	0.35579	0.0042480	0.29497	0.0035550	0.38287	0.0052860
1015.0	0.45238	0.0059340	0.35767	0.0040620	0.29669	0.0036100	0.38698	0.0053130
1020.0	0.45520	0.0062030	0.35978	0.0044670	0.29817	0.0036340	0.38761	0.0051840
1025.0	0.45476	0.0054810	0.36034	0.0039230	0.29906	0.0034780	0.38959	0.0051970
1030.0	0.45735	0.0058130	0.36266	0.0044910	0.30029	0.0035590	0.39120	0.0050760
1035.0	0.45700	0.0058200	0.36450	0.0041630	0.30214	0.0033560	0.39340	0.0050750
1040.0	0.46049	0.0054750	0.36625	0.0043570	0.30302	0.0036400	0.39375	0.0054850
1045.0	0.46003	0.0060140	0.36713	0.0041090	0.30462	0.0033590	0.39580	0.0055380
1050.0	0.46198	0.0060540	0.36926	0.0043430	0.30619	0.0037080	0.39680	0.0057150
1055.0	0.46259	0.0057920	0.37049	0.0042020	0.30812	0.0036750	0.39829	0.0052280
1060.0	0.46345	0.0061640	0.37201	0.0045880	0.30954	0.0036940	0.40027	0.0055200
1065.0	0.46535	0.0061930	0.37288	0.0044490	0.31092	0.0035930	0.40248	0.0052750
1070.0	0.46674	0.0062980	0.37461	0.0044400	0.31211	0.0037450	0.40407	0.0055010
1075.0	0.46784	0.0060340	0.37611	0.0042120	0.31332	0.0036690	0.40603	0.0058490
1080.0	0.46870	0.0060410	0.37788	0.0043320	0.31458	0.0038640	0.40730	0.0054300
1085.0	0.46966	0.0058260	0.38005	0.0044560	0.31608	0.0037050	0.40813	0.0053310
1090.0	0.47127	0.0058680	0.38182	0.0041000	0.31719	0.0036000	0.41024	0.0048820
1095.0	0.47323	0.0058640	0.38280	0.0042740	0.31939	0.0036600	0.41113	0.0059620
1100.0	0.47409	0.0058580	0.38479	0.0048250	0.32061	0.0035860	0.41305	0.0058890
1105.0	0.47580	0.0063320	0.38592	0.0044460	0.32234	0.0037070	0.41442	0.0050720
1110.0	0.47565	0.0061300	0.38775	0.0043900	0.32363	0.0036790	0.41646	0.0053380
1115.0	0.47826	0.0064680	0.38964	0.0044840	0.32490	0.0036840	0.41724	0.0060960
1120.0	0.47870	0.0059110	0.39068	0.0043060	0.32632	0.0037960	0.41890	0.0063480
1125.0	0.48025	0.0055910	0.39230	0.0045920	0.32799	0.0039530	0.41960	0.0053940
1130.0	0.48070	0.0057230	0.39319	0.0042480	0.32908	0.0038670	0.42076	0.0049450
1135.0	0.48153	0.0060500	0.39502	0.0044770	0.32989	0.0038160	0.42258	0.0058550
1140.0	0.48284	0.0059920	0.39553	0.0046910	0.33198	0.0038390	0.42398	0.0059530
1145.0	0.48357	0.0058530	0.39682	0.0044530	0.33262	0.0036770	0.42504	0.0055530
1150.0	0.48345	0.0060990	0.39807	0.0045750	0.33413	0.0037220	0.42516	0.0054540
1155.0	0.48584	0.0063990	0.39926	0.0047320	0.33536	0.0039100	0.42659	0.0061420
1160.0	0.48646	0.0060740	0.40095	0.0045080	0.33638	0.0036650	0.42785	0.0057410
1165.0	0.48772	0.0060020	0.40205	0.0046740	0.33760	0.0038520	0.42853	0.0060050
1170.0	0.48851	0.0066090	0.40251	0.0051680	0.33842	0.0037110	0.42940	0.0061320
1175.0	0.48836	0.0065560	0.40349	0.0048190	0.33947	0.0040520	0.43049	0.0062390
1180.0	0.48964	0.0062710	0.40432	0.0045970	0.34056	0.0039460	0.43137	0.0059060
1185.0	0.49070	0.0061160	0.40510	0.0047720	0.34173	0.0037560	0.43290	0.0061830
1190.0	0.49151	0.0062060	0.40616	0.0045460	0.34203	0.0039500	0.43400	0.0057210
1195.0	0.49295	0.0062870	0.40651	0.0045620	0.34334	0.0038920	0.43430	0.0059850
1200.0	0.49315	0.0061690	0.40711	0.0048220	0.34412	0.0039530	0.43592	0.0060810
1205.0	0.49401	0.0059430	0.40865	0.0045280	0.34478	0.0039100	0.43628	0.0060800
1210.0	0.49414	0.0059560	0.40952	0.0050650	0.34476	0.0040670	0.43795	0.0060500
1215.0	0.49646	0.0058830	0.41088	0.0047140	0.34606	0.0041600	0.43713	0.0065180
1220.0	0.49659	0.0059330	0.41158	0.0049310	0.34736	0.0040300	0.43887	0.0067360
1225.0	0.49716	0.0066320	0.41177	0.0049580	0.34782	0.0043390	0.43973	0.0057190
1230.0	0.49810	0.0066120	0.41248	0.0051410	0.34857	0.0041730	0.44048	0.0062840
1235.0	0.49889	0.0066180	0.41430	0.0046940	0.34928	0.0041040	0.44264	0.0058580
1240.0	0.49896	0.0062780	0.41400	0.0046320	0.34974	0.0041800	0.44293	0.0064790
1245.0	0.50007	0.0066150	0.41572	0.0049330	0.35089	0.0040550	0.44345	0.0058130
1250.0	0.49998	0.0062850	0.41615	0.0047920	0.35206	0.0039560	0.44475	0.0054410
1255.0	0.50137	0.0064280	0.41711	0.0052160	0.35228	0.0040670	0.44489	0.0060890
1260.0	0.50187	0.0069470	0.41817	0.0049590	0.35353	0.0042120	0.44627	0.0062230
1265.0	0.50251	0.0068290	0.41895	0.0048700	0.35416	0.0042070	0.44720	0.0060970
1270.0	0.50431	0.0062220	0.42002	0.0050180	0.35532	0.0039500	0.44716	0.0064720
1275.0	0.50419	0.0064010	0.42032	0.0048670	0.35666	0.0042290	0.44783	0.0058740
1280.0	0.50542	0.0064660	0.42143	0.0048060	0.35717	0.0042540	0.44835	0.0056530
1285.0	0.50543	0.0062480	0.42189	0.0048020	0.35849	0.0041020	0.44834	0.0066890
1290.0	0.50619	0.0066930	0.42290	0.0046560	0.35939	0.0041860	0.45029	0.0065350
1295.0	0.50755	0.0063730	0.42352	0.0046570	0.36087	0.0043360	0.45027	0.0057540
1300.0	0.50797	0.0064140	0.42473	0.0048590	0.36180	0.0044340	0.45193	0.0059270
1305.0	0.50877	0.0067210	0.42582	0.0055120	0.36352	0.0044430	0.45209	0.0063830
1310.0	0.50960	0.0066370	0.42689	0.0045760	0.36459	0.0043640	0.45298	0.0057500
1315.0	0.51030	0.0064950	0.42816	0.0047110	0.36545	0.0045060	0.45411	0.0062600
1320.0	0.51122	0.0062050	0.42892	0.0047400	0.36663	0.0041330	0.45503	0.0062520
1325.0	0.51248	0.0065880	0.43052	0.0049200	0.36779	0.0043350	0.45505	0.0059610
1330.0	0.51281	0.0064500	0.43082	0.0048880	0.36876	0.0043360	0.45620	0.0054740
1335.0	0.51455	0.0068140	0.43207	0.0048650	0.37013	0.0043450	0.45733	0.0060750
1340.0	0.51532	0.0067810	0.43255	0.0051410	0.37155	0.0042190	0.45850	0.0066070
1345.0	0.51521	0.0065110	0.43312	0.0046990	0.37199	0.0045940	0.45900	0.0056390
1350.0	0.51540	0.0065290	0.43488	0.0050460	0.37302	0.0042280	0.46034	0.0058810
1355.0	0.51642	0.0062900	0.43548	0.0047820	0.37438	0.0045470	0.46100	0.0067450
1360.0	0.51704	0.0060690	0.43679	0.0049970	0.37570	0.0045440	0.46194	0.0070100
1365.0	0.51880	0.0062590	0.43812	0.0049490	0.37715	0.0049030	0.46243	0.0065450
1370.0	0.51873	0.0062790	0.43796	0.0050170	0.37826	0.0044090	0.46341	0.0063560
1375.0	0.52025	0.0061810	0.43990	0.0050770	0.37979	0.0045090	0.46392	0.0067150
1380.0	0.51965	0.0065270	0.44032	0.0046880	0.38082	0.0045200	0.46492	0.0063420
1385.0	0.52225	0.0061360	0.44116	0.0048170	0.38196	0.0046270	0.46598	0.0060600
1390.0	0.52254	0.0063530	0.44228	0.0046830	0.38284	0.0045860	0.46745	0.0063790
1395.0	0.52279	0.0068920	0.44390	0.0053930	0.38394	0.0044060	0.46848	0.0067390
1400.0	0.52289	0.0066490	0.44382	0.0050770	0.38483	0.0047620	0.47035	0.0064660
1405.0	0.52417	0.0064820	0.44543	0.0048910	0.38567	0.0046760	0.47128	0.0067330
1410.0	0.52461	0.0061400	0.44619	0.0050440	0.38666	0.0045410	0.47089	0.0067580
1415.0	0.52584	0.0064280	0.44674	0.0049730	0.38793	0.0045650	0.47230	0.0064660
1420.0	0.52705	0.0064610	0.44795	0.0048580	0.38886	0.0045760	0.47284	0.0065480
1425.0	0.52771	0.0062830	0.44922	0.0050130	0.39092	0.0043890	0.47348	0.0070760
1430.0	0.52810	0.0065490	0.44911	0.0047300	0.39127	0.0044480	0.47429	0.0071590
1435.0	0.52821	0.0064620	0.45061	0.0048120	0.39328	0.0044220	0.47516	0.0061000
1440.0	0.52980	0.0065620	0.45134	0.0051470	0.39385	0.0046670	0.47633	0.0067220
1445.0	0.53011	0.0064500	0.45307	0.0050140	0.39493	0.0045350	0.47832	0.0071400
1450.0	0.53005	0.0066660	0.45424	0.0047950	0.39588	0.0046980	0.47753	0.0068580
1455.0	0.53176	0.0066700	0.45368	0.0050710	0.39672	0.0046230	0.47949	0.0071450
1460.0	0.53249	0.0066010	0.45474	0.0047920	0.39770	0.0044600	0.47941	0.0069890
1465.0	0.53221	0.0060410	0.45580	0.0048650	0.39844	0.0042520	0.48166	0.0072190
1470.0	0.53352	0.0067550	0.45694	0.0048590	0.39923	0.0047180	0.48112	0.0072330
1475.0	0.53336	0.0060680	0.45671	0.0048420	0.40012	0.0048470	0.48251	0.0067840
1480.0	0.53536	0.0061010	0.45794	0.0050690	0.40154	0.0047370	0.48262	0.0064180
1485.0	0.53447	0.0067580	0.45875	0.0051580	0.40194	0.0048730	0.48386	0.0073750
1490.0	0.53642	0.0070790	0.46001	0.0051650	0.40319	0.0049150	0.48398	0.0076880
1495.0	0.53592	0.0065150	0.45979	0.0049000	0.40409	0.0049360	0.48580	0.0071580
1500.0	0.53678	0.0067240	0.46134	0.0048530	0.40474	0.0048790	0.48568	0.0071340
1505.0	0.53720	0.0066100	0.46170	0.0046500	0.40566	0.0047320	0.48656	0.0068890
1510.0	0.53803	0.0068890	0.46250	0.0049960	0.40593	0.0049640	0.48750	0.0070220
1515.0	0.53851	0.0072370	0.46301	0.0047310	0.40710	0.0047630	0.48801	0.0070690
1520.0	0.53869	0.0067090	0.46308	0.0050770	0.40766	0.0048870	0.48888	0.0072150
1525.0	0.53910	0.0070850	0.46383	0.0052720	0.40869	0.0046130	0.48854	0.0073990
1530.0	0.53982	0.0066700	0.46411	0.0048080	0.40962	0.0045270	0.49025	0.0071050
1535.0	0.54087	0.0062490	0.46542	0.0046970	0.41003	0.0047890	0.49115	0.0072280
1540.0	0.54080	0.0068840	0.46583	0.0050170	0.41068	0.0045730	0.49136	0.0071940
1545.0	0.54196	0.0061560	0.46681	0.0047320	0.41100	0.0045720	0.49115	0.0068000
1550.0	0.54166	0.0058900	0.46716	0.0049150	0.41173	0.0048870	0.49227	0.0072210
1555.0	0.54223	0.0065490	0.46663	0.0048080	0.41285	0.0047410	0.49255	0.0066920
1560.0	0.54186	0.0063940	0.46749	0.0051980	0.41334	0.0048720	0.49311	0.0072290
1565.0	0.54383	0.0063390	0.46903	0.0051450	0.41433	0.0046640	0.49447	0.0067430
1570.0	0.54455	0.0068710	0.46877	0.0052320	0.41478	0.0051660	0.49393	0.0068710
1575.0	0.54417	0.0064920	0.46909	0.0055350	0.41482	0.0050330	0.49486	0.0075970
1580.0	0.54426	0.0066100	0.46911	0.0056310	0.41550	0.0050630	0.49503	0.0074190
1585.0	0.54478	0.0070680	0.46971	0.0054360	0.41576	0.0047380	0.49514	0.0075190
1590.0	0.54587	0.0066090	0.46999	0.0051580	0.41638	0.0048770	0.49598	0.0072860
1595.0	0.54654	0.0066160	0.46998	0.0052880	0.41670	0.0048610	0.49646	0.0065170
1600.0	0.54675	0.0069620	0.47055	0.0051570	0.41708	0.0048370	0.49680	0.0069840
1605.0	0.54728	0.0063800	0.47113	0.0052510	0.41778	0.0049320	0.49716	0.0069290
1610.0	0.54696	0.0068830	0.47184	0.0058180	0.41808	0.0049250	0.49766	0.0074350
1615.0	0.54728	0.0067140	0.47223	0.0053290	0.41814	0.0050510	0.49740	0.0068230
1620.0	0.54895	0.0066700	0.47205	0.0055550	0.41897	0.0053050	0.49831	0.0069470
1625.0	0.54886	0.0071370	0.47265	0.0056140	0.41919	0.0048890	0.49824	0.0079330
1630.0	0.54789	0.0066860	0.47230	0.0056210	0.41905	0.0052260	0.49806	0.0079380
1635.0	0.54936	0.0067600	0.47310	0.0052240	0.41914	0.0050640	0.49900	0.0060500
1640.0	0.54826	0.0065400	0.47316	0.0057510	0.41980	0.0050720	0.49819	0.0065860
1645.0	0.54991	0.0071190	0.47386	0.0056930	0.42025	0.0051410	0.49900	0.0079370
1650.0	0.55038	0.0067360	0.47403	0.0054660	0.42038	0.0051190	0.49938	0.0073490
1655.0	0.55031	0.0063280	0.47279	0.0051880	0.42104	0.0048380	0.49948	0.0065040
1660.0	0.55041	0.0067410	0.47383	0.0051450	0.42083	0.0051190	0.50073	0.0071290
1665.0	0.55064	0.0064650	0.47428	0.0050010	0.42278	0.0047780	0.50084	0.0078720
1670.0	0.55059	0.0062590	0.47475	0.0057060	0.42242	0.0052700	0.50171	0.0077070
1675.0	0.55083	0.0062440	0.47541	0.0057880	0.42430	0.0049580	0.50069	0.0078830
1680.0	0.55147	0.0065780	0.47483	0.0057010	0.42412	0.0051090	0.50222	0.0079730
1685.0	0.55248	0.0063200	0.47518	0.0052000	0.42405	0.0049870	0.50258	0.0069130
1690.0	0.55157	0.0066290	0.47473	0.0052620	0.42426	0.0049350	0.50208	0.0064090
1695.0	0.55236	0.0070760	0.47537	0.0055670	0.42497	0.0046920	0.50203	0.0073980
1700.0	0.55216	0.0064490	0.47504	0.0050950	0.42628	0.0049240	0.50345	0.0059560
1705.0	0.55331	0.0063890	0.47535	0.0051120	0.42525	0.0050680	0.50290	0.0055540
1710.0	0.55271	0.0064290	0.47587	0.0052180	0.42543	0.0049060	0.50296	0.0062170
1715.0	0.55429	0.0066260	0.47589	0.0052170	0.42526	0.0049910	0.50318	0.0058450
1720.0	0.55315	0.0065330	0.47541	0.0053590	0.42524	0.0049170	0.50278	0.0062670
1725.0	0.55483	0.0063090	0.47648	0.0050970	0.42529	0.0049480	0.50365	0.0058250
1730.0	0.55387	0.0070860	0.47616	0.0049170	0.42553	0.0047430	0.50315	0.0058140
1735.0	0.55425	0.0070440	0.47622	0.0049010	0.42568	0.0047780	0.50318	0.0061320
1740.0	0.55416	0.0070430	0.47578	0.0052420	0.42588	0.0049900	0.50352	0.0062360
1745.0	0.55457	0.0068470	0.47582	0.0049320	0.42600	0.0048700	0.50389	0.0056640
1750.0	0.55470	0.0064370	0.47560	0.0052400	0.42555	0.0048810	0.50371	0.0055470
1755.0	0.55402	0.0062460	0.47491	0.0053830	0.42570	0.0050360	0.50340	0.0047640
1760.0	0.55570	0.0068260	0.47607	0.0054210	0.42598	0.0049660	0.50318	0.0045360
1765.0	0.55498	0.0069470	0.47514	0.0052820	0.42611	0.0048730	0.50406	0.0048040
1770.0	0.55550	0.0070880	0.47616	0.0050800	0.42607	0.0049470	0.50416	0.0047310
1775.0	0.55515	0.0070270	0.47595	0.0048240	0.42620	0.0051820	0.50481	0.0043830
1780.0	0.55462	0.0070050	0.47611	0.0050090	0.42598	0.0051270	0.50348	0.0044310
1785.0	0.55421	0.0068260	0.47475	0.0053260	0.42638	0.0050530	0.50387	0.0051030
1790.0	0.55424	0.0068740	0.47624	0.0049550	0.42616	0.0049560	0.50417	0.0048210
1795.0	0.55425	0.0067680	0.47545	0.0052560	0.42683	0.0048890	0.50434	0.0046030
1800.0	0.55497	0.0064520	0.47634	0.0056070	0.42670	0.0049680	0.50486	0.0047730
1805.0	0.55501	0.0063510	0.47618	0.0049960	0.42660	0.0052340	0.50561	0.0040940
1810.0	0.55534	0.0065320	0.47661	0.0051730	0.42677	0.0049600	0.50535	0.0043370
1815.0	0.55539	0.0066910	0.47627	0.0054490	0.42660	0.0051550	0.50639	0.0046510
1820.0	0.55515	0.0075640	0.47697	0.0054860	0.42636	0.0047750	0.50630	0.0047450
1825.0	0.55551	0.0074250	0.47672	0.0053310	0.42695	0.0049860	0.50558	0.0050890
1830.0	0.55588	0.0071160	0.47671	0.0054360	0.42734	0.0052760	0.50649	0.0054080
1835.0	0.55617	0.0066820	0.47654	0.0054140	0.42821	0.0049610	0.50705	0.0046000
1840.0	0.55648	0.0069680	0.47732	0.0055130	0.42838	0.0052290	0.50645	0.0047730
1845.0	0.55743	0.0071250	0.47756	0.0056760	0.42894	0.0049620	0.50629	0.0053760
1850.0	0.55657	0.0071630	0.47679	0.0055990	0.42967	0.0051370	0.50612	0.0051440
1855.0	0.55712	0.0074660	0.47644	0.0049410	0.43009	0.0049000	0.50556	0.0055190
1860.0	0.55655	0.0070830	0.47746	0.0054560	0.42902	0.0050070	0.50646	0.0051050
1865.0	0.55705	0.0070950	0.47768	0.0053290	0.42998	0.0049830	0.50621	0.0050740
1870.0	0.55782	0.0068720	0.47851	0.0055750	0.43105	0.0051240	0.50601	0.0049120
1875.0	0.55818	0.0068550	0.47884	0.0058430	0.43110	0.0050720	0.50611	0.0050540
1880.0	0.55812	0.0075930	0.47869	0.0053860	0.43106	0.0050900	0.50663	0.0050030
1885.0	0.55932	0.0075560	0.47932	0.0054980	0.43253	0.0053010	0.50589	0.0055390
1890.0	0.55831	0.0072480	0.47879	0.0055080	0.43135	0.0052070	0.50660	0.0051990
1895.0	0.55801	0.0076290	0.47846	0.0052500	0.43066	0.0051510	0.50726	0.0045580
1900.0	0.55834	0.0071180	0.47853	0.0053820	0.43135	0.0051670	0.50709	0.0048180
1905.0	0.55891	0.0075480	0.47878	0.0053950	0.43183	0.0049660	0.50728	0.0049740
1910.0	0.55846	0.0085940	0.47863	0.0056630	0.43172	0.0054480	0.50769	0.0049890
1915.0	0.55970	0.0081680	0.47948	0.0057100	0.43321	0.0050020	0.50717	0.0057130
1920.0	0.55814	0.0074590	0.47907	0.0054590	0.43251	0.0049070	0.50756	0.0056260
1925.0	0.56073	0.0067780	0.48050	0.0054280	0.43501	0.0048350	0.50754	0.0043230
1930.0	0.55974	0.0069830	0.48014	0.0054290	0.43385	0.0054210	0.50832	0.0050420
1935.0	0.56049	0.0072030	0.48228	0.0055160	0.43459	0.0051950	0.50790	0.0049760
1940.0	0.56065	0.0073190	0.48161	0.0056370	0.43456	0.0053560	0.50863	0.0046500
1945.0	0.56080	0.0072020	0.48162	0.0057140	0.43489	0.0051070	0.50906	0.0054990
1950.0	0.56098	0.0071560	0.48155	0.0055930	0.43487	0.0053510	0.50935	0.0054620
1955.0	0.56112	0.0071380	0.48202	0.0054860	0.43522	0.0052510	0.50911	0.0053190
1960.0	0.56078	0.0077990	0.48200	0.0055640	0.43577	0.0051000	0.50881	0.0055820
1965.0	0.56129	0.0077330	0.48234	0.0056280	0.43651	0.0051570	0.50894	0.0060790
1970.0	0.56191	0.0068540	0.48259	0.0053710	0.43707	0.0052670	0.51084	0.0060650
1975.0	0.56217	0.0068720	0.48268	0.0056160	0.43684	0.0050290	0.51007	0.0051020
1980.0	0.56285	0.0065990	0.48343	0.0058360	0.43807	0.0054420	0.51235	0.0053290
1985.0	0.56309	0.0071340	0.48446	0.0057160	0.43844	0.0051220	0.51165	0.0056070
1990.0	0.56341	0.0076110	0.48456	0.0058080	0.43874	0.0052510	0.51228	0.0060320
1995.0	0.56346	0.0077810	0.48434	0.0054130	0.43973	0.0050330	0.51127	0.0055140
2000.0	0.56354	0.0070610	0.48522	0.0052150	0.44014	0.0051600	0.51212	0.0057510
2005.0	0.56372	0.0068120	0.48521	0.0056640	0.44096	0.0051800	0.51249	0.0049320
2010.0	0.56419	0.0071190	0.48523	0.0053780	0.44047	0.0053480	0.51391	0.0054750
2015.0	0.56452	0.0074990	0.48672	0.0057330	0.44153	0.0056000	0.51310	0.0056770
2020.0	0.56523	0.0079350	0.48670	0.0056390	0.44209	0.0053520	0.51319	0.0061650
2025.0	0.56546	0.0075940	0.48735	0.0056530	0.44339	0.0052040	0.51373	0.0063030
2030.0	0.56678	0.0075330	0.48814	0.0058150	0.44328	0.0054100	0.51557	0.0060360
2035.0	0.56663	0.0073640	0.48885	0.0058080	0.44367	0.0054320	0.51520	0.0059530
2040.0	0.56664	0.0083410	0.48913	0.0058710	0.44483	0.0052250	0.51730	0.0055580
2045.0	0.56624	0.0079940	0.48999	0.0054650	0.44484	0.0055430	0.51745	0.0071870
2050.0	0.56564	0.0083170	0.48999	0.0058890	0.44557	0.0055710	0.51695	0.0067910
2055.0	0.56643	0.0083080	0.49085	0.0060080	0.44659	0.0056310	0.51779	0.0064480
2060.0	0.56751	0.0069670	0.49093	0.0059000	0.44719	0.0056400	0.51746	0.0060640
2065.0	0.56713	0.0076660	0.49128	0.0058700	0.44831	0.0056600	0.51859	0.0057460
2070.0	0.56818	0.0077090	0.49198	0.0061100	0.44834	0.0053400	0.51814	0.0056120
2075.0	0.56901	0.0075410	0.49299	0.0056980	0.44912	0.0057260	0.52042	0.0066390
2080.0	0.57052	0.0079320	0.49398	0.0055390	0.44963	0.0055930	0.52080	0.0064900
2085.0	0.56882	0.0077910	0.49396	0.0057440	0.45055	0.0056620	0.52140	0.0070390
2090.0	0.57012	0.0073280	0.49482	0.0058410	0.45114	0.0059240	0.52149	0.0063020
2095.0	0.56996	0.0074480	0.49583	0.0059860	0.45190	0.0057980	0.52402	0.0061500
2100.0	0.57086	0.0078390	0.49600	0.0060350	0.45308	0.0056700	0.52270	0.0063340
2105.0	0.57040	0.0078430	0.49733	0.0058850	0.45517	0.0055000	0.52521	0.0055730
2110.0	0.57158	0.0071530	0.49769	0.0055860	0.45570	0.0053640	0.52365	0.0050600
2115.0	0.57076	0.0071190	0.49880	0.0058670	0.45645	0.0055430	0.52578	0.0062050
2120.0	0.57149	0.0081540	0.49900	0.0056190	0.45609	0.0055450	0.52560	0.0060460
2125.0	0.57101	0.0079160	0.49863	0.0058210	0.45725	0.0056840	0.52706	0.0061390
2130.0	0.57319	0.0073690	0.50058	0.0056830	0.45804	0.0059050	0.52726	0.0062820
2135.0	0.57341	0.0074150	0.50137	0.0061070	0.45896	0.0058980	0.52849	0.0060870
2140.0	0.57444	0.0073080	0.50249	0.0055830	0.45929	0.0057590	0.52906	0.0059630
2145.0	0.57449	0.0073150	0.50303	0.0051730	0.46017	0.0058350	0.52953	0.0056550
2150.0	0.57407	0.0084200	0.50303	0.0055300	0.46046	0.0057310	0.53045	0.0057180
2155.0	0.57507	0.0084640	0.50501	0.0058510	0.46200	0.0056700	0.53118	0.0065130
2160.0	0.57507	0.0080010	0.50541	0.0057340	0.46221	0.0059970	0.53232	0.0067370
2165.0	0.57638	0.0082220	0.50634	0.0056310	0.46329	0.0060880	0.53264	0.0068160
2170.0	0.57662	0.0079140	0.50690	0.0054600	0.46465	0.0059890	0.53348	0.0068150
2175.0	0.57755	0.0077800	0.50843	0.0058160	0.46522	0.0057050	0.53528	0.0061720
2180.0	0.57740	0.0073830	0.50910	0.0062050	0.46606	0.0056400	0.53615	0.0057410
2185.0	0.57870	0.0073000	0.51003	0.0057440	0.46735	0.0056660	0.53683	0.0065370
2190.0	0.57911	0.0080340	0.51099	0.0058560	0.46819	0.0055400	0.53773	0.0062740
2195.0	0.57975	0.0079960	0.51204	0.0057910	0.46854	0.0055370	0.53842	0.0068140
2200.0	0.57981	0.0074920	0.51191	0.0060460	0.46978	0.0054760	0.53912	0.0067980
2205.0	0.58109	0.0075950	0.51267	0.0060640	0.47080	0.0053890	0.53961	0.0065760
2210.0	0.58125	0.0079980	0.51368	0.0062770	0.47192	0.0056370	0.54062	0.0064830
2215.0	0.58197	0.0083120	0.51465	0.0061900	0.47219	0.0054260	0.54100	0.0075240
2220.0	0.58160	0.0078880	0.51509	0.0058980	0.47298	0.0056700	0.54211	0.0075160
2225.0	0.58246	0.0081870	0.51598	0.0063040	0.47422	0.0055140	0.54225	0.0068550
2230.0	0.58328	0.0079670	0.51686	0.0061610	0.47498	0.0055900	0.54294	0.0064340
2235.0	0.58326	0.0083740	0.51777	0.0060090	0.47569	0.0055240	0.54374	0.0063440
2240.0	0.58429	0.0078450	0.51870	0.0056900	0.47673	0.0055030	0.54469	0.0063420
2245.0	0.58450	0.0083940	0.51930	0.0058090	0.47719	0.0055000	0.54527	0.0070290
2250.0	0.58446	0.0082170	0.52012	0.0061470	0.47817	0.0056630	0.54593	0.0067480
2255.0	0.58518	0.0080110	0.52093	0.0057950	0.47849	0.0058770	0.54642	0.0063940
2260.0	0.58518	0.0078650	0.52111	0.0063370	0.47905	0.0057080	0.54710	0.0071480
2265.0	0.58599	0.0078460	0.52216	0.0060710	0.48004	0.0058900	0.54712	0.0060930
2270.0	0.58578	0.0083860	0.52280	0.0061210	0.48030	0.0057490	0.54858	0.0058730
2275.0	0.58598	0.0084670	0.52364	0.0062570	0.48117	0.0058180	0.54868	0.0066110
2280.0	0.58679	0.0082030	0.52427	0.0061350	0.48221	0.0059010	0.55030	0.0070070
2285.0	0.58723	0.0085900	0.52501	0.0064050	0.48261	0.0058470	0.55025	0.0069700
2290.0	0.58720	0.0074770	0.52535	0.0063830	0.48333	0.0056510	0.55161	0.0067930
2295.0	0.58730	0.0072580	0.52550	0.0063000	0.48417	0.0058270	0.55129	0.0060480
2300.0	0.58831	0.0080760	0.52622	0.0068400	0.48498	0.0056930	0.55255	0.0063640
2305.0	0.58956	0.0077030	0.52731	0.0065140	0.48545	0.0060900	0.55299	0.0069350
2310.0	0.58974	0.0085250	0.52771	0.0067590	0.48610	0.0061400	0.55353	0.0070090
2315.0	0.58968	0.0083350	0.52857	0.0062950	0.48665	0.0059270	0.55346	0.0072190
2320.0	0.58912	0.0078500	0.52949	0.0066150	0.48739	0.0061880	0.55463	0.0073810
2325.0	0.58966	0.0081050	0.53051	0.0067940	0.48802	0.0062240	0.55512	0.0063110
2330.0	0.59067	0.0085810	0.53101	0.0066070	0.48849	0.0060500	0.55600	0.0065880
2335.0	0.59183	0.0083650	0.53202	0.0060750	0.48934	0.0058640	0.55612	0.0066120
2340.0	0.59150	0.0088670	0.53260	0.0065010	0.49015	0.0060600	0.55634	0.0066130
2345.0	0.59277	0.0088420	0.53344	0.0070510	0.49049	0.0059130	0.55688	0.0072010
2350.0	0.59150	0.0083000	0.53416	0.0067810	0.49117	0.0063460	0.55789	0.0074210
2355.0	0.59158	0.0082600	0.53412	0.0060430	0.49154	0.0063060	0.55816	0.0069430
2360.0	0.59303	0.0076800	0.53480	0.0062890	0.49305	0.0061130	0.55910	0.0069210
2365.0	0.59307	0.0081910	0.53504	0.0064650	0.49323	0.0059540	0.55935	0.0062560
2370.0	0.59327	0.0083730	0.53550	0.0063820	0.49352	0.0060390	0.55984	0.0061800
2375.0	0.59258	0.0082200	0.53509	0.0068080	0.49463	0.0062020	0.56106	0.0071960
2380.0	0.59452	0.0076040	0.53667	0.0065810	0.49502	0.0059270	0.56131	0.0067450
2385.0	0.59352	0.0079560	0.53666	0.0067620	0.49552	0.0061580	0.56289	0.0072170
2390.0	0.59554	0.0072770	0.53893	0.0065610	0.49655	0.0062000	0.56310	0.0067430
2395.0	0.59448	0.0081110	0.53847	0.0066400	0.49747	0.0065510	0.56503	0.0060600
2400.0	0.59637	0.0082740	0.54055	0.0072540	0.49849	0.0063210	0.56481	0.0064650
2405.0	0.59452	0.0085170	0.54127	0.0068220	0.49844	0.0062590	0.56746	0.0068260
2410.0	0.59628	0.0085320	0.54197	0.0064360	0.49875	0.0064670	0.56647	0.0074220
2415.0	0.59583	0.0084690	0.54228	0.0066880	0.49898	0.0065470	0.56769	0.0071600
2420.0	0.59739	0.0080890	0.54263	0.0065290	0.50072	0.0066780	0.56672	0.0072940
2425.0	0.59785	0.0081790	0.54409	0.0061080	0.50325	0.0064980	0.56700	0.0061610
2430.0	0.59847	0.0080250	0.54460	0.0068390	0.50316	0.0063160	0.56747	0.0065920
2435.0	0.59807	0.0086340	0.54576	0.0066640	0.50349	0.0063930	0.56831	0.0071260
2440.0	0.59847	0.0090240	0.54508	0.0070280	0.50423	0.0063660	0.56837	0.0073780
2445.0	0.59904	0.0089580	0.54682	0.0069850	0.50362	0.0067460	0.57038	0.0068340
2450.0	0.59808	0.0077140	0.54626	0.0069050	0.50418	0.0063120	0.56962	0.0071010
2455.0	0.59900	0.0076120	0.54775	0.0071760	0.50420	0.0064410	0.57200	0.0062990
2460.0	0.59839	0.0081650	0.54828	0.0071780	0.50432	0.0063110	0.57297	0.0062810
2465.0	0.59873	0.0091490	0.54809	0.0065730	0.50499	0.0065080	0.57284	0.0066370
2470.0	0.59892	0.0086530	0.54856	0.0066290	0.50521	0.0060570	0.57505	0.0065840
2475.0	0.59892	0.0083710	0.54956	0.0066760	0.50631	0.0062020	0.57434	0.0076190
2480.0	0.59889	0.0084350	0.54993	0.0069290	0.50607	0.0064870	0.57586	0.0070260
2485.0	0.59947	0.0083000	0.55017	0.0068980	0.50557	0.0065810	0.57587	0.0071310
2490.0	0.59922	0.0084500	0.55080	0.0067470	0.50744	0.0062410	0.57725	0.0065370
2495.0	0.59890	0.0088050	0.55109	0.0068750	0.50703	0.0064860	0.57714	0.0073790
2500.0	0.59971	0.0083530	0.55233	0.0065150	0.50849	0.0064290	0.57789	0.0067640
2505.0	0.59931	0.0085090	0.55153	0.0061580	0.50837	0.0066610	0.57958	0.0078870
2510.0	0.59905	0.0082320	0.55277	0.0066240	0.50928	0.0066810	0.57864	0.0081280
2515.0	0.59877	0.0081320	0.55161	0.0068120	0.50909	0.0068380	0.58051	0.0066790
2520.0	0.59967	0.0090670	0.55210	0.0073000	0.50945	0.0070590	0.57995	0.0068650
2525.0	0.59992	0.0091070	0.55209	0.0066600	0.50892	0.0069500	0.58067	0.0073200
2530.0	0.59878	0.0090300	0.55392	0.0063800	0.51016	0.0066030	0.58170	0.0066600
2535.0	0.60002	0.0096000	0.55273	0.0069870	0.50925	0.0069140	0.58179	0.0085820
2540.0	0.60002	0.0093760	0.55508	0.0065530	0.51015	0.0069670	0.58235	0.0073400
2545.0	0.60016	0.0088090	0.55466	0.0070900	0.51245	0.0073440	0.58188	0.0075960
2550.0	0.60062	0.0084830	0.55395	0.0070250	0.51071	0.0065820	0.58295	0.0077010
2555.0	0.60044	0.0092640	0.55574	0.0069200	0.51128	0.0070970	0.58464	0.0082760
2560.0	0.60035	0.0086640	0.55579	0.0066970	0.51393	0.0066450	0.58366	0.0080480
2565.0	0.60053	0.0089960	0.55449	0.0085950	0.51427	0.0081750	0.58427	0.0097750
2570.0	0.60127	0.0083960	0.55792	0.0070950	0.51477	0.0071410	0.58498	0.0086610
2575.0	0.60129	0.0088360	0.55780	0.0069440	0.51547	0.0072020	0.58541	0.0084680
2580.0	0.60215	0.0086520	0.56030	0.0065210	0.51838	0.0068040	0.58326	0.0081160
2585.0	0.60089	0.0087470	0.55742	0.0072350	0.51909	0.0083440	0.58847	0.0092140
2590.0	0.60504	0.0097900	0.56155	0.0067090	0.52035	0.0077910	0.58428	0.0083850
2595.0	0.60300	0.0091670	0.55710	0.0073220	0.52461	0.0077800	0.58216	0.0094910
2600.0	0.60400	0.010334	0.56327	0.0075290	0.52379	0.0077880	0.58587	0.0087560
