Wavelength	64801 <10	sd	64801 10-20	sd	64801 20-45	sd	64801 <45	sd
300.00	0.094906	0.072271	0.076148	0.071697	0.071147	0.070970	0.080940	0.071386
305.00	0.098022	0.048465	0.078269	0.048067	0.073230	0.048102	0.083070	0.048376
310.00	0.099598	0.034206	0.081129	0.034789	0.076271	0.035013	0.083690	0.034764
315.00	0.10005	0.025711	0.082784	0.025812	0.077697	0.025913	0.085876	0.025735
320.00	0.10163	0.020204	0.083210	0.020178	0.078700	0.020220	0.085760	0.020213
325.00	0.10306	0.016007	0.084301	0.016265	0.079217	0.016194	0.086520	0.016249
330.00	0.10389	0.013322	0.085375	0.013126	0.080461	0.013327	0.087600	0.013109
335.00	0.10612	0.011154	0.085578	0.010999	0.080627	0.010929	0.088224	0.011049
340.00	0.10715	0.0092940	0.086717	0.0092780	0.081824	0.0093640	0.089659	0.0093140
345.00	0.10808	0.0077450	0.088718	0.0077900	0.082894	0.0078520	0.090350	0.0077860
350.00	0.11016	0.0067070	0.089219	0.0064490	0.083867	0.0064400	0.091369	0.0065820
355.00	0.11220	0.0055960	0.090844	0.0055810	0.084480	0.0056670	0.092700	0.0056500
360.00	0.11463	0.0047070	0.093202	0.0046680	0.086108	0.0048410	0.094943	0.0047350
365.00	0.11684	0.0040020	0.095015	0.0039230	0.087898	0.0041360	0.097297	0.0039730
370.00	0.11904	0.0035630	0.097128	0.0034780	0.089184	0.0036240	0.098981	0.0035210
375.00	0.12121	0.0032270	0.098076	0.0030720	0.090688	0.0031690	0.10042	0.0031400
380.00	0.12374	0.0029980	0.10028	0.0029090	0.091991	0.0031170	0.10254	0.0029580
385.00	0.12585	0.0029660	0.10205	0.0028920	0.093448	0.0031180	0.10465	0.0029430
390.00	0.12844	0.0032070	0.10408	0.0031820	0.095089	0.0033150	0.10677	0.0032380
395.00	0.13035	0.0040220	0.10644	0.0039060	0.096971	0.0040910	0.10973	0.0039370
400.00	0.13353	0.0019920	0.10733	0.0017600	0.098365	0.0021770	0.10894	0.0018110
405.00	0.13581	0.0016740	0.10885	0.0014760	0.099525	0.0019980	0.11023	0.0015810
410.00	0.13766	0.0015300	0.11039	0.0013080	0.10105	0.0018040	0.11224	0.0014160
415.00	0.14030	0.0014630	0.11239	0.0011750	0.10230	0.0017430	0.11386	0.0013610
420.00	0.14220	0.0014090	0.11394	0.0010860	0.10377	0.0016700	0.11577	0.0012980
425.00	0.14476	0.0013150	0.11587	0.0010080	0.10522	0.0016590	0.11748	0.0012120
430.00	0.14712	0.0012710	0.11747	0.0010230	0.10659	0.0015880	0.11895	0.0012160
435.00	0.14924	0.0012620	0.11917	0.00087200	0.10780	0.0015450	0.12068	0.0010910
440.00	0.15148	0.0012600	0.12094	0.00089800	0.10908	0.0014810	0.12216	0.0011210
445.00	0.15360	0.0013030	0.12263	0.00089000	0.11042	0.0016380	0.12377	0.0012010
450.00	0.15596	0.0012200	0.12433	0.00085600	0.11173	0.0016340	0.12520	0.0012090
455.00	0.15818	0.0012420	0.12586	0.00088000	0.11298	0.0017670	0.12677	0.0012090
460.00	0.16026	0.0012280	0.12756	0.00084000	0.11437	0.0016450	0.12823	0.0011840
465.00	0.16231	0.0012630	0.12917	0.00088500	0.11567	0.0016660	0.12958	0.0011540
470.00	0.16440	0.0012610	0.13076	0.00092100	0.11714	0.0016240	0.13100	0.0011460
475.00	0.16649	0.0013430	0.13229	0.00096300	0.11857	0.0015850	0.13241	0.0011360
480.00	0.16853	0.0012660	0.13383	0.00097400	0.12003	0.0016600	0.13389	0.0010870
485.00	0.17091	0.0012710	0.13541	0.00096500	0.12127	0.0016730	0.13516	0.0010840
490.00	0.17231	0.0013820	0.13666	0.0010310	0.12265	0.0017620	0.13671	0.0011040
495.00	0.17493	0.0013220	0.13834	0.00096600	0.12399	0.0018930	0.13786	0.0010810
500.00	0.17665	0.0013790	0.13983	0.00095200	0.12544	0.0020690	0.13960	0.0011550
505.00	0.17882	0.0014680	0.14127	0.0010530	0.12644	0.0022150	0.14053	0.0011840
510.00	0.18053	0.0013480	0.14273	0.00096200	0.12796	0.0021630	0.14249	0.0011870
515.00	0.18275	0.0014890	0.14413	0.0010410	0.12890	0.0022040	0.14352	0.0012920
520.00	0.18456	0.0014450	0.14549	0.00094700	0.13013	0.0020410	0.14488	0.0013170
525.00	0.18652	0.0013840	0.14704	0.00098100	0.13129	0.0019300	0.14629	0.0013410
530.00	0.18849	0.0013360	0.14850	0.00094000	0.13250	0.0019880	0.14766	0.0013540
535.00	0.19040	0.0013380	0.14998	0.00095100	0.13393	0.0020730	0.14923	0.0012540
540.00	0.19219	0.0013570	0.15143	0.00094000	0.13513	0.0020870	0.15051	0.0012420
545.00	0.19392	0.0013400	0.15275	0.00092800	0.13606	0.0021630	0.15191	0.0012480
550.00	0.19578	0.0013530	0.15407	0.00095200	0.13704	0.0020920	0.15314	0.0013090
555.00	0.19755	0.0014410	0.15538	0.00096300	0.13808	0.0020430	0.15435	0.0012480
560.00	0.19932	0.0014020	0.15677	0.00093200	0.13908	0.0020750	0.15557	0.0012890
565.00	0.20116	0.0014330	0.15814	0.00095200	0.13998	0.0020220	0.15673	0.0015070
570.00	0.20276	0.0013920	0.15934	0.0010000	0.14129	0.0021250	0.15793	0.0014980
575.00	0.20456	0.0014740	0.16068	0.0010170	0.14226	0.0021190	0.15890	0.0014590
580.00	0.20627	0.0013460	0.16211	0.0010140	0.14336	0.0021000	0.16004	0.0014180
585.00	0.20797	0.0013850	0.16332	0.0010580	0.14418	0.0022650	0.16118	0.0014840
590.00	0.20971	0.0015180	0.16458	0.0010590	0.14524	0.0022780	0.16235	0.0015190
595.00	0.21132	0.0014760	0.16588	0.00097100	0.14620	0.0024270	0.16349	0.0013950
600.00	0.21296	0.0014090	0.16709	0.0010820	0.14712	0.0022680	0.16451	0.0013680
605.00	0.21487	0.0014450	0.16835	0.0010830	0.14815	0.0023370	0.16542	0.0015470
610.00	0.21643	0.0014520	0.16980	0.0011510	0.14952	0.0024010	0.16698	0.0015220
615.00	0.21820	0.0015460	0.17134	0.0012750	0.15047	0.0025930	0.16821	0.0015230
620.00	0.21961	0.0013610	0.17264	0.0011790	0.15158	0.0024320	0.16981	0.0014650
625.00	0.22123	0.0016030	0.17398	0.0013200	0.15226	0.0025440	0.17101	0.0015820
630.00	0.22244	0.0016630	0.17523	0.0013520	0.15358	0.0025510	0.17277	0.0016580
635.00	0.22422	0.0015870	0.17662	0.0013710	0.15462	0.0026110	0.17367	0.0015550
640.00	0.22536	0.0017070	0.17772	0.0013440	0.15571	0.0025280	0.17506	0.0016690
645.00	0.22711	0.0016730	0.17916	0.0013220	0.15631	0.0026590	0.17602	0.0016060
650.00	0.22857	0.0015700	0.18015	0.0012470	0.15761	0.0025700	0.17735	0.0016270
655.00	0.22996	0.0015520	0.18121	0.0012970	0.15870	0.0027170	0.17809	0.0016630
660.00	0.23183	0.0015760	0.18228	0.0013330	0.15965	0.0026370	0.17905	0.0016470
665.00	0.23306	0.0015620	0.18325	0.0013530	0.16057	0.0027740	0.17994	0.0014680
670.00	0.23473	0.0016070	0.18434	0.0013810	0.16122	0.0026300	0.18073	0.0015170
675.00	0.23601	0.0016430	0.18526	0.0012990	0.16230	0.0025930	0.18177	0.0015410
680.00	0.23775	0.0016350	0.18635	0.0012030	0.16331	0.0026910	0.18257	0.0015530
685.00	0.23892	0.0017640	0.18729	0.0013130	0.16453	0.0030540	0.18369	0.0017850
690.00	0.24074	0.0017610	0.18849	0.0012760	0.16555	0.0032140	0.18447	0.0017570
695.00	0.24205	0.0016920	0.18943	0.0012790	0.16670	0.0036710	0.18572	0.0018140
700.00	0.24348	0.0017420	0.19056	0.0012540	0.16728	0.0039260	0.18631	0.0017580
705.00	0.24474	0.0017690	0.19151	0.0013060	0.16797	0.0042700	0.18751	0.0018220
710.00	0.24620	0.0016600	0.19248	0.0012050	0.16859	0.0042040	0.18829	0.0017310
715.00	0.24758	0.0017380	0.19355	0.0011900	0.16912	0.0043970	0.18940	0.0016490
720.00	0.24898	0.0019660	0.19458	0.0013390	0.16964	0.0045040	0.19009	0.0018020
725.00	0.24948	0.0017520	0.19605	0.0012840	0.17052	0.0045540	0.19182	0.0016000
730.00	0.25104	0.0016890	0.19707	0.0012840	0.17168	0.0043810	0.19269	0.0016030
735.00	0.25255	0.0018240	0.19824	0.0013460	0.17246	0.0044060	0.19381	0.0016700
740.00	0.25348	0.0018490	0.19921	0.0012850	0.17338	0.0043910	0.19439	0.0016060
745.00	0.25513	0.0018110	0.20047	0.0013970	0.17406	0.0042820	0.19546	0.0016640
750.00	0.25590	0.0019020	0.20139	0.0013970	0.17523	0.0043560	0.19648	0.0015640
755.00	0.25745	0.0017940	0.20271	0.0015290	0.17561	0.0042390	0.19723	0.0017060
760.00	0.25820	0.0020240	0.20359	0.0016590	0.17630	0.0042500	0.19873	0.0018520
765.00	0.26004	0.0021360	0.20480	0.0017200	0.17673	0.0039020	0.19924	0.0017780
770.00	0.26075	0.0019370	0.20544	0.0016920	0.17757	0.0037170	0.20008	0.0016780
775.00	0.26197	0.0020200	0.20618	0.0019090	0.17820	0.0034700	0.20185	0.0020530
780.00	0.26491	0.0021130	0.20782	0.0019030	0.17830	0.0032520	0.20105	0.0019150
785.00	0.26360	0.0022750	0.20764	0.0018760	0.17896	0.0030890	0.20313	0.0020530
790.00	0.26702	0.0022320	0.20873	0.0018250	0.17901	0.0029750	0.20195	0.0019410
795.00	0.26562	0.0023030	0.20883	0.0018770	0.17993	0.0030770	0.20355	0.0020910
800.00	0.26810	0.0025850	0.20989	0.0023020	0.18062	0.0034600	0.20415	0.0025430
805.00	0.26968	0.0025590	0.21076	0.0022960	0.18140	0.0033870	0.20475	0.0027350
810.00	0.26997	0.0024970	0.21173	0.0022600	0.18171	0.0032910	0.20621	0.0027260
815.00	0.27180	0.0026980	0.21230	0.0024130	0.18262	0.0033420	0.20654	0.0026890
820.00	0.27226	0.0028370	0.21253	0.0024260	0.18308	0.0035170	0.20762	0.0026230
825.00	0.27347	0.0027150	0.21348	0.0023520	0.18346	0.0034430	0.20778	0.0027030
830.00	0.27467	0.0026980	0.21451	0.0025160	0.18414	0.0033450	0.20867	0.0026580
835.00	0.27500	0.0026430	0.21450	0.0024170	0.18424	0.0034270	0.20919	0.0026940
840.00	0.27702	0.0025680	0.21571	0.0023320	0.18458	0.0033730	0.20891	0.0026140
845.00	0.27652	0.0025800	0.21596	0.0024370	0.18521	0.0033430	0.21031	0.0027150
850.00	0.27853	0.0023690	0.21637	0.0022770	0.18500	0.0031690	0.21021	0.0026110
855.00	0.27888	0.0029000	0.21693	0.0024120	0.18483	0.0029580	0.21118	0.0025830
860.00	0.27944	0.0023670	0.21674	0.0024540	0.18539	0.0028610	0.21093	0.0027730
865.00	0.28114	0.0023340	0.21754	0.0022190	0.18511	0.0028760	0.21154	0.0022650
870.00	0.28195	0.0024600	0.21801	0.0021980	0.18492	0.0026950	0.21185	0.0022200
875.00	0.28193	0.0021130	0.21844	0.0021400	0.18612	0.0027270	0.21242	0.0022160
880.00	0.28351	0.0023720	0.21851	0.0019890	0.18572	0.0028350	0.21284	0.0023350
885.00	0.28360	0.0022940	0.21891	0.0022120	0.18583	0.0025860	0.21343	0.0018840
890.00	0.28445	0.0022810	0.21901	0.0020950	0.18598	0.0023800	0.21382	0.0024080
895.00	0.28540	0.0021990	0.21955	0.0020720	0.18651	0.0025070	0.21429	0.0018380
900.00	0.28603	0.0020620	0.22018	0.0019020	0.18646	0.0028610	0.21434	0.0021950
905.00	0.28795	0.0024850	0.22050	0.0023600	0.18690	0.0025270	0.21507	0.0023030
910.00	0.28792	0.0022220	0.22105	0.0020420	0.18676	0.0023920	0.21578	0.0022410
915.00	0.28901	0.0023320	0.22156	0.0020450	0.18732	0.0024690	0.21614	0.0020710
920.00	0.28969	0.0022350	0.22240	0.0018810	0.18769	0.0027960	0.21652	0.0020460
925.00	0.29005	0.0021580	0.22310	0.0019800	0.18844	0.0025700	0.21749	0.0024000
930.00	0.29092	0.0021760	0.22366	0.0019090	0.18853	0.0026050	0.21806	0.0023660
935.00	0.29190	0.0022520	0.22361	0.0019440	0.18879	0.0023860	0.21877	0.0019420
940.00	0.29358	0.0022180	0.22454	0.0017520	0.18965	0.0024870	0.21873	0.0021290
945.00	0.29386	0.0020580	0.22569	0.0016170	0.19087	0.0025360	0.21949	0.0022710
950.00	0.29515	0.0021730	0.22651	0.0018270	0.19111	0.0024310	0.22049	0.0020400
955.00	0.29601	0.0023160	0.22701	0.0019320	0.19222	0.0022140	0.22140	0.0021220
960.00	0.29703	0.0021730	0.22806	0.0017930	0.19227	0.0023910	0.22180	0.0019030
965.00	0.29795	0.0020230	0.22903	0.0017680	0.19293	0.0024210	0.22263	0.0017480
970.00	0.29921	0.0020770	0.22932	0.0017580	0.19377	0.0021690	0.22339	0.0018140
975.00	0.30014	0.0022510	0.23070	0.0019200	0.19454	0.0024380	0.22418	0.0020700
980.00	0.30093	0.0020540	0.23167	0.0015770	0.19527	0.0021860	0.22490	0.0019500
985.00	0.30212	0.0020690	0.23261	0.0019340	0.19621	0.0019120	0.22630	0.0019120
990.00	0.30301	0.0022110	0.23321	0.0017890	0.19707	0.0022230	0.22695	0.0019900
995.00	0.30379	0.0021170	0.23420	0.0017190	0.19729	0.0019860	0.22779	0.0020410
1000.0	0.30464	0.0021880	0.23498	0.0017270	0.19855	0.0023870	0.22878	0.0019720
1005.0	0.30601	0.0021500	0.23618	0.0019860	0.19890	0.0022330	0.22983	0.0018970
1010.0	0.30672	0.0023830	0.23680	0.0017900	0.19984	0.0025770	0.23048	0.0018680
1015.0	0.30809	0.0023400	0.23826	0.0017310	0.20091	0.0019570	0.23137	0.0021320
1020.0	0.30886	0.0023450	0.23903	0.0021410	0.20211	0.0023110	0.23269	0.0022260
1025.0	0.30996	0.0022780	0.24017	0.0019370	0.20258	0.0023230	0.23343	0.0025150
1030.0	0.31043	0.0024070	0.24106	0.0018840	0.20351	0.0020990	0.23463	0.0024120
1035.0	0.31182	0.0021300	0.24232	0.0018970	0.20401	0.0017690	0.23564	0.0020250
1040.0	0.31214	0.0022520	0.24311	0.0019150	0.20462	0.0020910	0.23618	0.0018000
1045.0	0.31330	0.0020920	0.24452	0.0020390	0.20598	0.0021090	0.23754	0.0023070
1050.0	0.31473	0.0024130	0.24463	0.0019990	0.20681	0.0022000	0.23836	0.0022840
1055.0	0.31569	0.0022510	0.24604	0.0020650	0.20753	0.0022570	0.23900	0.0020300
1060.0	0.31691	0.0021690	0.24681	0.0021110	0.20849	0.0018690	0.23978	0.0023210
1065.0	0.31728	0.0022440	0.24791	0.0022280	0.20893	0.0023250	0.24069	0.0021360
1070.0	0.31878	0.0023860	0.24856	0.0019940	0.20945	0.0020540	0.24193	0.0022880
1075.0	0.31949	0.0023860	0.24991	0.0020120	0.21003	0.0021870	0.24242	0.0020290
1080.0	0.32033	0.0021450	0.25088	0.0023230	0.21104	0.0020050	0.24348	0.0021480
1085.0	0.32163	0.0021870	0.25180	0.0021220	0.21156	0.0022260	0.24440	0.0021060
1090.0	0.32239	0.0020350	0.25303	0.0019470	0.21265	0.0022480	0.24538	0.0022410
1095.0	0.32380	0.0021810	0.25410	0.0020640	0.21317	0.0024000	0.24581	0.0019260
1100.0	0.32478	0.0023570	0.25500	0.0021110	0.21436	0.0023920	0.24666	0.0018950
1105.0	0.32567	0.0021790	0.25590	0.0022760	0.21524	0.0026010	0.24769	0.0022070
1110.0	0.32696	0.0023420	0.25680	0.0022610	0.21608	0.0027220	0.24844	0.0022810
1115.0	0.32752	0.0022790	0.25781	0.0022160	0.21693	0.0029390	0.24964	0.0024100
1120.0	0.32919	0.0024940	0.25880	0.0022030	0.21776	0.0032590	0.25044	0.0021380
1125.0	0.33008	0.0021170	0.25976	0.0022450	0.21832	0.0026930	0.25048	0.0021730
1130.0	0.33141	0.0024310	0.26047	0.0023800	0.21975	0.0029880	0.25093	0.0022020
1135.0	0.33182	0.0023510	0.26190	0.0024440	0.22068	0.0029040	0.25300	0.0021120
1140.0	0.33349	0.0023100	0.26224	0.0021420	0.22136	0.0025760	0.25275	0.0022790
1145.0	0.33386	0.0022580	0.26349	0.0023780	0.22247	0.0024220	0.25398	0.0025620
1150.0	0.33518	0.0023310	0.26435	0.0021660	0.22306	0.0026970	0.25378	0.0022880
1155.0	0.33577	0.0023450	0.26515	0.0025400	0.22401	0.0021220	0.25463	0.0020990
1160.0	0.33707	0.0023950	0.26606	0.0023210	0.22495	0.0024210	0.25554	0.0021870
1165.0	0.33808	0.0021730	0.26657	0.0024420	0.22570	0.0027360	0.25654	0.0024760
1170.0	0.33952	0.0022720	0.26773	0.0023330	0.22634	0.0022600	0.25695	0.0022400
1175.0	0.33972	0.0021960	0.26849	0.0022040	0.22724	0.0022770	0.25759	0.0022470
1180.0	0.34073	0.0024060	0.26914	0.0022430	0.22772	0.0022550	0.25856	0.0024460
1185.0	0.34232	0.0022500	0.27012	0.0025520	0.22846	0.0023570	0.25926	0.0021220
1190.0	0.34214	0.0021990	0.27104	0.0022720	0.22957	0.0024300	0.25974	0.0022580
1195.0	0.34394	0.0024700	0.27178	0.0022460	0.23028	0.0025150	0.26101	0.0026370
1200.0	0.34462	0.0023660	0.27229	0.0021690	0.23075	0.0023070	0.26238	0.0023270
1205.0	0.34534	0.0024010	0.27338	0.0023750	0.23104	0.0028760	0.26341	0.0027400
1210.0	0.34498	0.0022650	0.27463	0.0023730	0.23180	0.0029710	0.26439	0.0026000
1215.0	0.34725	0.0023640	0.27527	0.0025030	0.23232	0.0028900	0.26542	0.0023760
1220.0	0.34766	0.0023360	0.27599	0.0022560	0.23338	0.0029560	0.26590	0.0023990
1225.0	0.34895	0.0021520	0.27762	0.0025060	0.23405	0.0032300	0.26664	0.0026160
1230.0	0.34886	0.0021750	0.27773	0.0022020	0.23462	0.0027100	0.26785	0.0023620
1235.0	0.35015	0.0022670	0.27877	0.0022430	0.23490	0.0029290	0.26866	0.0024930
1240.0	0.35073	0.0023150	0.27919	0.0022210	0.23587	0.0028930	0.26939	0.0021280
1245.0	0.35236	0.0021100	0.28075	0.0021200	0.23589	0.0027080	0.27027	0.0024300
1250.0	0.35265	0.0021340	0.28117	0.0021190	0.23721	0.0026070	0.27120	0.0023040
1255.0	0.35421	0.0024470	0.28222	0.0022670	0.23781	0.0034580	0.27155	0.0021960
1260.0	0.35402	0.0024250	0.28221	0.0021310	0.23823	0.0033750	0.27214	0.0024310
1265.0	0.35557	0.0024440	0.28351	0.0021190	0.23868	0.0031760	0.27301	0.0026170
1270.0	0.35598	0.0023110	0.28413	0.0023330	0.24005	0.0037200	0.27365	0.0025840
1275.0	0.35714	0.0022640	0.28486	0.0019350	0.24018	0.0038860	0.27415	0.0025360
1280.0	0.35825	0.0025390	0.28562	0.0021160	0.24084	0.0034300	0.27474	0.0024450
1285.0	0.35904	0.0022790	0.28672	0.0020170	0.24242	0.0031170	0.27498	0.0022340
1290.0	0.36020	0.0024300	0.28691	0.0022050	0.24290	0.0033810	0.27599	0.0026970
1295.0	0.36083	0.0023390	0.28786	0.0022200	0.24350	0.0030410	0.27652	0.0028850
1300.0	0.36238	0.0024060	0.28859	0.0023860	0.24473	0.0031550	0.27738	0.0025770
1305.0	0.36243	0.0023170	0.28969	0.0020230	0.24556	0.0031270	0.27772	0.0027840
1310.0	0.36383	0.0022200	0.29037	0.0020840	0.24648	0.0033200	0.27834	0.0026070
1315.0	0.36462	0.0023340	0.29160	0.0020470	0.24692	0.0029960	0.27958	0.0023930
1320.0	0.36606	0.0024500	0.29219	0.0019270	0.24799	0.0028830	0.27979	0.0023940
1325.0	0.36708	0.0023910	0.29318	0.0020270	0.24886	0.0027600	0.28024	0.0024710
1330.0	0.36816	0.0023500	0.29419	0.0020890	0.24948	0.0028300	0.28137	0.0027280
1335.0	0.36836	0.0022900	0.29469	0.0024890	0.25060	0.0026300	0.28164	0.0024670
1340.0	0.36995	0.0023660	0.29574	0.0023100	0.25136	0.0023410	0.28252	0.0027080
1345.0	0.37008	0.0025960	0.29656	0.0023420	0.25164	0.0026070	0.28336	0.0025290
1350.0	0.37068	0.0024780	0.29724	0.0023200	0.25260	0.0021360	0.28407	0.0022640
1355.0	0.37142	0.0022990	0.29809	0.0025270	0.25298	0.0022860	0.28481	0.0026440
1360.0	0.37233	0.0025490	0.29875	0.0025320	0.25387	0.0024450	0.28520	0.0025560
1365.0	0.37343	0.0025480	0.29940	0.0027630	0.25442	0.0023310	0.28539	0.0024160
1370.0	0.37437	0.0024620	0.30040	0.0027840	0.25532	0.0028610	0.28600	0.0028130
1375.0	0.37561	0.0024340	0.30074	0.0025210	0.25628	0.0030240	0.28618	0.0025930
1380.0	0.37653	0.0026220	0.30176	0.0026850	0.25716	0.0024950	0.28641	0.0024400
1385.0	0.37743	0.0028220	0.30296	0.0026800	0.25794	0.0027720	0.28765	0.0028150
1390.0	0.37800	0.0027010	0.30433	0.0027350	0.25880	0.0030780	0.28940	0.0027750
1395.0	0.37877	0.0025920	0.30490	0.0027980	0.25905	0.0024810	0.28987	0.0025040
1400.0	0.37909	0.0027510	0.30585	0.0027020	0.26028	0.0024230	0.29122	0.0024940
1405.0	0.37975	0.0025370	0.30698	0.0027240	0.26081	0.0026340	0.29280	0.0030980
1410.0	0.38073	0.0028330	0.30798	0.0026940	0.26131	0.0025860	0.29377	0.0032940
1415.0	0.38176	0.0025890	0.30863	0.0027580	0.26241	0.0025400	0.29419	0.0026310
1420.0	0.38217	0.0026060	0.30937	0.0027600	0.26289	0.0026540	0.29446	0.0021870
1425.0	0.38345	0.0026530	0.30981	0.0027750	0.26381	0.0024800	0.29482	0.0025340
1430.0	0.38416	0.0027180	0.31063	0.0027460	0.26483	0.0025630	0.29531	0.0028000
1435.0	0.38591	0.0028140	0.31131	0.0028270	0.26558	0.0031320	0.29543	0.0029550
1440.0	0.38617	0.0027380	0.31238	0.0024430	0.26569	0.0028100	0.29707	0.0028640
1445.0	0.38705	0.0026820	0.31331	0.0026110	0.26597	0.0026130	0.29814	0.0024870
1450.0	0.38763	0.0027740	0.31445	0.0024650	0.26748	0.0028740	0.29899	0.0025280
1455.0	0.38877	0.0028300	0.31480	0.0026810	0.26769	0.0031710	0.29889	0.0028400
1460.0	0.38917	0.0027630	0.31561	0.0024610	0.26867	0.0030150	0.30030	0.0027470
1465.0	0.38991	0.0026650	0.31655	0.0025200	0.26951	0.0028680	0.30130	0.0024950
1470.0	0.39056	0.0026500	0.31736	0.0023220	0.26935	0.0032920	0.30154	0.0025470
1475.0	0.39134	0.0028790	0.31778	0.0024420	0.27034	0.0034740	0.30138	0.0027500
1480.0	0.39259	0.0025750	0.31864	0.0022720	0.27129	0.0031990	0.30224	0.0023620
1485.0	0.39271	0.0027350	0.31902	0.0024170	0.27230	0.0031750	0.30302	0.0025990
1490.0	0.39411	0.0026660	0.32031	0.0024530	0.27290	0.0030030	0.30314	0.0028140
1495.0	0.39392	0.0029080	0.32044	0.0024130	0.27377	0.0028890	0.30422	0.0026760
1500.0	0.39512	0.0030200	0.32172	0.0023040	0.27422	0.0031670	0.30506	0.0026830
1505.0	0.39565	0.0029470	0.32203	0.0023540	0.27538	0.0028700	0.30521	0.0031000
1510.0	0.39676	0.0027620	0.32361	0.0023400	0.27567	0.0029160	0.30597	0.0028370
1515.0	0.39725	0.0028950	0.32318	0.0024650	0.27617	0.0031530	0.30623	0.0026620
1520.0	0.39851	0.0028780	0.32439	0.0023640	0.27640	0.0027910	0.30717	0.0027160
1525.0	0.39899	0.0025960	0.32482	0.0024560	0.27737	0.0027150	0.30754	0.0029640
1530.0	0.39957	0.0025550	0.32645	0.0026120	0.27844	0.0028030	0.30797	0.0027600
1535.0	0.40001	0.0026310	0.32611	0.0027550	0.27849	0.0028040	0.30921	0.0029870
1540.0	0.40129	0.0027070	0.32721	0.0023540	0.27938	0.0028010	0.30957	0.0029240
1545.0	0.40136	0.0026900	0.32727	0.0023430	0.28043	0.0030170	0.30968	0.0025180
1550.0	0.40300	0.0026200	0.32852	0.0024060	0.28065	0.0028210	0.31001	0.0028610
1555.0	0.40260	0.0025390	0.32863	0.0024040	0.28059	0.0028410	0.31069	0.0021860
1560.0	0.40417	0.0026170	0.32939	0.0026460	0.28156	0.0027470	0.31098	0.0024040
1565.0	0.40516	0.0028050	0.32993	0.0027580	0.28132	0.0024080	0.31183	0.0028820
1570.0	0.40518	0.0026230	0.33043	0.0025890	0.28253	0.0025970	0.31264	0.0031100
1575.0	0.40627	0.0025100	0.33159	0.0025460	0.28380	0.0030170	0.31313	0.0025020
1580.0	0.40702	0.0026130	0.33151	0.0026810	0.28372	0.0023850	0.31303	0.0027650
1585.0	0.40736	0.0026200	0.33269	0.0026770	0.28454	0.0028590	0.31357	0.0028380
1590.0	0.40808	0.0025110	0.33319	0.0026040	0.28524	0.0032380	0.31443	0.0025580
1595.0	0.40878	0.0026350	0.33380	0.0025570	0.28447	0.0028070	0.31533	0.0030920
1600.0	0.40878	0.0026030	0.33452	0.0022960	0.28636	0.0032780	0.31586	0.0028100
1605.0	0.40987	0.0025080	0.33487	0.0027740	0.28607	0.0031060	0.31579	0.0025090
1610.0	0.40953	0.0025760	0.33550	0.0027620	0.28664	0.0029230	0.31680	0.0023170
1615.0	0.41088	0.0025210	0.33599	0.0023290	0.28679	0.0034240	0.31778	0.0030250
1620.0	0.41144	0.0024330	0.33684	0.0027550	0.28675	0.0036460	0.31826	0.0032430
1625.0	0.41214	0.0024780	0.33716	0.0026350	0.28679	0.0032890	0.31912	0.0028150
1630.0	0.41234	0.0024490	0.33736	0.0028990	0.28821	0.0031560	0.31929	0.0026880
1635.0	0.41234	0.0027690	0.33744	0.0024740	0.28803	0.0039630	0.31860	0.0026000
1640.0	0.41255	0.0025170	0.33825	0.0025430	0.28812	0.0037200	0.31942	0.0026450
1645.0	0.41392	0.0026740	0.33924	0.0026750	0.28840	0.0034320	0.32045	0.0028310
1650.0	0.41326	0.0028430	0.33929	0.0027370	0.28983	0.0041510	0.32046	0.0035440
1655.0	0.41471	0.0029080	0.34039	0.0028760	0.28989	0.0043480	0.32045	0.0032460
1660.0	0.41452	0.0029640	0.34086	0.0029460	0.29024	0.0042560	0.32122	0.0033410
1665.0	0.41596	0.0030770	0.34040	0.0028210	0.29146	0.0040490	0.32199	0.0032170
1670.0	0.41650	0.0031120	0.34129	0.0029010	0.29147	0.0042560	0.32243	0.0033170
1675.0	0.41682	0.0029890	0.34191	0.0026720	0.29177	0.0040870	0.32273	0.0032240
1680.0	0.41766	0.0028450	0.34191	0.0027320	0.29209	0.0039750	0.32328	0.0031450
1685.0	0.41829	0.0029240	0.34245	0.0027280	0.29295	0.0038780	0.32377	0.0034300
1690.0	0.41887	0.0026580	0.34301	0.0027670	0.29342	0.0040190	0.32467	0.0030840
1695.0	0.41895	0.0026400	0.34365	0.0026790	0.29382	0.0040190	0.32478	0.0030000
1700.0	0.41995	0.0026950	0.34425	0.0028280	0.29463	0.0038350	0.32532	0.0031830
1705.0	0.42069	0.0028150	0.34459	0.0026240	0.29526	0.0049000	0.32718	0.0032970
1710.0	0.42125	0.0027040	0.34531	0.0029300	0.29545	0.0049560	0.32708	0.0033440
1715.0	0.42171	0.0028440	0.34563	0.0030470	0.29606	0.0046630	0.32769	0.0034360
1720.0	0.42212	0.0027630	0.34616	0.0026040	0.29612	0.0047160	0.32845	0.0034790
1725.0	0.42276	0.0027910	0.34676	0.0029180	0.29700	0.0049350	0.32825	0.0030800
1730.0	0.42344	0.0027460	0.34705	0.0028850	0.29721	0.0046000	0.32876	0.0029970
1735.0	0.42324	0.0027000	0.34750	0.0029280	0.29746	0.0046930	0.32951	0.0032030
1740.0	0.42406	0.0027680	0.34794	0.0028540	0.29761	0.0050030	0.32962	0.0033640
1745.0	0.42419	0.0025520	0.34804	0.0027500	0.29809	0.0051050	0.32972	0.0030900
1750.0	0.42504	0.0026880	0.34881	0.0028310	0.29850	0.0046030	0.33030	0.0028060
1755.0	0.42524	0.0025530	0.34885	0.0027390	0.29895	0.0046740	0.33103	0.0032060
1760.0	0.42621	0.0024970	0.34975	0.0029480	0.29901	0.0047900	0.33107	0.0033320
1765.0	0.42632	0.0026690	0.35018	0.0029250	0.30022	0.0050080	0.33169	0.0032270
1770.0	0.42708	0.0028010	0.35046	0.0029800	0.29996	0.0048180	0.33137	0.0033530
1775.0	0.42693	0.0026230	0.35084	0.0029330	0.30040	0.0048160	0.33157	0.0034010
1780.0	0.42787	0.0026420	0.35140	0.0031220	0.30052	0.0047600	0.33158	0.0031880
1785.0	0.42790	0.0024650	0.35160	0.0029860	0.30089	0.0049780	0.33259	0.0032630
1790.0	0.42911	0.0024750	0.35216	0.0029720	0.30146	0.0046700	0.33201	0.0032140
1795.0	0.42928	0.0027680	0.35271	0.0031740	0.30197	0.0046080	0.33313	0.0031950
1800.0	0.42996	0.0027020	0.35358	0.0031000	0.30247	0.0048900	0.33430	0.0028600
1805.0	0.43042	0.0027370	0.35387	0.0033820	0.30276	0.0049560	0.33495	0.0035880
1810.0	0.43005	0.0027660	0.35471	0.0032600	0.30302	0.0048070	0.33609	0.0034180
1815.0	0.43056	0.0027940	0.35494	0.0033110	0.30291	0.0047980	0.33626	0.0034530
1820.0	0.43063	0.0025240	0.35648	0.0032410	0.30317	0.0050680	0.33728	0.0029690
1825.0	0.43103	0.0028120	0.35645	0.0032610	0.30359	0.0047720	0.33802	0.0031820
1830.0	0.43124	0.0029580	0.35700	0.0031290	0.30408	0.0046900	0.33890	0.0033140
1835.0	0.43226	0.0025360	0.35714	0.0030040	0.30490	0.0047500	0.33799	0.0032620
1840.0	0.43252	0.0029880	0.35759	0.0031650	0.30528	0.0052710	0.33877	0.0036530
1845.0	0.43331	0.0031050	0.35772	0.0031090	0.30599	0.0047750	0.33806	0.0032870
1850.0	0.43397	0.0028680	0.35769	0.0032140	0.30670	0.0050210	0.33760	0.0035930
1855.0	0.43512	0.0028820	0.35797	0.0033850	0.30728	0.0045740	0.33685	0.0032650
1860.0	0.43452	0.0028630	0.35930	0.0036510	0.30709	0.0050870	0.34034	0.0035100
1865.0	0.43543	0.0026760	0.35944	0.0030660	0.30785	0.0049360	0.33960	0.0036030
1870.0	0.43634	0.0028350	0.35950	0.0032060	0.30871	0.0048930	0.33872	0.0030650
1875.0	0.43655	0.0033590	0.36005	0.0034090	0.30892	0.0050260	0.33944	0.0036280
1880.0	0.43640	0.0029630	0.36057	0.0029280	0.30911	0.0049380	0.34048	0.0034490
1885.0	0.43785	0.0028850	0.36022	0.0035500	0.30996	0.0048360	0.33822	0.0033590
1890.0	0.43745	0.0029680	0.36149	0.0036030	0.30976	0.0048980	0.34105	0.0034770
1895.0	0.43732	0.0028280	0.36260	0.0036540	0.30954	0.0054050	0.34355	0.0035410
1900.0	0.43805	0.0030360	0.36283	0.0033800	0.31028	0.0044930	0.34313	0.0031680
1905.0	0.43852	0.0030500	0.36312	0.0032630	0.31070	0.0051190	0.34358	0.0033090
1910.0	0.43858	0.0030050	0.36360	0.0035730	0.31088	0.0050430	0.34446	0.0030000
1915.0	0.43985	0.0030360	0.36328	0.0031650	0.31169	0.0052170	0.34288	0.0033660
1920.0	0.44024	0.0031620	0.36358	0.0039320	0.31149	0.0053250	0.34298	0.0028160
1925.0	0.44222	0.0028990	0.36280	0.0033910	0.31326	0.0051960	0.34403	0.0033710
1930.0	0.44030	0.0035000	0.36486	0.0033830	0.31243	0.0053190	0.34426	0.0034990
1935.0	0.44104	0.0032910	0.36567	0.0034390	0.31314	0.0050660	0.34432	0.0033650
1940.0	0.44118	0.0034350	0.36612	0.0036960	0.31371	0.0050690	0.34591	0.0035990
1945.0	0.44239	0.0032710	0.36594	0.0035300	0.31484	0.0054860	0.34505	0.0035830
1950.0	0.44321	0.0032610	0.36719	0.0037830	0.31414	0.0052280	0.34614	0.0033820
1955.0	0.44258	0.0032340	0.36755	0.0032000	0.31411	0.0053280	0.34753	0.0034860
1960.0	0.44393	0.0034340	0.36829	0.0032310	0.31530	0.0048840	0.34716	0.0031230
1965.0	0.44406	0.0032090	0.36813	0.0033790	0.31574	0.0052060	0.34810	0.0033890
1970.0	0.44452	0.0032590	0.36949	0.0033620	0.31573	0.0053180	0.34841	0.0033890
1975.0	0.44482	0.0033300	0.36899	0.0033180	0.31688	0.0051790	0.34901	0.0035520
1980.0	0.44597	0.0029900	0.37034	0.0031860	0.31717	0.0049730	0.34971	0.0035760
1985.0	0.44569	0.0032090	0.37067	0.0031420	0.31762	0.0054090	0.34958	0.0028230
1990.0	0.44595	0.0035180	0.37098	0.0034740	0.31857	0.0053630	0.35022	0.0030890
1995.0	0.44673	0.0034810	0.37219	0.0032950	0.31884	0.0054910	0.35083	0.0036350
2000.0	0.44728	0.0032060	0.37254	0.0033430	0.31907	0.0054290	0.35089	0.0034880
2005.0	0.44723	0.0030970	0.37260	0.0033480	0.31949	0.0053520	0.35123	0.0032450
2010.0	0.44884	0.0028240	0.37301	0.0030530	0.32007	0.0050560	0.35168	0.0035530
2015.0	0.44909	0.0030040	0.37373	0.0032860	0.32020	0.0050370	0.35268	0.0035490
2020.0	0.44961	0.0033240	0.37482	0.0033270	0.32071	0.0054010	0.35275	0.0034940
2025.0	0.45022	0.0034100	0.37478	0.0031250	0.32205	0.0048580	0.35251	0.0037150
2030.0	0.44992	0.0034690	0.37517	0.0035260	0.32196	0.0055730	0.35359	0.0037710
2035.0	0.45066	0.0034020	0.37582	0.0034250	0.32273	0.0053600	0.35439	0.0035340
2040.0	0.45152	0.0036570	0.37664	0.0031360	0.32304	0.0056370	0.35592	0.0035160
2045.0	0.45202	0.0032960	0.37669	0.0030320	0.32375	0.0054320	0.35555	0.0040520
2050.0	0.45217	0.0032260	0.37675	0.0031960	0.32412	0.0057070	0.35593	0.0039610
2055.0	0.45250	0.0032910	0.37725	0.0031840	0.32495	0.0058000	0.35688	0.0034140
2060.0	0.45204	0.0032370	0.37870	0.0035710	0.32498	0.0056970	0.35648	0.0039100
2065.0	0.45254	0.0035600	0.37882	0.0035260	0.32518	0.0057780	0.35796	0.0040170
2070.0	0.45280	0.0035970	0.37960	0.0031650	0.32554	0.0052450	0.35728	0.0036970
2075.0	0.45363	0.0032060	0.38006	0.0035500	0.32585	0.0053850	0.35794	0.0042040
2080.0	0.45415	0.0029310	0.38118	0.0036320	0.32693	0.0053240	0.35912	0.0033160
2085.0	0.45444	0.0034300	0.38125	0.0033340	0.32799	0.0058030	0.35990	0.0034520
2090.0	0.45540	0.0034510	0.38245	0.0038070	0.32773	0.0056260	0.36083	0.0036700
2095.0	0.45525	0.0031040	0.38265	0.0033220	0.32854	0.0054640	0.36098	0.0042430
2100.0	0.45613	0.0034420	0.38262	0.0035980	0.32995	0.0050130	0.36051	0.0041950
2105.0	0.45609	0.0030660	0.38296	0.0033190	0.32939	0.0054640	0.36136	0.0042610
2110.0	0.45710	0.0033570	0.38379	0.0033590	0.32947	0.0054570	0.36165	0.0041990
2115.0	0.45770	0.0031740	0.38468	0.0034590	0.33045	0.0051100	0.36222	0.0035750
2120.0	0.45860	0.0033290	0.38508	0.0034140	0.33134	0.0055700	0.36319	0.0035760
2125.0	0.45839	0.0031410	0.38561	0.0032930	0.33125	0.0053280	0.36349	0.0036290
2130.0	0.45830	0.0031580	0.38605	0.0034400	0.33151	0.0056910	0.36446	0.0039900
2135.0	0.45925	0.0029230	0.38698	0.0034100	0.33200	0.0060650	0.36533	0.0038730
2140.0	0.45956	0.0030660	0.38739	0.0033260	0.33302	0.0056980	0.36539	0.0037190
2145.0	0.46010	0.0030840	0.38789	0.0037060	0.33317	0.0060360	0.36623	0.0040940
2150.0	0.46052	0.0030460	0.38830	0.0032360	0.33344	0.0056190	0.36685	0.0037150
2155.0	0.46087	0.0030160	0.38885	0.0034470	0.33356	0.0058040	0.36764	0.0034470
2160.0	0.46189	0.0027380	0.38983	0.0034500	0.33409	0.0054190	0.36764	0.0034560
2165.0	0.46192	0.0027700	0.39016	0.0036910	0.33452	0.0056050	0.36837	0.0041470
2170.0	0.46224	0.0026380	0.38993	0.0036780	0.33464	0.0055070	0.36818	0.0038790
2175.0	0.46214	0.0029150	0.39092	0.0039310	0.33545	0.0056660	0.36845	0.0040280
2180.0	0.46325	0.0028870	0.39178	0.0034780	0.33577	0.0056760	0.36881	0.0037450
2185.0	0.46338	0.0029140	0.39233	0.0037450	0.33619	0.0059730	0.36969	0.0037240
2190.0	0.46431	0.0031690	0.39354	0.0036390	0.33655	0.0060320	0.36966	0.0038700
2195.0	0.46438	0.0030140	0.39369	0.0035620	0.33667	0.0061660	0.37046	0.0040870
2200.0	0.46511	0.0028080	0.39433	0.0040250	0.33726	0.0051820	0.37090	0.0042650
2205.0	0.46550	0.0029020	0.39437	0.0033600	0.33793	0.0056890	0.37082	0.0033940
2210.0	0.46614	0.0030140	0.39546	0.0036640	0.33944	0.0058040	0.37057	0.0031690
2215.0	0.46614	0.0028210	0.39553	0.0035080	0.33966	0.0063870	0.37160	0.0035540
2220.0	0.46755	0.0028460	0.39674	0.0040960	0.33913	0.0057640	0.37201	0.0038670
2225.0	0.46775	0.0030200	0.39639	0.0038110	0.34006	0.0058110	0.37201	0.0039020
2230.0	0.46846	0.0031600	0.39725	0.0037140	0.34052	0.0061800	0.37259	0.0037330
2235.0	0.46925	0.0030740	0.39771	0.0039630	0.34143	0.0056300	0.37233	0.0036510
2240.0	0.47016	0.0030820	0.39803	0.0035770	0.34214	0.0056690	0.37332	0.0035810
2245.0	0.47064	0.0030600	0.39919	0.0038450	0.34209	0.0057710	0.37381	0.0040640
2250.0	0.47071	0.0031640	0.39950	0.0034580	0.34240	0.0056940	0.37474	0.0039710
2255.0	0.47103	0.0031590	0.40056	0.0036400	0.34360	0.0060530	0.37545	0.0032410
2260.0	0.47136	0.0031710	0.40135	0.0037680	0.34378	0.0056150	0.37589	0.0036420
2265.0	0.47220	0.0035100	0.40188	0.0036570	0.34490	0.0061090	0.37652	0.0039400
2270.0	0.47218	0.0033680	0.40218	0.0033910	0.34628	0.0058910	0.37713	0.0040510
2275.0	0.47435	0.0033460	0.40334	0.0036260	0.34684	0.0063900	0.37808	0.0037660
2280.0	0.47488	0.0030940	0.40455	0.0033850	0.34737	0.0058990	0.37960	0.0039850
2285.0	0.47543	0.0033410	0.40435	0.0033930	0.34793	0.0062750	0.37935	0.0038940
2290.0	0.47577	0.0034420	0.40529	0.0034860	0.34848	0.0060960	0.37995	0.0036750
2295.0	0.47687	0.0035850	0.40647	0.0035770	0.34927	0.0063640	0.38072	0.0042920
2300.0	0.47666	0.0032210	0.40691	0.0034550	0.34972	0.0062920	0.38134	0.0041920
2305.0	0.47765	0.0034570	0.40777	0.0040750	0.35021	0.0064130	0.38197	0.0039100
2310.0	0.47749	0.0035150	0.40859	0.0037520	0.35115	0.0063410	0.38271	0.0037180
2315.0	0.47710	0.0034230	0.40856	0.0036790	0.35173	0.0059320	0.38276	0.0039960
2320.0	0.47738	0.0037700	0.40808	0.0041940	0.35162	0.0062780	0.38357	0.0041660
2325.0	0.47790	0.0038230	0.40920	0.0036340	0.35178	0.0059040	0.38300	0.0039630
2330.0	0.47828	0.0036460	0.40991	0.0039290	0.35274	0.0061210	0.38444	0.0038010
2335.0	0.47900	0.0036310	0.41047	0.0037800	0.35340	0.0061040	0.38441	0.0045450
2340.0	0.47861	0.0039950	0.41107	0.0038230	0.35425	0.0064270	0.38477	0.0043280
2345.0	0.48006	0.0035870	0.41105	0.0038880	0.35525	0.0062360	0.38537	0.0042710
2350.0	0.47873	0.0037690	0.41133	0.0036070	0.35484	0.0059940	0.38544	0.0043540
2355.0	0.47899	0.0034610	0.41123	0.0035250	0.35543	0.0061460	0.38477	0.0034230
2360.0	0.47929	0.0036950	0.41166	0.0036400	0.35592	0.0059430	0.38526	0.0035340
2365.0	0.47982	0.0034420	0.41258	0.0040280	0.35584	0.0063960	0.38609	0.0036020
2370.0	0.48029	0.0038290	0.41315	0.0040510	0.35669	0.0063710	0.38712	0.0038360
2375.0	0.48115	0.0038140	0.41252	0.0036910	0.35710	0.0061170	0.38731	0.0038310
2380.0	0.48081	0.0038280	0.41394	0.0035380	0.35825	0.0062260	0.38777	0.0039540
2385.0	0.48132	0.0040490	0.41456	0.0039950	0.35936	0.0066370	0.38891	0.0044260
2390.0	0.48223	0.0040650	0.41528	0.0038730	0.35921	0.0065000	0.38951	0.0040500
2395.0	0.48259	0.0039440	0.41658	0.0037160	0.36091	0.0065650	0.38985	0.0040680
2400.0	0.48362	0.0039210	0.41650	0.0030130	0.36174	0.0062890	0.38968	0.0037810
2405.0	0.48344	0.0041360	0.41668	0.0033330	0.36192	0.0071220	0.39101	0.0044170
2410.0	0.48372	0.0043110	0.41712	0.0038250	0.36289	0.0069010	0.39092	0.0048510
2415.0	0.48358	0.0039020	0.41792	0.0038480	0.36393	0.0062610	0.39220	0.0043190
2420.0	0.48498	0.0041720	0.41878	0.0036800	0.36497	0.0065430	0.39257	0.0043950
2425.0	0.48670	0.0039270	0.41807	0.0039130	0.36338	0.0064360	0.39031	0.0038790
2430.0	0.48633	0.0044750	0.41910	0.0036980	0.36477	0.0063870	0.39156	0.0039460
2435.0	0.48536	0.0046240	0.41934	0.0039140	0.36580	0.0066440	0.39341	0.0044620
2440.0	0.48694	0.0039820	0.41922	0.0034950	0.36532	0.0066170	0.39153	0.0043200
2445.0	0.48651	0.0036120	0.42025	0.0039670	0.36820	0.0063050	0.39391	0.0036520
2450.0	0.48785	0.0040550	0.42111	0.0044220	0.36819	0.0069400	0.39416	0.0038190
2455.0	0.48643	0.0035320	0.42090	0.0035300	0.36866	0.0061210	0.39458	0.0037690
2460.0	0.48715	0.0036940	0.42179	0.0034590	0.36958	0.0064740	0.39397	0.0040220
2465.0	0.48731	0.0040000	0.42238	0.0037680	0.37057	0.0068740	0.39638	0.0041150
2470.0	0.48736	0.0036820	0.42327	0.0036780	0.37183	0.0066200	0.39617	0.0038490
2475.0	0.48729	0.0039140	0.42312	0.0037240	0.37147	0.0065370	0.39684	0.0041530
2480.0	0.48794	0.0035370	0.42419	0.0039410	0.37375	0.0064280	0.39695	0.0039840
2485.0	0.48741	0.0032460	0.42498	0.0037420	0.37567	0.0068540	0.39897	0.0038860
2490.0	0.48852	0.0033170	0.42497	0.0044150	0.37487	0.0065500	0.39853	0.0038000
2495.0	0.48836	0.0036810	0.42628	0.0039790	0.37673	0.0067530	0.40028	0.0038050
2500.0	0.48887	0.0034490	0.42627	0.0042500	0.37726	0.0068160	0.40101	0.0034520
2505.0	0.48871	0.0033390	0.42767	0.0038190	0.37869	0.0068500	0.40261	0.0041890
2510.0	0.48902	0.0035480	0.42802	0.0041150	0.37911	0.0065260	0.40295	0.0045240
2515.0	0.48894	0.0036410	0.42921	0.0040140	0.38049	0.0072470	0.40424	0.0036920
2520.0	0.48900	0.0036730	0.42839	0.0041930	0.38148	0.0071360	0.40495	0.0040040
2525.0	0.48888	0.0035900	0.43047	0.0044840	0.38332	0.0068490	0.40687	0.0041680
2530.0	0.48990	0.0035320	0.43078	0.0043660	0.38249	0.0066870	0.40567	0.0046140
2535.0	0.48950	0.0036240	0.43229	0.0048800	0.38526	0.0078850	0.40885	0.0048020
2540.0	0.49020	0.0034550	0.43291	0.0045460	0.38542	0.0070870	0.40899	0.0044690
2545.0	0.49214	0.0035360	0.43228	0.0049040	0.38329	0.0085900	0.40639	0.0049240
2550.0	0.49162	0.0042120	0.43398	0.0049230	0.38535	0.0070510	0.40911	0.0050540
2555.0	0.49167	0.0041730	0.43461	0.0047400	0.39027	0.0073960	0.41359	0.0044090
2560.0	0.49383	0.0042850	0.43404	0.0046340	0.38708	0.0072540	0.40989	0.0037650
2565.0	0.49357	0.0059400	0.43491	0.0061350	0.38895	0.0095940	0.41175	0.0067180
2570.0	0.49334	0.0044890	0.43556	0.0051460	0.38933	0.0076060	0.41260	0.0050910
2575.0	0.49323	0.0048320	0.43627	0.0055050	0.39217	0.0071380	0.41494	0.0058090
2580.0	0.49594	0.0052700	0.43565	0.0049840	0.39198	0.0070880	0.40856	0.0047960
2585.0	0.49331	0.0057590	0.43945	0.0060180	0.39383	0.0092120	0.41774	0.0066140
2590.0	0.49773	0.0060520	0.43686	0.0057880	0.39443	0.0087730	0.40815	0.0063950
2595.0	0.50138	0.0064520	0.44228	0.0065410	0.39511	0.0094050	0.42015	0.0067870
2600.0	0.50171	0.0058100	0.43744	0.0059110	0.39554	0.0092970	0.40707	0.0056990
