300.00	0.073349	0.30073	0.052545	0.29989	0.059746	0.30018	0.062829	0.29995
305.00	0.078808	0.19993	0.058293	0.19989	0.063818	0.20031	0.065583	0.20026
310.00	0.079835	0.14785	0.057404	0.14800	0.063208	0.14736	0.067541	0.14782
315.00	0.081463	0.11368	0.058758	0.11357	0.065336	0.11371	0.068912	0.11372
320.00	0.083928	0.090259	0.060084	0.090186	0.066242	0.090274	0.070066	0.090261
325.00	0.086253	0.072661	0.060583	0.072857	0.067880	0.072935	0.071208	0.072781
330.00	0.089511	0.059946	0.062390	0.059975	0.068650	0.060080	0.073067	0.059954
335.00	0.091600	0.049597	0.063768	0.049789	0.070115	0.049795	0.074960	0.049724
340.00	0.094954	0.041606	0.066087	0.041697	0.071840	0.041561	0.077537	0.041701
345.00	0.097269	0.034959	0.068193	0.034917	0.072533	0.034883	0.079870	0.034896
350.00	0.10081	0.029486	0.071004	0.029324	0.074303	0.029279	0.081135	0.029349
355.00	0.10366	0.024838	0.072933	0.024611	0.076628	0.024671	0.084124	0.024672
360.00	0.10768	0.021029	0.075979	0.020968	0.078976	0.020971	0.087088	0.020973
365.00	0.11068	0.017899	0.079047	0.017943	0.081391	0.017942	0.089935	0.017915
370.00	0.11336	0.015673	0.081290	0.015585	0.083508	0.015616	0.092489	0.015548
375.00	0.11704	0.014097	0.084352	0.013988	0.086357	0.014007	0.094841	0.014058
380.00	0.11923	0.013190	0.086084	0.013113	0.087851	0.013135	0.096965	0.013183
385.00	0.12274	0.013342	0.088906	0.013286	0.089529	0.013298	0.099457	0.013383
390.00	0.12410	0.014957	0.090693	0.014851	0.091208	0.014867	0.10170	0.014887
395.00	0.12637	0.019037	0.092743	0.018995	0.093307	0.018979	0.10394	0.018990
400.00	0.12986	0.0078770	0.094756	0.0078300	0.095416	0.0078120	0.10514	0.0078440
405.00	0.13155	0.0062060	0.096245	0.0061080	0.096921	0.0060980	0.10685	0.0061600
410.00	0.13404	0.0050540	0.098178	0.0049460	0.098049	0.0049470	0.10863	0.0050330
415.00	0.13570	0.0042160	0.099368	0.0040910	0.099486	0.0041070	0.11010	0.0041430
420.00	0.13780	0.0036370	0.10100	0.0035550	0.10032	0.0035240	0.11165	0.0035650
425.00	0.13908	0.0032390	0.10205	0.0031630	0.10127	0.0031420	0.11293	0.0031650
430.00	0.14099	0.0029760	0.10322	0.0027990	0.10203	0.0027900	0.11402	0.0028590
435.00	0.14216	0.0027510	0.10399	0.0025920	0.10328	0.0026020	0.11513	0.0026180
440.00	0.14394	0.0025520	0.10521	0.0024150	0.10458	0.0023630	0.11635	0.0024390
445.00	0.14502	0.0023560	0.10611	0.0022480	0.10637	0.0022070	0.11733	0.0022470
450.00	0.14668	0.0023740	0.10726	0.0021820	0.10657	0.0020890	0.11845	0.0020870
455.00	0.14785	0.0021970	0.10801	0.0020890	0.10706	0.0019110	0.11925	0.0020040
460.00	0.14842	0.0020220	0.10860	0.0019480	0.10702	0.0019880	0.12009	0.0019350
465.00	0.15083	0.0019170	0.11025	0.0018310	0.10918	0.0017910	0.12121	0.0018090
470.00	0.15080	0.0019900	0.11038	0.0017810	0.10899	0.0017150	0.12181	0.0017770
475.00	0.15325	0.0020460	0.11196	0.0017770	0.11098	0.0017560	0.12293	0.0017780
480.00	0.15321	0.0018800	0.11185	0.0017330	0.11059	0.0016660	0.12367	0.0017130
485.00	0.15540	0.0018510	0.11358	0.0016980	0.11214	0.0015520	0.12466	0.0016740
490.00	0.15582	0.0019160	0.11392	0.0016990	0.11293	0.0015770	0.12555	0.0016030
495.00	0.15771	0.0019090	0.11526	0.0015940	0.11441	0.0014880	0.12629	0.0016350
500.00	0.15810	0.0017780	0.11563	0.0016410	0.11491	0.0014100	0.12714	0.0016740
505.00	0.15902	0.0017600	0.11599	0.0016080	0.11578	0.0014390	0.12746	0.0016210
510.00	0.16026	0.0015950	0.11709	0.0017330	0.11519	0.0013050	0.12854	0.0015940
515.00	0.16151	0.0015470	0.11856	0.0016790	0.11712	0.0012810	0.12982	0.0014990
520.00	0.16297	0.0017370	0.11986	0.0016310	0.11866	0.0012740	0.13107	0.0015340
525.00	0.16393	0.0016160	0.12071	0.0015950	0.11862	0.0013210	0.13199	0.0014720
530.00	0.16530	0.0015080	0.12177	0.0016120	0.11968	0.0012950	0.13321	0.0014860
535.00	0.16607	0.0015280	0.12262	0.0016200	0.12031	0.0013020	0.13395	0.0014110
540.00	0.16709	0.0015900	0.12347	0.0014630	0.12094	0.0014510	0.13476	0.0014440
545.00	0.16791	0.0016860	0.12410	0.0013960	0.12221	0.0012390	0.13540	0.0014280
550.00	0.16883	0.0015180	0.12501	0.0014780	0.12249	0.0013950	0.13629	0.0013100
555.00	0.16971	0.0015430	0.12562	0.0014140	0.12335	0.0011780	0.13709	0.0013850
560.00	0.17120	0.0017440	0.12671	0.0013810	0.12399	0.0012300	0.13810	0.0014560
565.00	0.17200	0.0016630	0.12747	0.0014180	0.12530	0.0011820	0.13912	0.0013560
570.00	0.17325	0.0014770	0.12863	0.0015190	0.12600	0.0012950	0.13997	0.0012870
575.00	0.17397	0.0016010	0.12911	0.0015510	0.12627	0.0013040	0.14064	0.0013640
580.00	0.17517	0.0015440	0.12988	0.0015170	0.12674	0.0011510	0.14139	0.0014980
585.00	0.17614	0.0015570	0.13061	0.0016940	0.12784	0.0012030	0.14220	0.0013590
590.00	0.17696	0.0014900	0.13137	0.0017320	0.12884	0.0013340	0.14312	0.0013270
595.00	0.17778	0.0015720	0.13196	0.0017860	0.12946	0.0012400	0.14376	0.0013670
600.00	0.17916	0.0016900	0.13289	0.0017660	0.13097	0.0011920	0.14455	0.0014660
605.00	0.18040	0.0016480	0.13379	0.0017540	0.13068	0.0012020	0.14542	0.0013830
610.00	0.18105	0.0018920	0.13457	0.0016340	0.13056	0.0012080	0.14618	0.0014870
615.00	0.18192	0.0018880	0.13543	0.0015440	0.13196	0.0012030	0.14722	0.0013810
620.00	0.18303	0.0018330	0.13630	0.0016420	0.13265	0.0012370	0.14811	0.0013050
625.00	0.18395	0.0018810	0.13708	0.0016580	0.13364	0.0011940	0.14896	0.0013240
630.00	0.18484	0.0018600	0.13756	0.0016570	0.13331	0.0012340	0.14963	0.0014580
635.00	0.18559	0.0018620	0.13846	0.0016030	0.13462	0.0012600	0.15047	0.0013790
640.00	0.18673	0.0018560	0.13934	0.0015610	0.13508	0.0012570	0.15143	0.0013400
645.00	0.18757	0.0019050	0.14022	0.0016530	0.13613	0.0013730	0.15214	0.0014080
650.00	0.18860	0.0019350	0.14090	0.0016850	0.13674	0.0013970	0.15286	0.0015140
655.00	0.18982	0.0020330	0.14146	0.0016170	0.13782	0.0016440	0.15374	0.0015170
660.00	0.19024	0.0021910	0.14221	0.0017200	0.13783	0.0017160	0.15436	0.0015360
665.00	0.19242	0.0021690	0.14360	0.0017640	0.13940	0.0017000	0.15520	0.0015900
670.00	0.19227	0.0019840	0.14348	0.0017510	0.13917	0.0016730	0.15574	0.0017480
675.00	0.19433	0.0021830	0.14501	0.0017880	0.14061	0.0017200	0.15691	0.0017470
680.00	0.19475	0.0021260	0.14538	0.0019400	0.14113	0.0017640	0.15776	0.0017780
685.00	0.19658	0.0022630	0.14653	0.0020090	0.14202	0.0018540	0.15841	0.0018820
690.00	0.19694	0.0021680	0.14699	0.0020010	0.14217	0.0019500	0.15915	0.0020600
695.00	0.19842	0.0021890	0.14808	0.0021220	0.14251	0.0020490	0.16011	0.0020440
700.00	0.19946	0.0023550	0.14864	0.0022290	0.14327	0.0021340	0.16113	0.0020820
705.00	0.20023	0.0023790	0.14895	0.0022120	0.14392	0.0021910	0.16168	0.0021740
710.00	0.20158	0.0025510	0.15032	0.0023870	0.14509	0.0022860	0.16252	0.0022690
715.00	0.20219	0.0026530	0.15102	0.0025230	0.14563	0.0024360	0.16331	0.0024110
720.00	0.20361	0.0026830	0.15160	0.0025200	0.14664	0.0024740	0.16428	0.0024800
725.00	0.20295	0.0022720	0.15173	0.0022060	0.14676	0.0021320	0.16496	0.0021410
730.00	0.20416	0.0023930	0.15221	0.0022310	0.14690	0.0022540	0.16540	0.0023930
735.00	0.20476	0.0025360	0.15267	0.0023330	0.14820	0.0023700	0.16640	0.0023180
740.00	0.20635	0.0026990	0.15341	0.0025840	0.14664	0.0025360	0.16726	0.0024280
745.00	0.20661	0.0027300	0.15360	0.0025980	0.14694	0.0025460	0.16774	0.0024970
750.00	0.20817	0.0028950	0.15414	0.0026940	0.14738	0.0026420	0.16827	0.0027600
755.00	0.20869	0.0029480	0.15457	0.0027690	0.14769	0.0026630	0.16919	0.0027430
760.00	0.20989	0.0032380	0.15544	0.0029950	0.14835	0.0028640	0.16993	0.0028960
765.00	0.21063	0.0034020	0.15557	0.0031120	0.14906	0.0029800	0.17032	0.0030660
770.00	0.21148	0.0034840	0.15568	0.0032210	0.14811	0.0032060	0.17070	0.0032430
775.00	0.21180	0.0036100	0.15571	0.0033910	0.14886	0.0033760	0.17098	0.0033640
780.00	0.21293	0.0039340	0.15605	0.0035570	0.14687	0.0035270	0.17142	0.0035380
785.00	0.21338	0.0040340	0.15566	0.0037390	0.14793	0.0036970	0.17152	0.0037920
790.00	0.21466	0.0040600	0.15606	0.0040060	0.14793	0.0039450	0.17214	0.0039930
795.00	0.21470	0.0042380	0.15557	0.0041670	0.14754	0.0041460	0.17201	0.0041730
800.00	0.21617	0.0046750	0.15599	0.0043080	0.14590	0.0043070	0.17221	0.0043650
805.00	0.21661	0.0049020	0.15536	0.0045340	0.14574	0.0045280	0.17202	0.0045360
810.00	0.21708	0.0050520	0.15517	0.0047130	0.14374	0.0047510	0.17193	0.0047660
815.00	0.21703	0.0051850	0.15419	0.0048860	0.14299	0.0048510	0.17136	0.0049390
820.00	0.21756	0.0052650	0.15402	0.0050840	0.14185	0.0050920	0.17097	0.0051680
825.00	0.21780	0.0054100	0.15299	0.0052260	0.14079	0.0052500	0.17059	0.0052480
830.00	0.21837	0.0056220	0.15240	0.0054050	0.13994	0.0053540	0.17031	0.0054070
835.00	0.21830	0.0056870	0.15136	0.0055500	0.13822	0.0055060	0.16934	0.0055280
840.00	0.21861	0.0029200	0.15054	0.0028090	0.13711	0.0028300	0.16885	0.0028510
845.00	0.21923	0.0030020	0.14918	0.0028640	0.13560	0.0028960	0.16748	0.0028880
850.00	0.21827	0.0030550	0.14742	0.0029430	0.13436	0.0029330	0.16699	0.0029410
855.00	0.21779		0.14647		0.13320		0.16537	
860.00	0.21809		0.14538		0.13272		0.16391	
865.00	0.22033		0.14566		0.13243		0.16360	
870.00	0.21802		0.14124		0.12967		0.16226	
875.00	0.21848		0.14073		0.12783		0.16102	
880.00	0.21903		0.14029		0.12641		0.16051	
885.00	0.21609		0.13823		0.12504		0.15899	
890.00	0.21701		0.13600		0.12261		0.15800	
895.00	0.21646		0.13593		0.12194		0.15761	
900.00	0.21690		0.13497		0.12108		0.15721	
905.00	0.21753		0.13411		0.12107		0.15677	
910.00	0.21563		0.13319		0.11942		0.15554	
915.00	0.21527		0.13205		0.11881		0.15439	
920.00	0.21706		0.13203		0.11778		0.15391	
925.00	0.21647		0.13024		0.11625		0.15421	
930.00	0.21695		0.13089		0.11657		0.15386	
935.00	0.21674		0.12979		0.11507		0.15372	
940.00	0.21756		0.12993		0.11485		0.15374	
945.00	0.21757		0.12957		0.11613		0.15383	
950.00	0.21672		0.12952		0.11484		0.15350	
955.00	0.21935		0.13054		0.11628		0.15447	
960.00	0.21877		0.13026		0.11603		0.15455	
965.00	0.21998		0.13043		0.11605		0.15519	
970.00	0.22063		0.13131		0.11654		0.15524	
975.00	0.22105		0.13169		0.11679		0.15608	
980.00	0.22256		0.13252		0.11624		0.15732	
985.00	0.22357		0.13325		0.11775		0.15757	
990.00	0.22487		0.13453		0.11838		0.15866	
995.00	0.22518		0.13530		0.11911		0.15984	
1000.0	0.22588		0.13593		0.11926		0.16071	
1005.0	0.22779		0.13711		0.11999		0.16167	
1010.0	0.22866		0.13824		0.12137		0.16273	
1015.0	0.23033		0.14004		0.12256		0.16420	
1020.0	0.23130		0.14144		0.12263		0.16539	
1025.0	0.23243		0.14230		0.12396		0.16641	
1030.0	0.23403		0.14441		0.12528		0.16802	
1035.0	0.23524		0.14603		0.12707		0.16976	
1040.0	0.23655		0.14706		0.12835		0.17123	
1045.0	0.23736		0.14854		0.12952		0.17205	
1050.0	0.23960	0.00098800	0.15013	0.0012820	0.13103	0.00087900	0.17428	0.00084900
1055.0	0.24080	0.00096000	0.15172	0.0012480	0.13261	0.00094600	0.17528	0.00080200
1060.0	0.24227	0.0010800	0.15341	0.0012130	0.13312	0.0010370	0.17697	0.00078700
1065.0	0.24256	0.0010960	0.15446	0.0010540	0.13481	0.00085600	0.17849	0.00073300
1070.0	0.24434	0.0010240	0.15620	0.0011450	0.13641	0.00085200	0.17979	0.00073600
1075.0	0.24557	0.0018260	0.15772	0.0019540	0.13905	0.0020650	0.18135	0.0014500
1080.0	0.24644	0.0016570	0.15944	0.0022980	0.14016	0.0018800	0.18304	0.0014380
1085.0	0.24774	0.0016660	0.16123	0.0020750	0.14195	0.0020050	0.18418	0.0014970
1090.0	0.24812	0.0016980	0.16273	0.0023040	0.14251	0.0019060	0.18564	0.0015370
1095.0	0.25015	0.0016240	0.16450	0.0021700	0.14550	0.0017050	0.18741	0.0013400
1100.0	0.25035	0.0016860	0.16525	0.0028200	0.14656	0.0017210	0.18863	0.0014210
1105.0	0.25236	0.0016690	0.16732	0.0028140	0.14868	0.0018090	0.19007	0.0014570
1110.0	0.25255	0.0017560	0.16848	0.0024750	0.14946	0.0017480	0.19148	0.0014580
1115.0	0.25333	0.0019380	0.16986	0.0027480	0.15095	0.0018690	0.19256	0.0015410
1120.0	0.25395	0.0019900	0.17086	0.0028690	0.15188	0.0019290	0.19388	0.0015720
1125.0	0.25549	0.0019110	0.17248	0.0031230	0.15284	0.0016500	0.19507	0.0015610
1130.0	0.25560	0.0018070	0.17328	0.0031490	0.15382	0.0017470	0.19602	0.0014540
1135.0	0.25618	0.0020630	0.17449	0.0032070	0.15549	0.0018430	0.19728	0.0016180
1140.0	0.25717	0.0018730	0.17536	0.0034160	0.15676	0.0019530	0.19799	0.0016390
1145.0	0.25821	0.0017150	0.17586	0.0031820	0.15784	0.0018690	0.19880	0.0014610
1150.0	0.25888	0.0017720	0.17727	0.0029340	0.15900	0.0019540	0.19950	0.0014990
1155.0	0.25987	0.0016840	0.17823	0.0033090	0.16017	0.0017900	0.20070	0.0014940
1160.0	0.25973	0.0016820	0.17871	0.0031680	0.16001	0.0015470	0.20082	0.0015050
1165.0	0.26049	0.0017480	0.17983	0.0031750	0.16146	0.0020390	0.20169	0.0014910
1170.0	0.26126	0.0019370	0.18022	0.0035330	0.16171	0.0015010	0.20247	0.0014950
1175.0	0.26190	0.0020080	0.18112	0.0033090	0.16281	0.0017960	0.20326	0.0015030
1180.0	0.26260	0.0020900	0.18155	0.0029780	0.16363	0.0017790	0.20343	0.0016650
1185.0	0.26316	0.0021930	0.18221	0.0032540	0.16419	0.0019260	0.20459	0.0015930
1190.0	0.26357	0.0023700	0.18279	0.0032740	0.16458	0.0015730	0.20525	0.0015370
1195.0	0.26373	0.0022860	0.18308	0.0031400	0.16547	0.0018460	0.20564	0.0015390
1200.0	0.26430	0.0016880	0.18392	0.0029620	0.16535	0.0016080	0.20611	0.0015010
1205.0	0.26392	0.0086690	0.18397	0.0031170	0.16587	0.0021270	0.20637	0.0019100
1210.0	0.26419	0.0022820	0.18458	0.0029870	0.16593	0.0021870	0.20700	0.0019970
1215.0	0.26551	0.0021630	0.18533	0.0033560	0.16790	0.0020690	0.20752	0.0020940
1220.0	0.26599	0.0020250	0.18618	0.0032890	0.16871	0.0022150	0.20800	0.0019060
1225.0	0.26650	0.0019210	0.18633	0.0035540	0.16906	0.0020180	0.20862	0.0019840
1230.0	0.26697	0.0019790	0.18671	0.0031180	0.16944	0.0021500	0.20870	0.0017750
1235.0	0.26720	0.0018450	0.18701	0.0031890	0.16998	0.0020560	0.20957	0.0017390
1240.0	0.26793	0.0018320	0.18771	0.0029930	0.17026	0.0022600	0.20992	0.0017320
1245.0	0.26781	0.0017950	0.18799	0.0029930	0.17158	0.0019550	0.21030	0.0016580
1250.0	0.26863	0.0017780	0.18845	0.0032040	0.17036	0.0017890	0.21063	0.0015690
1255.0	0.26887	0.0017430	0.18896	0.0031500	0.17278	0.0019440	0.21126	0.0016090
1260.0	0.26974	0.0016640	0.18937	0.0030630	0.17259	0.0019440	0.21228	0.0014920
1265.0	0.27062	0.0017010	0.18993	0.0033320	0.17321	0.0018630	0.21260	0.0015010
1270.0	0.27130	0.0017100	0.19067	0.0031180	0.17387	0.0016920	0.21324	0.0016840
1275.0	0.27151	0.0017320	0.19134	0.0033470	0.17499	0.0016670	0.21355	0.0015010
1280.0	0.27251	0.0018660	0.19205	0.0029960	0.17502	0.0018160	0.21414	0.0015740
1285.0	0.27281	0.0018590	0.19271	0.0032440	0.17638	0.0019320	0.21471	0.0015090
1290.0	0.27381	0.0017500	0.19307	0.0034410	0.17566	0.0017620	0.21573	0.0014800
1295.0	0.27443	0.0018210	0.19337	0.0031510	0.17736	0.0017150	0.21635	0.0014500
1300.0	0.27521	0.0016650	0.19460	0.0032670	0.17845	0.0017690	0.21691	0.0014590
1305.0	0.27586	0.0017310	0.19489	0.0032990	0.17943	0.0018960	0.21753	0.0016400
1310.0	0.27723	0.0016330	0.19621	0.0032160	0.18015	0.0017350	0.21856	0.0014930
1315.0	0.27746	0.0016960	0.19654	0.0033740	0.18005	0.0021430	0.21865	0.0015350
1320.0	0.27873	0.0018630	0.19733	0.0034370	0.18126	0.0020030	0.21955	0.0015040
1325.0	0.27893	0.0018250	0.19793	0.0036470	0.18322	0.0017950	0.22039	0.0015540
1330.0	0.27921	0.0017900	0.19861	0.0031320	0.18355	0.0018790	0.22083	0.0015530
1335.0	0.28034	0.0019340	0.19951	0.0030970	0.18494	0.0019520	0.22155	0.0016390
1340.0	0.28092	0.0019740	0.20006	0.0030130	0.18554	0.0016700	0.22237	0.0016290
1345.0	0.28123	0.0018670	0.20090	0.0030190	0.18602	0.0018350	0.22297	0.0017180
1350.0	0.28140	0.0018370	0.20115	0.0034990	0.18607	0.0019210	0.22363	0.0016260
1355.0	0.28219	0.0018580	0.20185	0.0034800	0.18687	0.0020420	0.22418	0.0018420
1360.0	0.28274	0.0019380	0.20245	0.0034630	0.18756	0.0020340	0.22482	0.0019340
1365.0	0.28379	0.0021200	0.20318	0.0035960	0.18874	0.0021240	0.22523	0.0019320
1370.0	0.28457	0.0019880	0.20386	0.0034400	0.18960	0.0022760	0.22625	0.0018280
1375.0	0.28600	0.0021110	0.20489	0.0037460	0.19085	0.0019370	0.22703	0.0019000
1380.0	0.28669	0.0018550	0.20546	0.0037300	0.19147	0.0017440	0.22795	0.0017430
1385.0	0.28729	0.0023740	0.20625	0.0033530	0.19216	0.0021490	0.22823	0.0020250
1390.0	0.28744	0.0021010	0.20681	0.0035940	0.19222	0.0019360	0.22861	0.0019220
1395.0	0.28805	0.0020980	0.20747	0.0034770	0.19280	0.0020090	0.22953	0.0019000
1400.0	0.28807	0.0019970	0.20771	0.0037790	0.19286	0.0018070	0.22994	0.0018760
1405.0	0.28841	0.0019360	0.20827	0.0040810	0.19339	0.0017970	0.23115	0.0017720
1410.0	0.28931	0.0021660	0.20889	0.0036600	0.19413	0.0018710	0.23138	0.0019150
1415.0	0.29052	0.0020520	0.20968	0.0039110	0.19518	0.0018970	0.23160	0.0018410
1420.0	0.29080	0.0018350	0.20994	0.0039870	0.19587	0.0019650	0.23261	0.0017760
1425.0	0.29298	0.0019580	0.21137	0.0037010	0.19679	0.0017760	0.23301	0.0017740
1430.0	0.29299	0.0021540	0.21156	0.0030390	0.19754	0.0020450	0.23392	0.0018570
1435.0	0.29440	0.0020500	0.21257	0.0027870	0.19842	0.0016960	0.23482	0.0017630
1440.0	0.29469	0.0020580	0.21304	0.0029590	0.19901	0.0018820	0.23480	0.0017920
1445.0	0.29467	0.0019570	0.21392	0.0028570	0.19989	0.0017890	0.23574	0.0018900
1450.0	0.29601	0.0020260	0.21499	0.0031440	0.20063	0.0017340	0.23686	0.0018720
1455.0	0.29683	0.0021490	0.21525	0.0034190	0.20127	0.0020610	0.23739	0.0018180
1460.0	0.29764	0.0021810	0.21630	0.0034100	0.20172	0.0018440	0.23812	0.0021260
1465.0	0.29728	0.0020200	0.21610	0.0036080	0.20253	0.0018780	0.23824	0.0018690
1470.0	0.29820	0.0020060	0.21670	0.0033460	0.20299	0.0019020	0.23940	0.0019390
1475.0	0.29967	0.0021040	0.21742	0.0035570	0.20347	0.0018010	0.23950	0.0018900
1480.0	0.30027	0.0022110	0.21786	0.0039730	0.20392	0.0018710	0.23976	0.0018500
1485.0	0.30027	0.0020150	0.21831	0.0041750	0.20455	0.0019000	0.24026	0.0018900
1490.0	0.30087	0.0020810	0.21906	0.0041320	0.20491	0.0018170	0.24086	0.0017860
1495.0	0.30104	0.0021330	0.21920	0.0040680	0.20551	0.0021830	0.24142	0.0018120
1500.0	0.30219	0.0021680	0.21964	0.0041930	0.20587	0.0018940	0.24193	0.0017880
1505.0	0.30235	0.0021070	0.22002	0.0041410	0.20659	0.0018390	0.24242	0.0017620
1510.0	0.30292	0.0019070	0.22039	0.0042390	0.20691	0.0019570	0.24260	0.0019720
1515.0	0.30331	0.0019840	0.22041	0.0044980	0.20737	0.0020560	0.24281	0.0018620
1520.0	0.30406	0.0020340	0.22168	0.0042890	0.20778	0.0020790	0.24385	0.0019700
1525.0	0.30499	0.0020020	0.22169	0.0042630	0.20819	0.0020700	0.24358	0.0019010
1530.0	0.30495	0.0022470	0.22196	0.0037680	0.20858	0.0020790	0.24407	0.0019260
1535.0	0.30523	0.0020510	0.22201	0.0038860	0.20884	0.0020280	0.24457	0.0018630
1540.0	0.30578	0.0022570	0.22257	0.0043070	0.20873	0.0019520	0.24507	0.0018710
1545.0	0.30579	0.0022360	0.22254	0.0040850	0.20856	0.0020240	0.24531	0.0018680
1550.0	0.30619	0.0022810	0.22329	0.0041590	0.20865	0.0019840	0.24547	0.0020320
1555.0	0.30688	0.0023430	0.22312	0.0038330	0.20877	0.0019190	0.24584	0.0019700
1560.0	0.30797	0.0023290	0.22397	0.0040150	0.20883	0.0020050	0.24612	0.0020180
1565.0	0.30861	0.0024870	0.22433	0.0038670	0.20923	0.0023300	0.24633	0.0020470
1570.0	0.30922	0.0026210	0.22536	0.0042650	0.20957	0.0019350	0.24703	0.0019990
1575.0	0.30874	0.0023770	0.22470	0.0036880	0.20992	0.0022290	0.24680	0.0020300
1580.0	0.30939	0.0024380	0.22491	0.0034320	0.21003	0.0019690	0.24694	0.0020500
1585.0	0.30974	0.0024580	0.22552	0.0034950	0.21022	0.0021670	0.24782	0.0021030
1590.0	0.31010	0.0024130	0.22541	0.0034450	0.21040	0.0020780	0.24775	0.0019910
1595.0	0.31048	0.0021780	0.22551	0.0035000	0.21063	0.0019730	0.24828	0.0021590
1600.0	0.31047	0.0025390	0.22549	0.0033260	0.21060	0.0019930	0.24781	0.0021120
1605.0	0.31176	0.0026250	0.22589	0.0031970	0.21082	0.0021020	0.24847	0.0021020
1610.0	0.31115	0.0029280	0.22580	0.0030520	0.21080	0.0020200	0.24826	0.0021420
1615.0	0.31247	0.0029050	0.22594	0.0030190	0.21066	0.0020900	0.24930	0.0021760
1620.0	0.31231	0.0029020	0.22602	0.0030360	0.21037	0.0020790	0.24858	0.0021900
1625.0	0.31322	0.0027910	0.22672	0.0030930	0.21022	0.0020000	0.24896	0.0021990
1630.0	0.31301	0.0026610	0.22575	0.0033310	0.20986	0.0022320	0.24842	0.0024140
1635.0	0.31329	0.0024040	0.22644	0.0032940	0.20987	0.0021360	0.24864	0.0022250
1640.0	0.31398	0.0022630	0.22637	0.0034630	0.21001	0.0022820	0.24921	0.0022930
1645.0	0.31446	0.0024390	0.22629	0.0036650	0.21017	0.0020710	0.24920	0.0022370
1650.0	0.31462	0.0025860	0.22613	0.0036320	0.20991	0.0021950	0.24947	0.0022640
1655.0	0.31480	0.0025700	0.22625	0.0036560	0.20980	0.0019940	0.24964	0.0020400
1660.0	0.31530	0.0024480	0.22600	0.0040390	0.20969	0.0022280	0.24939	0.0022860
1665.0	0.31578	0.0025580	0.22574	0.0016050	0.20958	0.0016070	0.24912	0.0018240
1670.0	0.31658	0.0028160	0.22583	0.0016500	0.20959	0.0015840	0.24919	0.0016710
1675.0	0.31676	0.0027150	0.22583	0.0016110	0.20987	0.0015080	0.24952	0.0015130
1680.0	0.31776	0.0028150	0.22604	0.0015910	0.20949	0.0015220	0.24996	0.0016990
1685.0	0.31739	0.0028490	0.22570	0.0016820	0.20886	0.0015390	0.24969	0.0016580
1690.0	0.31839	0.0028470	0.22670	0.0017170	0.20893	0.0015060	0.24983	0.0016230
1695.0	0.31824	0.0031150	0.22617	0.0017840	0.20839	0.0014440	0.24986	0.0018020
1700.0	0.31901	0.0030970	0.22650	0.0016750	0.20861	0.0015370	0.25014	0.0017030
1705.0	0.31912	0.0028750	0.22626	0.0018670	0.20869	0.0014300	0.25028	0.0019430
1710.0	0.32009	0.0028570	0.22643	0.0016170	0.20880	0.0014610	0.25012	0.0017640
1715.0	0.31980	0.0025000	0.22604	0.0017230	0.20817	0.0015740	0.25023	0.0019190
1720.0	0.32076	0.0025940	0.22680	0.0016550	0.20831	0.0014550	0.25033	0.0018680
1725.0	0.32050	0.0027620	0.22648	0.0017580	0.20796	0.0014690	0.25047	0.0021470
1730.0	0.32099	0.0026240	0.22653	0.0016770	0.20820	0.0014660	0.25059	0.0018430
1735.0	0.32096	0.0029140	0.22632	0.0017500	0.20775	0.0015190	0.25021	0.0021510
1740.0	0.32143	0.0029460	0.22658	0.0018670	0.20741	0.0015070	0.25021	0.0019750
1745.0	0.32134	0.0028700	0.22637	0.0018720	0.20750	0.0015150	0.24989	0.0022090
1750.0	0.32200	0.0028500	0.22653	0.0017310	0.20724	0.0016070	0.25021	0.0019960
1755.0	0.32282	0.0029490	0.22654	0.0016850	0.20766	0.0014170	0.25072	0.0021940
1760.0	0.32297	0.0028910	0.22652	0.0017660	0.20686	0.0015270	0.25071	0.0020810
1765.0	0.32330	0.0027240	0.22623	0.0018310	0.20663	0.0014950	0.25058	0.0023820
1770.0	0.32373	0.0026230	0.22646	0.0017850	0.20650	0.0015820	0.25069	0.0021250
1775.0	0.32399	0.0025310	0.22654	0.0016560	0.20639	0.0016060	0.25091	0.0021850
1780.0	0.32397	0.0025940	0.22613	0.0017750	0.20587	0.0015730	0.25045	0.0019130
1785.0	0.32451	0.0029560	0.22642	0.0018640	0.20584	0.0016210	0.25074	0.0019480
1790.0	0.32458	0.0029320	0.22646	0.0018680	0.20547	0.0014680	0.25067	0.0017940
1795.0	0.32512	0.0025920	0.22664	0.0018000	0.20559	0.0014250	0.25095	0.0021290
1800.0	0.32497	0.0026610	0.22618	0.0019750	0.20508	0.0015300	0.25124	0.0017580
1805.0	0.32627	0.0026780	0.22666	0.0020130	0.20528	0.0016270	0.25105	0.0020610
1810.0	0.32619	0.0026550	0.22632	0.0022600	0.20483	0.0015350	0.25112	0.0018200
1815.0	0.32627	0.0028960	0.22632	0.0022580	0.20469	0.0015810	0.25084	0.0020330
1820.0	0.32613	0.0029780	0.22625	0.0022400	0.20445	0.0016800	0.25107	0.0019030
1825.0	0.32620	0.0030600	0.22621	0.0020890	0.20417	0.0016980	0.25084	0.0018170
1830.0	0.32631	0.0034330	0.22615	0.0021700	0.20377	0.0016600	0.25091	0.0019130
1835.0	0.32742	0.0032820	0.22665	0.0023250	0.20382	0.0016670	0.25131	0.0019310
1840.0	0.32761	0.0033900	0.22664	0.0023490	0.20337	0.0018440	0.25064	0.0018820
1845.0	0.32847	0.0029360	0.22696	0.0020220	0.20319	0.0015470	0.25152	0.0016640
1850.0	0.32877	0.0031430	0.22715	0.0023930	0.20304	0.0018670	0.25130	0.0017990
1855.0	0.32927	0.0032420	0.22758	0.0025000	0.20312	0.0015750	0.25156	0.0016360
1860.0	0.32991	0.0032480	0.22688	0.0027380	0.20218	0.0017010	0.25119	0.0017550
1865.0	0.33053	0.0032940	0.22724	0.0026580	0.20248	0.0016720	0.25205	0.0016250
1870.0	0.33095	0.0032890	0.22773	0.0028320	0.20283	0.0020080	0.25204	0.0017310
1875.0	0.33188	0.0027840	0.22777	0.0026940	0.20267	0.0018240	0.25104	0.0017890
1880.0	0.33229	0.0026310	0.22760	0.0026250	0.20238	0.0015830	0.25199	0.0016030
1885.0	0.33232	0.0031790	0.22842	0.0025740	0.20304	0.0014730	0.25211	0.0016990
1890.0	0.33247	0.0030760	0.22807	0.0025570	0.20228	0.0015590	0.25208	0.0016420
1895.0	0.33262	0.0032410	0.22766	0.0027450	0.20167	0.0016930	0.25184	0.0016640
1900.0	0.33245	0.0034150	0.22809	0.0030100	0.20185	0.0014990	0.25232	0.0018540
1905.0	0.33241	0.0030000	0.22818	0.0024020	0.20174	0.0016350	0.25226	0.0018910
1910.0	0.33280	0.0026960	0.22815	0.0022080	0.20153	0.0015510	0.25259	0.0021040
1915.0	0.33245	0.0026480	0.22800	0.0026550	0.20130	0.0016220	0.25230	0.0021850
1920.0	0.33386	0.0029190	0.22854	0.0029460	0.20168	0.0016550	0.25304	0.0021490
1925.0	0.33596	0.0028300	0.22950	0.0025570	0.20319	0.0018760	0.25282	0.0021920
1930.0	0.33527	0.0028230	0.22907	0.0025810	0.20168	0.0015370	0.25273	0.0020110
1935.0	0.33541	0.0030770	0.22900	0.0025660	0.20181	0.0015890	0.25293	0.0019930
1940.0	0.33587	0.0028540	0.22894	0.0025070	0.20202	0.0015430	0.25318	0.0019650
1945.0	0.33669	0.0026250	0.22948	0.0029110	0.20234	0.0016870	0.25308	0.0022050
1950.0	0.33676	0.0023950	0.22975	0.0026010	0.20181	0.0014090	0.25339	0.0019820
1955.0	0.33656	0.0024580	0.22962	0.0021980	0.20162	0.0016210	0.25392	0.0023540
1960.0	0.33777	0.0025580	0.23039	0.0020450	0.20166	0.0015890	0.25414	0.0023690
1965.0	0.33761	0.0024810	0.23005	0.0024370	0.20120	0.0015000	0.25414	0.0024010
1970.0	0.33777	0.0027920	0.23019	0.0023220	0.20081	0.0015020	0.25402	0.0023460
1975.0	0.33760	0.0025970	0.23040	0.0022960	0.20059	0.0015480	0.25457	0.0021760
1980.0	0.33854	0.0026310	0.23078	0.0025330	0.20106	0.0016820	0.25515	0.0019370
1985.0	0.33865	0.0029560	0.23105	0.0022040	0.20033	0.0015750	0.25495	0.0019280
1990.0	0.33965	0.0030210	0.23130	0.0023800	0.20020	0.0016010	0.25522	0.0017470
1995.0	0.33950	0.0027060	0.23163	0.0022520	0.19993	0.0018500	0.25549	0.0016720
2000.0	0.34007	0.0026790	0.23180	0.0024470	0.20015	0.0017300	0.25561	0.0016900
2005.0	0.34069	0.0025970	0.23209	0.0024770	0.20018	0.0017240	0.25602	0.0017420
2010.0	0.34112	0.0025420	0.23242	0.0019590	0.20068	0.0020170	0.25642	0.0017140
2015.0	0.34156	0.0026560	0.23284	0.0025060	0.20034	0.0019350	0.25647	0.0016930
2020.0	0.34218	0.0027050	0.23303	0.0023310	0.20039	0.0020020	0.25681	0.0018090
2025.0	0.34271	0.0027350	0.23366	0.0025480	0.20039	0.0021830	0.25716	0.0017800
2030.0	0.34227	0.0026850	0.23357	0.0024380	0.19999	0.0022070	0.25736	0.0018110
2035.0	0.34335	0.0028200	0.23430	0.0027730	0.20056	0.0018840	0.25782	0.0017260
2040.0	0.34337	0.0027950	0.23440	0.0025430	0.20034	0.0021220	0.25785	0.0016400
2045.0	0.34427	0.0025570	0.23499	0.0028320	0.20103	0.0020570	0.25835	0.0016340
2050.0	0.34389	0.0025790	0.23488	0.0034640	0.20103	0.0022030	0.25813	0.0016930
2055.0	0.34462	0.0027570	0.23520	0.0036320	0.20080	0.0020100	0.25871	0.0017750
2060.0	0.34476	0.0028560	0.23512	0.0035130	0.20122	0.0018060	0.25910	0.0017830
2065.0	0.34542	0.0027240	0.23583	0.0040120	0.20066	0.0021890	0.25955	0.0018250
2070.0	0.34545	0.0025780	0.23590	0.0037010	0.20142	0.0018260	0.25971	0.0017340
2075.0	0.34620	0.0025980	0.23688	0.0034850	0.20171	0.0016580	0.26031	0.0019650
2080.0	0.34647	0.0026040	0.23702	0.0035040	0.20170	0.0018490	0.26063	0.0018350
2085.0	0.34748	0.0026310	0.23778	0.0032200	0.20236	0.0019950	0.26113	0.0019320
2090.0	0.34748	0.0027010	0.23755	0.0034800	0.20206	0.0019990	0.26115	0.0018980
2095.0	0.34834	0.0025430	0.23820	0.0029150	0.20257	0.0018920	0.26156	0.0018930
2100.0	0.34902	0.0026150	0.23860	0.0031010	0.20341	0.0019800	0.26174	0.0019390
2105.0	0.35000	0.0026850	0.23934	0.0025660	0.20324	0.0020700	0.26235	0.0019870
2110.0	0.35008	0.0026550	0.23963	0.0028920	0.20281	0.0021310	0.26309	0.0020080
2115.0	0.35077	0.0025500	0.24062	0.0026450	0.20319	0.0018970	0.26329	0.0021490
2120.0	0.35079	0.0025230	0.24075	0.0027440	0.20353	0.0018350	0.26371	0.0019090
2125.0	0.35116	0.0026870	0.24116	0.0028180	0.20403	0.0021290	0.26410	0.0018850
2130.0	0.35178	0.0028320	0.24157	0.0026490	0.20432	0.0022040	0.26468	0.0019600
2135.0	0.35274	0.0029190	0.24179	0.0026110	0.20479	0.0020820	0.26527	0.0021450
2140.0	0.35300	0.0028380	0.24234	0.0027360	0.20476	0.0022910	0.26526	0.0020070
2145.0	0.35302	0.0027620	0.24268	0.0025670	0.20563	0.0021520	0.26573	0.0019330
2150.0	0.35408	0.0029280	0.24346	0.0028350	0.20560	0.0023330	0.26626	0.0020010
2155.0	0.35439	0.0023070	0.24417	0.0024010	0.20550	0.0021450	0.26677	0.0020140
2160.0	0.35465	0.0023430	0.24457	0.0025390	0.20586	0.0021970	0.26771	0.0021290
2165.0	0.35439	0.0022270	0.24484	0.0024200	0.20566	0.0020680	0.26765	0.0022240
2170.0	0.35498	0.0019670	0.24570	0.0019250	0.20596	0.0022380	0.26838	0.0020320
2175.0	0.35540	0.0028360	0.24584	0.0024410	0.20658	0.0022590	0.26873	0.0021010
2180.0	0.35582	0.0027030	0.24618	0.0024100	0.20704	0.0024210	0.26929	0.0018990
2185.0	0.35664	0.0024810	0.24674	0.0025010	0.20795	0.0018730	0.26965	0.0017470
2190.0	0.35782	0.0027360	0.24740	0.0022320	0.20804	0.0019710	0.27050	0.0018970
2195.0	0.35705	0.0023790	0.24787	0.0025030	0.20769	0.0020740	0.27097	0.0018300
2200.0	0.35845	0.0026010	0.24876	0.0028340	0.20869	0.0024990	0.27161	0.0019040
2205.0	0.35856	0.0026850	0.24888	0.0027120	0.20825	0.0028080	0.27201	0.0020180
2210.0	0.35965	0.0023500	0.24996	0.0023590	0.20949	0.0025690	0.27257	0.0018290
2215.0	0.35993	0.0023350	0.25008	0.0023830	0.21008	0.0027760	0.27294	0.0017030
2220.0	0.36110	0.0024140	0.25082	0.0025650	0.21048	0.0023790	0.27359	0.0019630
2225.0	0.36144	0.0026240	0.25161	0.0025750	0.21068	0.0028030	0.27440	0.0017850
2230.0	0.36152	0.0026780	0.25203	0.0025940	0.21123	0.0027710	0.27435	0.0019260
2235.0	0.36152	0.0027280	0.25234	0.0030260	0.21184	0.0029820	0.27567	0.0019390
2240.0	0.36272	0.0026110	0.25297	0.0029410	0.21182	0.0031060	0.27585	0.0018540
2245.0	0.36304	0.0026910	0.25341	0.0029850	0.21185	0.0031260	0.27635	0.0019340
2250.0	0.36372	0.0023360	0.25407	0.0027650	0.21266	0.0032680	0.27721	0.0018560
2255.0	0.36479	0.0024710	0.25511	0.0035540	0.21332	0.0031030	0.27795	0.0018790
2260.0	0.36517	0.0024900	0.25602	0.0035040	0.21400	0.0029780	0.27845	0.0018400
2265.0	0.36591	0.0024090	0.25677	0.0038230	0.21490	0.0027390	0.27930	0.0021460
2270.0	0.36645	0.0025230	0.25745	0.0034960	0.21549	0.0024940	0.28012	0.0020710
2275.0	0.36733	0.0026180	0.25787	0.0032540	0.21593	0.0024490	0.28048	0.0021170
2280.0	0.36817	0.0026470	0.25850	0.0032860	0.21680	0.0026280	0.28144	0.0020980
2285.0	0.36925	0.0030250	0.25959	0.0035320	0.21718	0.0026870	0.28233	0.0023670
2290.0	0.36887	0.0030130	0.25995	0.0035910	0.21749	0.0026870	0.28284	0.0021790
2295.0	0.37027	0.0028280	0.26097	0.0034350	0.21879	0.0026300	0.28365	0.0024330
2300.0	0.37022	0.0026670	0.26176	0.0033520	0.21967	0.0027860	0.28477	0.0022090
2305.0	0.37128	0.0030580	0.26210	0.0036490	0.22074	0.0026800	0.28549	0.0025720
2310.0	0.37155	0.0030600	0.26285	0.0036960	0.22088	0.0029980	0.28584	0.0023370
2315.0	0.37164	0.0029880	0.26354	0.0037390	0.22237	0.0028080	0.28627	0.0026300
2320.0	0.37168	0.0028780	0.26342	0.0038000	0.22197	0.0024980	0.28638	0.0027180
2325.0	0.37284	0.0031210	0.26432	0.0033460	0.22243	0.0022870	0.28675	0.0029390
2330.0	0.37278	0.0028180	0.26479	0.0034970	0.22338	0.0024570	0.28752	0.0027300
2335.0	0.37362	0.0027460	0.26588	0.0038370	0.22337	0.0023740	0.28818	0.0030720
2340.0	0.37382	0.0027490	0.26640	0.0034150	0.22361	0.0026550	0.28862	0.0024350
2345.0	0.37461	0.0029330	0.26738	0.0034690	0.22418	0.0025720	0.28982	0.0026340
2350.0	0.37420	0.0028040	0.26749	0.0037740	0.22485	0.0026690	0.28962	0.0026450
2355.0	0.37565	0.0026370	0.26806	0.0037660	0.22554	0.0026100	0.29045	0.0025830
2360.0	0.37617	0.0028150	0.26828	0.0039830	0.22624	0.0026880	0.29138	0.0024490
2365.0	0.37642	0.0032350	0.26894	0.0037400	0.22667	0.0029810	0.29190	0.0029810
2370.0	0.37665	0.0032680	0.26992	0.0039240	0.22748	0.0028510	0.29215	0.0026240
2375.0	0.37703	0.0034900	0.27036	0.0038260	0.22801	0.0027200	0.29319	0.0029420
2380.0	0.37689	0.0036530	0.27064	0.0036970	0.22781	0.0025100	0.29355	0.0025390
2385.0	0.37865	0.0026610	0.27215	0.0035250	0.22905	0.0025500	0.29458	0.0027990
2390.0	0.37906	0.0025690	0.27288	0.0034390	0.23057	0.0027070	0.29580	0.0023070
2395.0	0.37996	0.0031810	0.27363	0.0036750	0.23152	0.0029500	0.29626	0.0024260
2400.0	0.38057	0.0030610	0.27467	0.0035550	0.23162	0.0028580	0.29725	0.0023890
2405.0	0.38094	0.0028680	0.27513	0.0037340	0.23241	0.0025800	0.29756	0.0027700
2410.0	0.38167	0.0029730	0.27591	0.0036390	0.23248	0.0025270	0.29789	0.0024420
2415.0	0.38140	0.0025970	0.27668	0.0037040	0.23247	0.0024160	0.29936	0.0029120
2420.0	0.38279	0.0028780	0.27749	0.0038900	0.23363	0.0031230	0.29981	0.0026180
2425.0	0.38451	0.0028650	0.27870	0.0035640	0.23535	0.0028800	0.30083	0.0026650
2430.0	0.38605	0.0029600	0.28017	0.0034590	0.23585	0.0026980	0.30187	0.0023390
2435.0	0.38410	0.0029740	0.27934	0.0035590	0.23550	0.0031230	0.30194	0.0024260
2440.0	0.38644	0.0028920	0.28096	0.0033610	0.23681	0.0027090	0.30290	0.0022850
2445.0	0.38521	0.0028650	0.28093	0.0030550	0.23662	0.0028510	0.30427	0.0024510
2450.0	0.38658	0.0032800	0.28188	0.0033870	0.23832	0.0029610	0.30456	0.0024680
2455.0	0.38704	0.0029250	0.28236	0.0032870	0.23883	0.0027650	0.30566	0.0024230
2460.0	0.38762	0.0029690	0.28312	0.0034660	0.23949	0.0026760	0.30631	0.0022060
2465.0	0.38774	0.0026730	0.28336	0.0031810	0.23940	0.0024640	0.30652	0.0028290
2470.0	0.38763	0.0026270	0.28434	0.0031640	0.24011	0.0027780	0.30737	0.0027080
2475.0	0.38781	0.0027750	0.28573	0.0030450	0.24128	0.0023850	0.30845	0.0026600
2480.0	0.38859	0.011694	0.28614	0.0033790	0.24211	0.0022280	0.30891	0.0021870
2485.0	0.38881	0.0029650	0.28567	0.0036400	0.24142	0.0026300	0.30992	0.0022910
2490.0	0.38914	0.0030030	0.28719	0.0034360	0.24222	0.0031720	0.31015	0.0021060
2495.0	0.38962	0.0027740	0.28714	0.0036970	0.24243	0.0028720	0.31147	0.0021020
2500.0	0.39009	0.0027270	0.28841	0.0037000	0.24419	0.0033540	0.31185	0.0021170
2505.0	0.38979	0.0028580	0.28779	0.0040810	0.24290	0.0026600	0.31297	0.0024140
2510.0	0.39005	0.0028810	0.28928	0.0038310	0.24445	0.0030070	0.31349	0.0021770
2515.0	0.38979	0.0022360	0.28887	0.0041360	0.24431	0.0031740	0.31476	0.0019730
2520.0	0.39039	0.0024070	0.29038	0.0040970	0.24602	0.0034380	0.31464	0.0020340
2525.0	0.39047	0.0026560	0.29072	0.0049380	0.24690	0.0035310	0.31560	0.0020540
2530.0	0.39118	0.0027570	0.29210	0.0046330	0.24848	0.0038610	0.31639	0.0020920
2535.0	0.39213	0.0031270	0.29216	0.0052410	0.24870	0.0038110	0.31717	0.0022530
2540.0	0.39294	0.0028800	0.29332	0.0046860	0.24990	0.0029750	0.31778	0.0022770
2545.0	0.39313	0.0031150	0.29517	0.0051170	0.25192	0.0038870	0.31848	0.0024910
2550.0	0.39401	0.0032150	0.29564	0.0054290	0.25165	0.0032700	0.31966	0.0026010
2555.0	0.39473	0.0027480	0.29499	0.0050420	0.25144	0.0032990	0.32006	0.0026580
2560.0	0.39493	0.0024500	0.29706	0.0047760	0.25339	0.0043920	0.32108	0.0025670
2565.0	0.39518	0.0042770	0.29723	0.0064510	0.25350	0.0045350	0.32194	0.0037240
2570.0	0.39629	0.0038010	0.29774	0.0047740	0.25387	0.0040540	0.32282	0.0033560
2575.0	0.39631	0.0038620	0.29769	0.0049030	0.25379	0.0043070	0.32342	0.0037360
2580.0	0.39779	0.0033440	0.30056	0.0047200	0.25652	0.0036760	0.32438	0.0032200
2585.0	0.39850	0.0039150	0.29946	0.0052950	0.25482	0.0044090	0.32563	0.0037820
2590.0	0.39920	0.0040890	0.30327	0.0054080	0.25901	0.0041730	0.32609	0.0036800
2595.0	0.39990	0.0040370	0.30622	0.0058220	0.26239	0.0050370	0.32633	0.0044130
2600.0	0.40060	0.0042240	0.30897	0.0050530	0.26559	0.0042310	0.32637	0.0036220
