300	0.044018	-1	0.041362	-1	0.035638	-1	0.041153	-1
305	0.043844	-1	0.041039	-1	0.03528	-1	0.040104	-1
310	0.043875	-1	0.041102	-1	0.035106	-1	0.04025	-1
315	0.044178	-1	0.040967	-1	0.035559	-1	0.040254	-1
320	0.044897	-1	0.041449	-1	0.03562	-1	0.040819	-1
325	0.045809	-1	0.042733	-1	0.036111	-1	0.041669	-1
330	0.046629	-1	0.043682	-1	0.036756	-1	0.042364	-1
335	0.047668	-1	0.044228	-1	0.037238	-1	0.042953	-1
340	0.048767	-1	0.04507	-1	0.037689	-1	0.043771	-1
345	0.049687	-1	0.045817	-1	0.038324	-1	0.044476	-1
350	0.050661	-1	0.046333	-1	0.038751	-1	0.045494	-1
355	0.051747	-1	0.047352	-1	0.039383	-1	0.046371	-1
360	0.052778	0.000367	0.047882	0.000657	0.039939	0.000319	0.047174	0.000502
365	0.054089	0.000359	0.048802	0.000396	0.040682	0.000285	0.048158	0.000486
370	0.055173	0.000348	0.049653	0.000659	0.041269	0.000266	0.049054	0.000447
375	0.056399	0.000686	0.050407	0.001062	0.041991	0.000545	0.050037	0.000842
380	0.057609	0.000676	0.051471	0.00161	0.042458	0.000565	0.05101	0.000765
385	0.059013	0.000336	0.05197	0.000488	0.043384	0.000261	0.052161	0.000387
390	0.060131	0.000386	0.052964	0.000781	0.04361	0.000298	0.05305	0.000414
395	0.06108	0.000379	0.05362	0.000547	0.044147	0.000296	0.053937	0.000423
400	0.062464	0.000561	0.054538	0.000538	0.044939	0.000477	0.055058	0.00061
405	0.063533	-1	0.055371	-1	0.045454	-1	0.05562	-1
410	0.064578	-1	0.056382	-1	0.045809	-1	0.056538	-1
415	0.065935	-1	0.057459	-1	0.046515	-1	0.057392	-1
420	0.067031	-1	0.057941	-1	0.046998	-1	0.058283	-1
425	0.068322	-1	0.059358	-1	0.047681	-1	0.059236	-1
430	0.069652	-1	0.059989	-1	0.048023	-1	0.060174	-1
435	0.070994	-1	0.061322	-1	0.048756	-1	0.061145	-1
440	0.072293	-1	0.062307	-1	0.049337	-1	0.062096	-1
445	0.073543	-1	0.063086	-1	0.049946	-1	0.062994	-1
450	0.074816	-1	0.064306	-1	0.050488	-1	0.063983	-1
455	0.076045	-1	0.064966	-1	0.051102	-1	0.064868	-1
460	0.077246	-1	0.066345	-1	0.051625	-1	0.0658	-1
465	0.07857	-1	0.067038	-1	0.052238	-1	0.066692	-1
470	0.079801	-1	0.068462	-1	0.052828	-1	0.067625	-1
475	0.081062	-1	0.069027	-1	0.053402	-1	0.06856	-1
480	0.082319	-1	0.070384	-1	0.053913	-1	0.069422	-1
485	0.08353	-1	0.071666	-1	0.054499	-1	0.07032	-1
490	0.08474	-1	0.072912	-1	0.055099	-1	0.071265	-1
495	0.085945	-1	0.073402	-1	0.05556	-1	0.071918	-1
500	0.087079	-1	0.074801	-1	0.055995	-1	0.072846	-1
505	0.088273	-1	0.07523	-1	0.056534	-1	0.073664	-1
510	0.089539	-1	0.076708	-1	0.057175	-1	0.07462	-1
515	0.090758	-1	0.077815	-1	0.057894	-1	0.075623	-1
520	0.091957	-1	0.078667	-1	0.058442	-1	0.076559	-1
525	0.093237	-1	0.080094	-1	0.059044	-1	0.077554	-1
530	0.094324	-1	0.08075	-1	0.059692	-1	0.078442	-1
535	0.095516	-1	0.081415	-1	0.060117	-1	0.079049	-1
540	0.096555	-1	0.082803	-1	0.060608	-1	0.079985	-1
545	0.097676	-1	0.08358	-1	0.061136	-1	0.080853	-1
550	0.098815	-1	0.084338	-1	0.061639	-1	0.081741	-1
555	0.099881	-1	0.085474	-1	0.06215	-1	0.082428	-1
560	0.10101	-1	0.086816	-1	0.062738	-1	0.083317	-1
565	0.10219	-1	0.087393	-1	0.06316	-1	0.084072	-1
570	0.10332	-1	0.088203	-1	0.063633	-1	0.084836	-1
575	0.10442	-1	0.089685	-1	0.064237	-1	0.085793	-1
580	0.10547	-1	0.090615	-1	0.06457	-1	0.086634	-1
585	0.10664	-1	0.091664	-1	0.065086	-1	0.087486	-1
590	0.10767	-1	0.092422	-1	0.065513	-1	0.088298	-1
595	0.10881	-1	0.092876	-1	0.06639	-1	0.088812	-1
600	0.10973	-1	0.094027	-1	0.066752	-1	0.089634	-1
605	0.1109	-1	0.095141	-1	0.06732	-1	0.090459	-1
610	0.11191	-1	0.095456	-1	0.067778	-1	0.091278	-1
615	0.11294	-1	0.096447	-1	0.068087	-1	0.092159	-1
620	0.11377	-1	0.097629	-1	0.068443	-1	0.092861	-1
625	0.1148	-1	0.097734	-1	0.069069	-1	0.093568	-1
630	0.11576	-1	0.098784	-1	0.069421	-1	0.094438	-1
635	0.11672	-1	0.099631	-1	0.069919	-1	0.09512	-1
640	0.1176	-1	0.10042	-1	0.070327	-1	0.09591	-1
645	0.1186	-1	0.10094	-1	0.070794	-1	0.096564	-1
650	0.11975	-1	0.10171	-1	0.071293	-1	0.097308	-1
655	0.12067	-1	0.10292	-1	0.071615	-1	0.098192	-1
660	0.12161	-1	0.10402	-1	0.072057	-1	0.098881	-1
665	0.12248	-1	0.10429	-1	0.0725	-1	0.099365	-1
670	0.12358	-1	0.10545	-1	0.072871	-1	0.10017	-1
675	0.12455	-1	0.10682	-1	0.073414	-1	0.10095	-1
680	0.12529	-1	0.10745	-1	0.073753	-1	0.10163	-1
685	0.12639	-1	0.10816	-1	0.074223	-1	0.10237	-1
690	0.12746	-1	0.10903	-1	0.074575	-1	0.10299	-1
695	0.12827	-1	0.11026	-1	0.075033	-1	0.10375	-1
700	0.12928	-1	0.111	-1	0.075352	-1	0.1045	-1
705	0.13024	-1	0.11165	-1	0.07582	-1	0.10503	-1
710	0.13104	-1	0.11271	-1	0.076215	-1	0.10569	-1
715	0.13188	-1	0.11285	-1	0.076617	-1	0.10635	-1
720	0.13279	-1	0.11396	-1	0.077069	-1	0.10709	-1
725	0.13413	-1	0.11508	-1	0.077434	-1	0.10753	-1
730	0.13449	-1	0.11563	-1	0.077819	-1	0.10825	-1
735	0.13573	-1	0.11651	-1	0.078222	-1	0.10889	-1
740	0.13642	-1	0.11697	-1	0.07851	-1	0.10968	-1
745	0.13752	-1	0.11713	-1	0.078827	-1	0.11004	-1
750	0.13857	-1	0.11795	-1	0.079298	-1	0.11088	-1
755	0.13951	-1	0.11939	-1	0.079671	-1	0.11167	-1
760	0.14029	-1	0.11996	-1	0.079703	-1	0.11214	-1
765	0.14113	-1	0.12014	-1	0.080304	-1	0.11256	-1
770	0.1419	-1	0.12116	-1	0.080488	-1	0.11319	-1
775	0.14266	-1	0.12223	-1	0.080696	-1	0.11387	-1
780	0.1439	-1	0.1225	-1	0.080996	-1	0.11429	-1
785	0.14455	-1	0.12224	-1	0.081231	-1	0.11475	-1
790	0.14527	-1	0.12328	-1	0.081257	-1	0.11519	-1
795	0.14622	-1	0.1237	-1	0.081499	-1	0.11552	-1
800	0.14687	-1	0.12414	-1	0.081521	-1	0.11588	-1
805	0.14756	-1	0.12531	-1	0.081642	-1	0.11642	-1
810	0.14882	-1	0.12564	-1	0.081615	-1	0.11687	-1
815	0.14951	-1	0.12607	-1	0.081696	-1	0.11755	-1
820	0.15021	-1	0.12664	-1	0.081454	-1	0.11766	-1
825	0.15089	-1	0.1263	-1	0.081482	-1	0.11787	-1
830	0.15176	0.000736	0.12723	0.002892	0.081448	0.002429	0.11879	0.002577
835	0.1521	0.001224	0.12787	0.00278	0.081265	0.002382	0.11906	0.002422
840	0.15284	0.001014	0.12778	0.00262	0.081175	0.002379	0.11919	0.002459
845	0.15337	0.00115	0.12851	0.002744	0.080977	0.002246	0.11943	0.002355
850	0.15431	0.0009	0.1286	0.002591	0.080845	0.002309	0.11942	0.002281
855	0.15494	0.001563	0.12832	0.002651	0.080852	0.002128	0.11965	0.00206
860	0.15574	0.001241	0.12889	0.002584	0.080642	0.001858	0.11971	0.002342
865	0.1559	0.001028	0.1287	0.002106	0.080459	0.00203	0.11969	0.002008
870	0.15654	0.001049	0.12894	0.001994	0.080267	0.001916	0.11998	0.002249
875	0.15703	0.001131	0.1284	0.001883	0.079816	0.001723	0.12034	0.002088
880	0.15746	0.000632	0.12802	0.002025	0.07958	0.001656	0.12053	0.002045
885	0.15804	0.002021	0.12912	0.004041	0.079128	0.003205	0.12046	0.004011
890	0.15796	0.002329	0.12894	0.003978	0.078951	0.003206	0.12018	0.003722
895	0.15884	0.0022	0.12895	0.003651	0.079121	0.002587	0.12068	0.00348
900	0.15924	0.001584	0.12926	0.003482	0.078792	0.002948	0.121	0.003165
905	0.15968	0.002434	0.12941	0.004802	0.079099	0.003971	0.12217	0.004535
910	0.16031	0.001373	0.12943	0.004837	0.079007	0.003931	0.12177	0.004825
915	0.16084	0.000588	0.13001	0.004434	0.079107	0.003786	0.12124	0.004495
920	0.16165	0.001967	0.13041	0.004144	0.079174	0.00403	0.12095	0.005178
925	0.16173	0.002338	0.1302	0.004345	0.079289	0.003525	0.1225	0.004189
930	0.16302	0.001621	0.13132	0.00413	0.079435	0.003809	0.12214	0.004233
935	0.16342	0.001804	0.13134	0.004084	0.079474	0.003615	0.12292	0.004276
940	0.16423	0.002245	0.13173	0.003854	0.079864	0.003419	0.1238	0.003876
945	0.16492	0.002144	0.13267	0.00403	0.079835	0.003332	0.12426	0.003597
950	0.16486	0.002246	0.133	0.003891	0.079869	0.00345	0.12414	0.003756
955	0.16559	0.002285	0.13396	0.003309	0.080649	0.003224	0.12447	0.004038
960	0.16634	0.00226	0.13417	0.00412	0.081112	0.003189	0.12568	0.003851
965	0.16729	0.002953	0.13484	0.003585	0.081086	0.003043	0.12663	0.00352
970	0.16815	0.001702	0.13599	0.003795	0.081518	0.003084	0.12668	0.003721
975	0.16888	0.003151	0.13649	0.003703	0.082208	0.003189	0.12774	0.004153
980	0.16924	0.002775	0.13736	0.004021	0.082899	0.003006	0.12804	0.003739
985	0.17016	0.002494	0.13788	0.003759	0.083256	0.002992	0.12933	0.003743
990	0.17084	0.002543	0.13853	0.003747	0.084026	0.003307	0.12928	0.00351
995	0.17145	0.002714	0.13921	0.004118	0.084268	0.002856	0.13019	0.003552
1000	0.17214	0.003242	0.14002	0.003917	0.084923	0.003068	0.13208	0.002968
1005	0.1731	0.002754	0.14144	0.004476	0.085641	0.003785	0.13195	0.005559
1010	0.17436	0.002162	0.1427	0.004651	0.086329	0.003876	0.13234	0.004413
1015	0.17607	0.002063	0.14323	0.004326	0.087564	0.003914	0.13301	0.004335
1020	0.17614	0.002647	0.14484	0.004094	0.08802	0.003305	0.13418	0.004138
1025	0.17676	0.002313	0.14516	0.004545	0.088662	0.003498	0.13513	0.004381
1030	0.17757	0.002987	0.14534	0.004028	0.089495	0.004021	0.13663	0.004218
1035	0.17888	0.002373	0.14602	0.004287	0.090286	0.004299	0.1375	0.004932
1040	0.18011	0.002888	0.14724	0.004475	0.091158	0.004076	0.13845	0.004885
1045	0.18043	0.002342	0.14817	0.004629	0.09219	0.004095	0.13924	0.004518
1050	0.18166	0.00304	0.14905	0.004854	0.092763	0.00395	0.13983	0.004628
1055	0.18272	0.00259	0.15013	0.004535	0.09365	0.004015	0.14078	0.004577
1060	0.18267	0.002618	0.15044	0.004399	0.094433	0.004004	0.14145	0.004644
1065	0.18339	0.002594	0.15165	0.004791	0.094951	0.00394	0.1422	0.004648
1070	0.18435	0.002682	0.15211	0.004353	0.095231	0.003596	0.14306	0.004444
1075	0.18495	0.003067	0.15241	0.0048	0.09568	0.003639	0.14356	0.004624
1080	0.18587	0.00339	0.15371	0.004761	0.096096	0.003353	0.14415	0.004259
1085	0.18729	0.003065	0.15485	0.004125	0.096533	0.003587	0.14481	0.004017
1090	0.18834	0.002222	0.15507	0.004739	0.097122	0.003637	0.14579	0.004389
1095	0.18895	0.001738	0.15611	0.004129	0.097862	0.003533	0.1459	0.004397
1100	0.18954	0.002128	0.15668	0.004321	0.098766	0.003365	0.14687	0.004625
1105	0.19055	0.002125	0.15899	0.004466	0.099803	0.003598	0.14755	0.004601
1110	0.19191	0.00197	0.15871	0.004355	0.10035	0.003232	0.14876	0.004826
1115	0.19268	0.001139	0.15972	0.004168	0.1006	0.003511	0.14927	0.004655
1120	0.19311	0.001745	0.16007	0.004627	0.10126	0.003151	0.14895	0.00481
1125	0.19365	0.001839	0.16137	0.003922	0.10166	0.003243	0.14985	0.004737
1130	0.19499	0.002035	0.16267	0.005294	0.10211	0.003191	0.15086	0.004631
1135	0.1951	0.002612	0.16331	0.004462	0.10227	0.003329	0.15045	0.004683
1140	0.19566	0.002377	0.16355	0.004957	0.10322	0.003653	0.15173	0.004612
1145	0.19722	0.003058	0.16553	0.004887	0.10352	0.003668	0.1534	0.004834
1150	0.19767	0.002574	0.16534	0.00422	0.10421	0.003511	0.15343	0.004273
1155	0.19825	0.002617	0.16635	0.004669	0.10449	0.003541	0.15344	0.004353
1160	0.1989	0.003159	0.16624	0.004412	0.10487	0.003198	0.1544	0.004538
1165	0.20003	0.002896	0.16787	0.004683	0.10531	0.003254	0.15528	0.00428
1170	0.19999	0.003267	0.16824	0.00433	0.10649	0.00332	0.15603	0.005026
1175	0.2012	0.003082	0.16934	0.004486	0.10623	0.003022	0.15675	0.004949
1180	0.20232	0.001971	0.1701	0.004335	0.10721	0.003147	0.15674	0.005388
1185	0.20342	0.001824	0.17009	0.004938	0.1075	0.003085	0.15644	0.004724
1190	0.20452	0.003085	0.17122	0.005395	0.10781	0.003698	0.15785	0.00599
1195	0.20498	0.002887	0.17179	0.005134	0.10851	0.003973	0.15891	0.005849
1200	0.20547	0.003286	0.17211	0.00553	0.1083	0.003789	0.15915	0.005388
1205	0.20648	0.003951	0.17314	0.006074	0.10916	0.004032	0.15977	0.005843
1210	0.20708	0.003907	0.17326	0.006401	0.10967	0.004053	0.16064	0.005435
1215	0.20805	0.005894	0.17395	0.006861	0.10984	0.004178	0.16108	0.005717
1220	0.20904	0.005648	0.17446	0.006656	0.10978	0.004018	0.16237	0.005552
1225	0.20956	0.005471	0.17521	0.007054	0.11023	0.003728	0.16294	0.004911
1230	0.21035	0.004972	0.17558	0.007424	0.11056	0.00368	0.16151	0.004551
1235	0.21135	0.005154	0.17669	0.006597	0.11073	0.004322	0.1636	0.004343
1240	0.21185	0.004774	0.17722	0.007343	0.1117	0.003856	0.16482	0.00392
1245	0.21248	0.004885	0.178	0.00677	0.11113	0.003228	0.16485	0.004266
1250	0.21338	0.004195	0.1787	0.006428	0.11189	0.003537	0.16537	0.004253
1255	0.21427	0.00423	0.17966	0.007164	0.11245	0.003152	0.16671	0.004433
1260	0.21497	0.004428	0.18031	0.006809	0.1131	0.003749	0.16788	0.003991
1265	0.21612	0.004353	0.1807	0.006482	0.11396	0.00351	0.16776	0.004038
1270	0.21685	0.004632	0.18163	0.006433	0.1139	0.003551	0.16764	0.004057
1275	0.21795	0.004777	0.18229	0.006702	0.11491	0.003489	0.16898	0.00403
1280	0.21881	0.004166	0.18239	0.006347	0.11589	0.003585	0.17015	0.003833
1285	0.21984	0.004516	0.18305	0.006202	0.11485	0.003509	0.17134	0.00377
1290	0.22021	0.00389	0.18341	0.006306	0.11663	0.003465	0.17095	0.003923
1295	0.22069	0.00376	0.18539	0.006524	0.11724	0.003031	0.17174	0.003673
1300	0.22273	0.004635	0.18561	0.006219	0.1174	0.003024	0.17279	0.004028
1305	0.22323	0.003653	0.18654	0.007805	0.11809	0.003157	0.17308	0.003609
1310	0.22457	0.003364	0.18792	0.006931	0.11927	0.002954	0.17295	0.003754
1315	0.22481	0.003961	0.18876	0.006703	0.11939	0.003324	0.17454	0.003876
1320	0.22616	0.003432	0.18937	0.006506	0.11987	0.003145	0.17542	0.003757
1325	0.22751	0.003468	0.18981	0.006545	0.12143	0.003397	0.17577	0.003487
1330	0.22762	0.003941	0.19032	0.006808	0.12206	0.002964	0.17727	0.003909
1335	0.23018	0.003499	0.19097	0.007244	0.12223	0.003297	0.1785	0.003951
1340	0.22972	0.003425	0.19156	0.007866	0.12253	0.002815	0.17848	0.003579
1345	0.23051	0.004014	0.19239	0.007235	0.12337	0.003277	0.17959	0.004223
1350	0.23059	0.003895	0.19288	0.006859	0.12362	0.003318	0.18001	0.003754
1355	0.23181	0.003891	0.19383	0.006517	0.12388	0.003242	0.18023	0.0043
1360	0.23268	0.003936	0.19461	0.007061	0.12441	0.003263	0.18145	0.004298
1365	0.2335	0.004157	0.19538	0.00705	0.12696	0.003517	0.18211	0.003537
1370	0.23413	0.003907	0.19596	0.006721	0.12647	0.003203	0.1821	0.004035
1375	0.2359	0.004025	0.19722	0.007465	0.12622	0.003108	0.18247	0.003894
1380	0.23676	0.003834	0.19812	0.006702	0.12677	0.003335	0.1827	0.00371
1385	0.23725	0.005171	0.19877	0.006644	0.12842	0.003363	0.18546	0.003828
1390	0.23794	0.003507	0.19974	0.007247	0.12887	0.003608	0.18523	0.004656
1395	0.23877	0.004041	0.20059	0.007396	0.12872	0.003419	0.18523	0.00403
1400	0.23908	0.003473	0.20147	0.007922	0.13039	0.003525	0.18639	0.003832
1405	0.23976	0.003506	0.20238	0.007168	0.12976	0.003368	0.18713	0.003893
1410	0.24105	0.003901	0.20323	0.00675	0.13197	0.003536	0.18758	0.004372
1415	0.24192	0.003686	0.20378	0.007896	0.1321	0.003943	0.18808	0.004378
1420	0.24252	0.003902	0.20464	0.00703	0.13294	0.00307	0.18915	0.004624
1425	0.24302	0.003856	0.20506	0.007904	0.13292	0.00343	0.18989	0.005014
1430	0.24437	0.004261	0.20537	0.007381	0.13372	0.003522	0.18998	0.004629
1435	0.245	0.003517	0.20644	0.007372	0.13446	0.003273	0.1917	0.004533
1440	0.24591	0.00404	0.20739	0.00806	0.13476	0.003641	0.19182	0.003268
1445	0.24637	0.003695	0.20823	0.007969	0.13583	0.003525	0.19249	0.004418
1450	0.2481	0.003435	0.20897	0.006727	0.13651	0.003147	0.19289	0.004511
1455	0.24829	0.003338	0.20973	0.007748	0.13563	0.003321	0.19368	0.004254
1460	0.24909	0.0039	0.21015	0.007864	0.1364	0.003848	0.19428	0.004278
1465	0.24964	0.003919	0.21057	0.007125	0.13707	0.00325	0.19477	0.003947
1470	0.25035	0.003673	0.21099	0.008481	0.13756	0.003267	0.19549	0.00437
1475	0.25086	0.003658	0.21171	0.007621	0.13755	0.003239	0.1956	0.00391
1480	0.25112	0.003885	0.2125	0.007161	0.13925	0.003497	0.19582	0.003999
1485	0.25154	0.003725	0.21335	0.007387	0.13923	0.003566	0.19734	0.00391
1490	0.25269	0.004217	0.21436	0.006765	0.1394	0.003266	0.19639	0.004163
1495	0.25251	0.003975	0.21545	0.007159	0.14057	0.003149	0.19832	0.004018
1500	0.25447	0.004283	0.216	0.007471	0.13986	0.003469	0.19855	0.004356
1505	0.25511	0.003816	0.21656	0.006839	0.14019	0.003106	0.1985	0.004337
1510	0.25493	0.004007	0.21719	0.0075	0.14068	0.003427	0.20041	0.004829
1515	0.25604	0.004031	0.21725	0.006658	0.14239	0.003786	0.20026	0.004309
1520	0.25683	0.004144	0.21818	0.007659	0.14395	0.003525	0.20032	0.005258
1525	0.25849	0.004005	0.21877	0.007391	0.14265	0.002949	0.2018	0.003905
1530	0.2574	0.004073	0.22057	0.00717	0.14336	0.003811	0.20155	0.005027
1535	0.25896	0.003978	0.22169	0.007366	0.14332	0.003857	0.20252	0.004549
1540	0.25794	0.004099	0.2222	0.007356	0.14289	0.003356	0.2023	0.004276
1545	0.25958	0.003773	0.22311	0.008186	0.14402	0.003117	0.20308	0.004972
1550	0.26058	0.004908	0.22386	0.007605	0.14453	0.003604	0.20388	0.004587
1555	0.26094	0.004032	0.22512	0.008025	0.14532	0.003193	0.20398	0.003649
1560	0.26173	0.004771	0.22544	0.007403	0.14529	0.003831	0.20488	0.005286
1565	0.26231	0.004303	0.2266	0.007669	0.14558	0.00369	0.20539	0.004859
1570	0.26355	0.0043	0.22615	0.007944	0.14564	0.003553	0.20509	0.005032
1575	0.26349	0.00473	0.22694	0.0074	0.14571	0.003753	0.20617	0.005447
1580	0.26345	0.004286	0.22705	0.007947	0.14616	0.003477	0.2059	0.004814
1585	0.26393	0.005017	0.22819	0.007866	0.14621	0.004122	0.20763	0.004309
1590	0.26524	0.004779	0.2294	0.007197	0.14765	0.003067	0.20734	0.005089
1595	0.26529	0.003677	0.22923	0.007729	0.14821	0.003322	0.20857	0.004189
1600	0.26592	0.003626	0.22977	0.008068	0.14786	0.004028	0.20862	0.004629
1605	0.2671	0.004314	0.2297	0.007722	0.14876	0.003358	0.20895	0.004467
1610	0.26731	0.004049	0.23048	0.00744	0.14831	0.003367	0.21046	0.004178
1615	0.26781	0.005184	0.23102	0.007447	0.14895	0.004257	0.20993	0.00467
1620	0.26706	0.004826	0.23199	0.008041	0.14977	0.003474	0.20961	0.005514
1625	0.26971	0.004126	0.23224	0.007593	0.14984	0.004143	0.211	0.005412
1630	0.2679	0.004787	0.23257	0.007877	0.15004	0.003602	0.21063	0.00544
1635	0.26955	0.005195	0.23296	0.008289	0.14996	0.003831	0.21149	0.004192
1640	0.27148	0.004206	0.23293	0.008161	0.15016	0.004103	0.21137	0.004006
1645	0.27039	0.004489	0.23299	0.008135	0.14938	0.003911	0.21261	0.005258
1650	0.27149	0.003659	0.23385	0.007308	0.15116	0.003277	0.21307	0.002691
1655	0.27145	0.004015	0.23395	0.007014	0.15076	0.00188	0.21271	0.00252
1660	0.27177	0.003566	0.23487	0.007143	0.15106	0.001951	0.21342	0.002087
1665	0.2723	0.003546	0.23458	0.006802	0.1509	0.001787	0.21351	0.002148
1670	0.27257	0.003435	0.23541	0.00673	0.15162	0.001799	0.21454	0.002294
1675	0.27472	0.002546	0.23571	0.006297	0.15119	0.000477	0.21502	-1
1680	0.2748	0.002452	0.23579	0.005985	0.15103	0.000587	0.21513	-1
1685	0.27475	0.002614	0.2361	0.0061	0.15125	0.000786	0.21495	-1
1690	0.27521	0.002496	0.23659	0.006493	0.1515	0.000599	0.21564	-1
1695	0.27633	0.002662	0.23726	0.006417	0.15213	0.000225	0.21582	-1
1700	0.27642	0.002477	0.23705	0.006721	0.15202	0.001236	0.21597	-1
1705	0.27685	0.002549	0.23736	0.00618	0.15246	0.001098	0.21704	-1
1710	0.27753	0.0027	0.23769	0.006678	0.15193	0.001091	0.21665	-1
1715	0.2789	0.002629	0.23855	0.006765	0.1522	0.001096	0.21684	-1
1720	0.27861	0.002751	0.23932	0.006887	0.15307	0.000773	0.218	-1
1725	0.27917	0.002586	0.2393	0.00666	0.15321	0.001449	0.21805	-1
1730	0.27947	0.002754	0.23932	0.006555	0.15341	0.001016	0.21864	-1
1735	0.28026	0.002752	0.24018	0.006168	0.15361	0.001615	0.21864	-1
1740	0.28028	0.0027	0.23993	0.006189	0.15346	0.001262	0.21889	-1
1745	0.28056	0.002705	0.24036	0.006309	0.15395	0.00186	0.21893	-1
1750	0.28111	0.002773	0.24127	0.006368	0.15418	0.001322	0.21931	-1
1755	0.28187	0.002592	0.24172	0.006902	0.15446	0.001867	0.21966	-1
1760	0.28272	0.002634	0.24267	0.006709	0.15516	0.001246	0.21998	-1
1765	0.28268	0.002464	0.24258	0.006766	0.1545	0.001541	0.22104	-1
1770	0.28318	0.002658	0.24281	0.007035	0.15534	0.001799	0.22099	-1
1775	0.28354	0.002694	0.24333	0.006565	0.15555	0.00144	0.22113	-1
1780	0.28411	0.002378	0.24393	0.006758	0.15554	0.002348	0.22152	-1
1785	0.28438	0.00274	0.24424	0.006386	0.15648	0.002548	0.22203	-1
1790	0.28477	0.002707	0.24491	0.006398	0.15592	0.002861	0.22213	-1
1795	0.28537	0.002645	0.24498	0.006826	0.15555	0.002642	0.22254	-1
1800	0.2854	0.002535	0.24512	0.006695	0.1559	0.001286	0.22249	-1
1805	0.28649	0.00242	0.2455	0.00675	0.15695	0.001779	0.22202	-1
1810	0.28682	0.002472	0.24537	0.006789	0.15717	0.001313	0.22384	-1
1815	0.28669	0.002486	0.24592	0.006519	0.15777	0.001413	0.22302	-1
1820	0.28691	0.002978	0.2461	0.00713	0.1574	0.000643	0.22346	-1
1825	0.28868	0.002879	0.24635	0.007061	0.15817	0.002087	0.22455	-1
1830	0.28808	0.002811	0.2466	0.006632	0.15823	0.002412	0.22445	-1
1835	0.28967	0.003047	0.24711	0.007002	0.15817	0.001686	0.22446	-1
1840	0.29043	0.003345	0.24757	0.007384	0.15824	0.00179	0.22515	-1
1845	0.29105	0.002611	0.248	0.006836	0.15843	0.002875	0.22549	-1
1850	0.29174	0.003068	0.24849	0.006704	0.1588	0.002779	0.22607	-1
1855	0.29183	0.002634	0.2489	0.00679	0.15895	0.002197	0.22642	-1
1860	0.29055	0.002611	0.24828	0.006951	0.15873	0.002817	0.22616	-1
1865	0.29166	0.002605	0.24888	0.00664	0.15944	0.001263	0.22691	-1
1870	0.29298	0.002875	0.24975	0.007193	0.16016	0.000853	0.22782	-1
1875	0.29313	0.003145	0.25019	0.008053	0.16021	0.003396	0.2279	-1
1880	0.29321	0.002598	0.2505	0.007259	0.16024	0.003704	0.2282	-1
1885	0.29452	0.002937	0.25159	0.006794	0.16065	0.001094	0.22905	-1
1890	0.29318	0.002734	0.25126	0.007139	0.1599	0.001479	0.22883	-1
1895	0.29266	0.002885	0.25134	0.006738	0.15948	0.002699	0.22871	-1
1900	0.29356	0.003013	0.25187	0.006683	0.15996	0.001574	0.22931	-1
1905	0.29423	0.003315	0.25235	0.006711	0.1604	0.002719	0.22982	-1
1910	0.29473	0.003222	0.25267	0.006953	0.16173	0.002592	0.23014	-1
1915	0.2959	0.003126	0.25359	0.007735	0.1617	0.002143	0.23094	-1
1920	0.29632	0.003511	0.25422	0.007226	0.16196	0.001995	0.23079	-1
1925	0.29677	0.002931	0.25476	0.007544	0.16317	0.002768	0.23155	-1
1930	0.29716	0.003334	0.25562	0.007295	0.16318	0.002931	0.23201	-1
1935	0.29747	0.002922	0.25535	0.006821	0.16268	0.001147	0.23167	-1
1940	0.29754	0.003258	0.25527	0.007159	0.16305	0.002149	0.23232	-1
1945	0.29856	0.002992	0.25656	0.006955	0.16382	0.002823	0.23278	-1
1950	0.29875	0.003019	0.2572	0.007065	0.16339	0.002817	0.23302	-1
1955	0.29825	0.003048	0.25751	0.007282	0.16368	0.002527	0.23347	-1
1960	0.29931	0.003055	0.25836	0.00655	0.16466	0.002608	0.23419	-1
1965	0.29958	0.003088	0.25879	0.00741	0.16465	0.002516	0.23456	-1
1970	0.30019	0.003314	0.25943	0.0067	0.16462	0.003782	0.23465	-1
1975	0.30071	0.003184	0.2601	0.006866	0.16542	0.004552	0.23488	-1
1980	0.30068	0.003124	0.26039	0.007178	0.16563	0.003641	0.23602	-1
1985	0.30184	0.003041	0.26162	0.007097	0.16631	0.00467	0.23569	-1
1990	0.30196	0.003357	0.26162	0.007732	0.16676	0.004517	0.23677	-1
1995	0.30306	0.003177	0.26191	0.007516	0.1669	0.003332	0.2361	-1
2000	0.30343	0.003139	0.26316	0.00763	0.16696	0.003036	0.23727	-1
2005	0.30415	0.00315	0.26367	0.007175	0.16731	0.002586	0.23753	-1
2010	0.30522	0.003208	0.26229	0.007484	0.16872	0.002136	0.2382	-1
2015	0.30508	0.003069	0.26433	0.007371	0.16983	0.003695	0.23956	-1
2020	0.30481	0.003575	0.26463	0.007264	0.17036	0.002518	0.2391	-1
2025	0.30688	0.003403	0.26472	0.007454	0.17138	0.003317	0.24007	-1
2030	0.30644	0.003375	0.26577	0.007081	0.17175	0.004154	0.24054	-1
2035	0.30647	0.003279	0.26583	0.007144	0.17205	0.003862	0.24077	-1
2040	0.30723	0.003322	0.26719	0.006652	0.17278	0.004194	0.24099	-1
2045	0.30805	0.003161	0.26821	0.007061	0.17267	0.002901	0.2421	-1
2050	0.30834	0.003512	0.26836	0.007383	0.17312	0.002857	0.24113	-1
2055	0.30937	0.003347	0.26947	0.007626	0.17278	0.004117	0.24204	-1
2060	0.30963	0.003235	0.26844	0.00795	0.17398	0.004046	0.2441	-1
2065	0.30958	0.0031	0.26956	0.007757	0.17451	0.003401	0.24322	-1
2070	0.31072	0.002952	0.26923	0.007947	0.17538	0.0035	0.24442	-1
2075	0.31094	0.002886	0.2706	0.007798	0.17576	0.002232	0.24414	-1
2080	0.311	0.002797	0.27124	0.007617	0.17625	0.003772	0.24375	-1
2085	0.31186	0.003185	0.27172	0.007997	0.17748	0.003563	0.24498	-1
2090	0.31188	0.002825	0.27129	0.008012	0.17804	0.003727	0.24586	-1
2095	0.31294	0.003123	0.27228	0.007376	0.17802	0.00508	0.24593	-1
2100	0.31262	0.003017	0.27224	0.007818	0.17901	0.004156	0.24789	-1
2105	0.31319	0.003197	0.27388	0.007868	0.17947	0.00539	0.24826	-1
2110	0.31405	0.002944	0.27468	0.007651	0.17995	0.005466	0.24692	-1
2115	0.3144	0.003126	0.2754	0.008286	0.17996	0.004579	0.24863	-1
2120	0.31417	0.002907	0.27575	0.008148	0.18066	0.003585	0.24844	-1
2125	0.31435	0.003008	0.2762	0.007276	0.1819	0.004619	0.24955	-1
2130	0.31427	0.002781	0.27605	0.007735	0.18191	0.005196	0.24922	-1
2135	0.31493	0.003238	0.27679	0.008316	0.18229	0.004545	0.25044	-1
2140	0.31492	0.003068	0.27806	0.007871	0.1828	0.004977	0.25012	-1
2145	0.31543	0.003126	0.27764	0.007959	0.18327	0.005019	0.25084	-1
2150	0.31715	0.003637	0.2786	0.008262	0.18392	0.005709	0.25192	-1
2155	0.31627	0.003417	0.27893	0.008273	0.18417	0.004903	0.25146	-1
2160	0.3168	0.003628	0.27955	0.00715	0.18395	0.005761	0.25205	-1
2165	0.31655	0.003505	0.27939	0.008041	0.18451	0.005562	0.2528	-1
2170	0.31758	0.003432	0.28056	0.007254	0.18532	0.005389	0.25302	-1
2175	0.31762	0.00363	0.28127	0.007471	0.18547	0.004026	0.25429	-1
2180	0.31869	0.003162	0.28153	0.008067	0.18604	0.004527	0.25498	-1
2185	0.31918	0.003887	0.28187	0.008098	0.18656	0.00415	0.25493	-1
2190	0.31949	0.003948	0.2824	0.00785	0.18736	0.004649	0.25544	-1
2195	0.31994	0.004205	0.28324	0.008257	0.18797	0.004446	0.25647	-1
2200	0.32068	0.003473	0.28425	0.008292	0.18892	0.003588	0.25745	-1
2205	0.32155	0.003416	0.28527	0.008322	0.19008	0.003571	0.25745	-1
2210	0.32158	0.003523	0.28488	0.007321	0.19024	0.005604	0.25859	-1
2215	0.32312	0.003637	0.28634	0.00709	0.19052	0.005013	0.25947	-1
2220	0.32273	0.003139	0.28704	0.007096	0.19039	0.004592	0.25912	-1
2225	0.32323	0.003531	0.28733	0.008506	0.19158	0.005298	0.25976	-1
2230	0.32303	0.003652	0.28803	0.007987	0.19232	0.004681	0.26095	-1
2235	0.32384	0.003513	0.28773	0.008176	0.19255	0.004107	0.26157	-1
2240	0.32378	0.0036	0.28865	0.008668	0.19324	0.004358	0.26276	-1
2245	0.32521	0.003385	0.28892	0.008265	0.19447	0.004887	0.26327	-1
2250	0.32587	0.003342	0.29012	0.008406	0.19486	0.005022	0.26345	-1
2255	0.3267	0.003129	0.29138	0.0079	0.19659	0.003839	0.26309	-1
2260	0.3266	0.003677	0.29138	0.008259	0.19693	0.003929	0.26387	-1
2265	0.32748	0.003458	0.29232	0.008664	0.1974	0.003777	0.26478	-1
2270	0.32705	0.003645	0.2932	0.007516	0.1985	0.003705	0.26605	-1
2275	0.32814	0.003436	0.29301	0.008071	0.19937	0.004856	0.26604	-1
2280	0.32842	0.003353	0.29456	0.008537	0.20051	0.002717	0.26629	-1
2285	0.32862	0.003764	0.2958	0.008485	0.20123	0.00335	0.26685	-1
2290	0.32905	0.003556	0.2955	0.00886	0.20215	0.00298	0.26868	-1
2295	0.3314	0.003843	0.29716	0.008927	0.20129	0.002782	0.26809	-1
2300	0.33065	0.003327	0.29786	0.008771	0.20202	0.002935	0.26934	-1
2305	0.33159	0.003207	0.29755	0.009053	0.20263	0.004564	0.26961	-1
2310	0.33297	0.003839	0.29831	0.008981	0.20302	0.004045	0.27098	-1
2315	0.33334	0.004082	0.29891	0.008522	0.20347	0.003259	0.27035	-1
2320	0.33325	0.004049	0.29976	0.009852	0.20377	0.003851	0.27159	-1
2325	0.33288	0.004107	0.29938	0.008577	0.20395	0.002359	0.27248	-1
2330	0.3342	0.003286	0.30144	0.008702	0.20508	0.002448	0.27201	-1
2335	0.33307	0.003977	0.3014	0.008409	0.2053	0.000791	0.27255	-1
2340	0.334	0.003802	0.30176	0.009022	0.20556	0.001317	0.27275	-1
2345	0.33441	0.003253	0.30241	0.009484	0.2066	0.001392	0.27419	-1
2350	0.33443	0.003543	0.30227	0.008948	0.20719	0.002	0.27394	-1
2355	0.33512	0.003389	0.30165	0.008451	0.20758	0.000294	0.27444	-1
2360	0.33531	0.003646	0.30267	0.009007	0.20756	0.000422	0.2747	-1
2365	0.33472	0.00376	0.30281	0.009479	0.20871	0.000398	0.2755	-1
2370	0.3356	0.003832	0.30385	0.00924	0.20862	0.000419	0.2754	-1
2375	0.33548	0.003858	0.30385	0.008864	0.20873	0.001114	0.27607	-1
2380	0.33634	0.004028	0.30472	0.009342	0.2094	0.001121	0.27681	-1
2385	0.33748	0.003588	0.30532	0.009121	0.21124	0.000338	0.27735	-1
2390	0.33716	0.00373	0.30612	0.008763	0.21185	0.000268	0.27896	-1
2395	0.33891	0.003762	0.30766	0.009247	0.21306	0.001344	0.27875	-1
2400	0.33953	0.004525	0.30774	0.008512	0.21336	0.00109	0.27987	-1
2405	0.3395	0.004252	0.30871	0.00919	0.21345	0.000716	0.27985	-1
2410	0.33957	0.003422	0.30748	0.008877	0.21358	0.000669	0.28051	-1
2415	0.34099	0.004327	0.30916	0.009887	0.21489	0.001037	0.28018	-1
2420	0.34137	0.004283	0.31049	0.009784	0.21558	0.001765	0.28101	-1
2425	0.34343	0.004295	0.31184	0.009801	0.21745	0.001971	0.28299	-1
2430	0.34328	0.004187	0.31136	0.008358	0.21779	0.001619	0.28297	-1
2435	0.34279	0.004076	0.3122	0.008932	0.2185	0.001945	0.28312	-1
2440	0.34452	0.00411	0.31195	0.009021	0.21865	0.003622	0.28387	-1
2445	0.34345	0.00406	0.31296	0.009214	0.21867	0.001291	0.28401	-1
2450	0.34353	0.004133	0.31428	0.009888	0.21953	0.001418	0.2844	-1
2455	0.34471	0.004213	0.31471	0.01005	0.21924	0.002359	0.28546	-1
2460	0.34487	0.002135	0.3148	0.005633	0.21929	0.003314	0.28537	0.000321
2465	0.34474	0.001778	0.31479	0.006306	0.21944	0.002871	0.28569	0.000188
2470	0.34319	0.003428	0.31417	0.005891	0.22005	0.002604	0.28632	0.00028
2475	0.34467	0.00338	0.31509	0.006565	0.22063	0.001834	0.28671	0.000267
2480	0.34387	0.003412	0.31585	0.006918	0.2204	0.001464	0.28705	0.000286
2485	0.34324	0.003327	0.31592	0.005943	0.22101	0.001382	0.28665	0.000363
2490	0.34396	0.00273	0.31625	0.005577	0.22137	0.001272	0.28804	0.000397
2495	0.34417	0.003665	0.31647	0.005569	0.22192	0.001024	0.2875	0.000745
2500	0.34494	0.003803	0.31765	0.006256	0.22232	0.001784	0.28848	0.000584
2505	0.34449	0.003223	0.31798	0.00613	0.22269	0.000473	0.28806	9.50E-05
2510	0.34472	0.002127	0.31889	0.006168	0.22396	0.000668	0.28932	0.000138
2515	0.34474	2.40E-05	0.31857	0.004167	0.22361	0.000203	0.28874	4.50E-05
2520	0.3446	4.00E-05	0.31852	0.004736	0.2239	0.000488	0.29042	0.000114
2525	0.34455	0.001361	0.31868	0.005306	0.22417	1.60E-05	0.29027	0.000155
2530	0.34597	0.000397	0.31976	0.005391	0.22492	0.001467	0.29081	0.002233
2535	0.34544	0.000312	0.31977	0.00492	0.22458	0.000565	0.29081	0.001693
2540	0.34607	0.000154	0.32052	0.004191	0.2253	0.000661	0.29126	0.000998
2545	0.34913	0.000303	0.32236	0.003946	0.22746	0.001183	0.29251	0.002814
2550	0.34765	0.000239	0.32196	0.003905	0.22644	1.20E-05	0.29258	0.000344
2555	0.34728	0.002699	0.32167	0.003655	0.22642	0.003659	0.29253	0.002203
2560	0.35002	0.003801	0.32346	0.004282	0.22828	0.008587	0.29377	0.004781
2565	0.34931	0.001409	0.32334	0.005815	0.22809	0.00148	0.29381	0.001281
2570	0.34825	0.001785	0.32316	0.005289	0.22759	0.000622	0.29388	0.001164
2575	0.34841	0.000322	0.32345	0.004678	0.22803	0.004133	0.29403	0.002108
2580	0.35128	0.001224	0.32532	0.002508	0.22999	0.000353	0.29552	0.000609
2585	0.34819	0.003608	0.32402	0.006629	0.22852	0.007542	0.29486	0.005345
2590	0.35466	0.003523	0.32719	0.003216	0.23227	0.004051	0.2971	0.001731
2595	0.35965	0.000282	0.32959	0.005729	0.23542	0.007647	0.29864	0.005131
2600	0.35546	0.000959	0.32684	0.003066	0.23273	0.008659	0.2965	0.006205
