300	0.046009	0.058447	0.036958	0.057868	0.034067	0.057771	0.041063	0.058139
305	0.048697	0.039156	0.04102	0.038707	0.039934	0.038797	0.043368	0.038746
310	0.051017	0.028433	0.043402	0.028484	0.038763	0.028317	0.044267	0.028564
315	0.052012	0.021104	0.043964	0.021526	0.040396	0.021527	0.045886	0.021434
320	0.052756	0.016251	0.044541	0.016432	0.040949	0.016521	0.04642	0.016332
325	0.053052	0.013048	0.044891	0.013059	0.041276	0.013088	0.047089	0.013062
330	0.054282	0.010611	0.045207	0.010672	0.040461	0.010672	0.046845	0.010673
335	0.054968	0.008928	0.045751	0.008827	0.041008	0.008806	0.047447	0.008816
340	0.055589	0.007209	0.046134	0.007443	0.040933	0.007373	0.048138	0.007442
345	0.056414	0.006154	0.046583	0.00601	0.042014	0.006185	0.048469	0.006025
350	0.057577	0.005171	0.047083	0.005174	0.041314	0.005041	0.049209	0.005235
355	0.059406	0.004409	0.048392	0.004409	0.042118	0.004447	0.049645	0.004446
360	0.059428	0.003629	0.048867	0.003747	0.042825	0.003825	0.051229	0.003791
365	0.061512	0.003246	0.049655	0.003108	0.043488	0.003216	0.051125	0.003137
370	0.063056	0.002888	0.050387	0.002829	0.0434	0.002684	0.052019	0.002823
375	0.064375	0.002545	0.051485	0.002541	0.04457	0.002519	0.053311	0.002535
380	0.066481	0.002336	0.052623	0.002347	0.045133	0.002371	0.054249	0.002365
385	0.067454	0.002279	0.053534	0.002293	0.045503	0.002317	0.055478	0.002336
390	0.069391	0.002592	0.054934	0.00255	0.046179	0.002482	0.056339	0.002594
395	0.070608	0.003194	0.055932	0.003156	0.047565	0.002963	0.057744	0.003151
400	0.072513	0.001534	0.056596	0.00149	0.046993	0.001451	0.057911	0.00158
405	0.073584	0.001248	0.057519	0.001232	0.047635	0.001168	0.058994	0.00131
410	0.075193	0.001042	0.058591	0.001027	0.048213	0.000936	0.059702	0.00114
415	0.076872	0.00094	0.059449	0.000915	0.049231	0.00091	0.060372	0.001039
420	0.077701	0.000905	0.060436	0.000841	0.049293	0.000775	0.06179	0.000968
425	0.08024	0.000853	0.061742	0.000801	0.050058	0.000774	0.062316	0.000952
430	0.081075	0.000787	0.062514	0.000771	0.050327	0.000603	0.063737	0.000945
435	0.082755	0.000748	0.06353	0.000679	0.05115	0.000665	0.064567	0.000936
440	0.084312	0.000768	0.064628	0.000712	0.051417	0.000626	0.065412	0.000909
445	0.085556	0.000737	0.065539	0.000704	0.05238	0.000623	0.066528	0.000905
450	0.087189	0.000766	0.066615	0.000688	0.05237	0.000491	0.067218	0.000903
455	0.08831	0.000694	0.067448	0.000694	0.05312	0.000636	0.068378	0.000898
460	0.089846	0.000657	0.068506	0.000689	0.05368	0.00057	0.069128	0.000881
465	0.090968	0.000674	0.069407	0.000706	0.054492	0.000573	0.07025	0.000885
470	0.092538	0.000801	0.070435	0.000682	0.055134	0.000577	0.071038	0.000882
475	0.093753	0.000806	0.071387	0.000705	0.055266	0.000455	0.072073	0.000921
480	0.09522	0.000784	0.072411	0.000715	0.055813	0.000627	0.072854	0.000936
485	0.096471	0.000774	0.073268	0.000664	0.056789	0.000661	0.073838	0.000909
490	0.097626	0.000878	0.074241	0.000722	0.056739	0.000598	0.07484	0.000952
495	0.099619	0.000835	0.075348	0.000704	0.057511	0.000459	0.075391	0.000897
500	0.10003	0.000896	0.075975	0.00072	0.057661	0.00073	0.07707	0.000923
505	0.10249	0.00092	0.077231	0.000708	0.058951	0.00065	0.077048	0.000777
510	0.10329	0.000854	0.078039	0.000741	0.058907	0.000632	0.078488	0.000829
515	0.10475	0.000908	0.079032	0.00074	0.059769	0.00053	0.079284	0.000871
520	0.10627	0.000972	0.08009	0.00073	0.060058	0.000593	0.080045	0.000885
525	0.1074	0.000995	0.080944	0.000727	0.061753	0.00058	0.081075	0.00081
530	0.10891	0.000931	0.08207	0.000714	0.061741	0.000579	0.081817	0.000813
535	0.10998	0.000948	0.082926	0.000752	0.062973	0.000514	0.083016	0.000968
540	0.11158	0.000855	0.083988	0.000763	0.062813	0.000489	0.083598	0.001009
545	0.11263	0.000849	0.084848	0.000728	0.0635	0.000604	0.084853	0.000867
550	0.11401	0.000973	0.085808	0.000781	0.063458	0.000627	0.085373	0.000884
555	0.11509	0.000943	0.086627	0.000768	0.064492	0.000436	0.08635	0.00104
560	0.11641	0.000845	0.087521	0.000778	0.064784	0.00065	0.086861	0.001022
565	0.11755	0.000842	0.088339	0.000793	0.065698	0.000565	0.087937	0.00111
570	0.11892	0.000955	0.089336	0.000822	0.065735	0.000514	0.088657	0.001108
575	0.12005	0.001014	0.090073	0.000804	0.066494	0.000684	0.089453	0.000957
580	0.1211	0.00113	0.090946	0.000751	0.066822	0.000625	0.090143	0.000948
585	0.12275	0.001198	0.091926	0.000863	0.066745	0.000586	0.090609	0.001007
590	0.12293	0.00108	0.092526	0.000822	0.067449	0.000595	0.092043	0.00102
595	0.12514	0.001058	0.093709	0.000877	0.06766	0.000648	0.091984	0.001162
600	0.12556	0.000995	0.094309	0.00089	0.068281	0.000633	0.093633	0.001198
605	0.12731	0.000924	0.095284	0.000872	0.068912	0.000607	0.093707	0.001319
610	0.12838	0.000871	0.096243	0.000831	0.069258	0.000635	0.094732	0.001358
615	0.12949	0.000883	0.097039	0.000853	0.069947	0.000679	0.095704	0.001271
620	0.1309	0.001091	0.097981	0.000844	0.069895	0.000704	0.096341	0.001322
625	0.13167	0.001006	0.098757	0.000889	0.070964	0.000579	0.097435	0.001054
630	0.133	0.001107	0.099748	0.000902	0.071168	0.000458	0.09804	0.001044
635	0.13368	0.001117	0.10049	0.000901	0.071401	0.000453	0.099047	0.001221
640	0.13507	0.000954	0.10146	0.00089	0.071559	0.000559	0.09967	0.001191
645	0.13573	0.000971	0.10211	0.000895	0.072917	0.000603	0.10063	0.001322
650	0.13713	0.001018	0.10304	0.000896	0.072883	0.000671	0.10112	0.001277
655	0.13799	0.001004	0.1037	0.00088	0.073547	0.000685	0.10214	0.001064
660	0.13913	0.001171	0.10457	0.000903	0.07346	0.000767	0.10254	0.001055
665	0.13988	0.001243	0.1052	0.000915	0.0741	0.000633	0.10341	0.001318
670	0.14114	0.001073	0.10606	0.000948	0.073569	0.000629	0.1038	0.001327
675	0.14195	0.001095	0.10678	0.000931	0.074829	0.000614	0.10488	0.001147
680	0.14276	0.001222	0.1074	0.000904	0.075196	0.000709	0.10541	0.001105
685	0.14482	0.001374	0.10856	0.001052	0.07563	0.000644	0.10557	0.001353
690	0.14423	0.001108	0.10875	0.000968	0.075228	0.000611	0.10724	0.001278
695	0.1469	0.001192	0.10999	0.001024	0.076819	0.000871	0.10688	0.001234
700	0.147	0.001347	0.11031	0.001045	0.076796	0.000809	0.10822	0.001227
705	0.14811	0.001331	0.11112	0.000962	0.077363	0.00094	0.10852	0.001083
710	0.14928	0.0007	0.11201	0.000499	0.07773	0.000382	0.10882	0.000548
715	0.14994	0.000669	0.1124	0.000508	0.078712	0.000325	0.11008	0.000626
720	0.15149	0.00061	0.11347	0.000514	0.078784	0.000344	0.11027	0.000595
725	0.15204	0.000639	0.11404	0.000509	0.079648	0.000288	0.11166	0.000632
730	0.15342	0.000666	0.11496	0.000556	0.079071	0.000304	0.11178	0.00063
735	0.15448	-1	0.11569	-1	0.079655	-1	0.11276	-1
740	0.15511	-1	0.11653	-1	0.079832	-1	0.11301	-1
745	0.15642	-1	0.11756	-1	0.080574	-1	0.1141	-1
750	0.15679	-1	0.11841	-1	0.080914	-1	0.11464	-1
755	0.15823	-1	0.11871	-1	0.080952	-1	0.11467	-1
760	0.1586	-1	0.11928	-1	0.081545	-1	0.11597	-1
765	0.16029	-1	0.12078	-1	0.081255	-1	0.11648	-1
770	0.16046	-1	0.12069	-1	0.081626	-1	0.11712	-1
775	0.16163	-1	0.12165	-1	0.082129	-1	0.11769	-1
780	0.16332	-1	0.12203	-1	0.082219	-1	0.119	-1
785	0.16356	-1	0.1228	-1	0.082711	-1	0.11945	-1
790	0.1646	-1	0.12299	-1	0.083232	-1	0.11953	-1
795	0.16429	-1	0.12359	-1	0.083424	-1	0.12023	-1
800	0.16667	-1	0.12439	-1	0.083335	-1	0.12044	-1
805	0.16729	-1	0.1249	-1	0.083822	-1	0.12122	-1
810	0.16834	-1	0.12586	-1	0.083341	-1	0.12202	-1
815	0.16886	-1	0.12611	-1	0.083255	-1	0.12149	-1
820	0.16926	-1	0.12606	-1	0.083644	-1	0.12211	-1
825	0.17067	-1	0.12706	-1	0.083396	-1	0.122	-1
830	0.17101	-1	0.12667	-1	0.083262	-1	0.12285	-1
835	0.172	-1	0.12733	-1	0.083165	-1	0.12275	-1
840	0.17219	-1	0.12688	-1	0.082643	-1	0.12342	-1
845	0.17284	-1	0.12809	-1	0.083141	-1	0.12366	-1
850	0.17375	-1	0.12827	-1	0.082968	-1	0.12331	-1
855	0.17406	-1	0.12849	-1	0.082686	-1	0.12376	-1
860	0.17491	-1	0.12823	-1	0.082829	-1	0.1239	-1
865	0.17555	-1	0.1286	-1	0.082431	-1	0.12406	-1
870	0.17585	-1	0.12862	-1	0.082573	-1	0.12447	-1
875	0.17696	-1	0.12953	-1	0.082186	-1	0.12456	-1
880	0.17704	-1	0.12883	-1	0.082195	-1	0.12457	-1
885	0.17798	-1	0.12917	-1	0.082295	-1	0.12447	-1
890	0.17775	-1	0.1295	-1	0.081949	-1	0.12517	-1
895	0.17894	-1	0.12933	-1	0.082214	-1	0.1256	-1
900	0.17964	-1	0.13009	-1	0.081881	-1	0.12527	-1
905	0.18021	-1	0.131	-1	0.082266	-1	0.12627	-1
910	0.18187	-1	0.13126	-1	0.081621	-1	0.12552	-1
915	0.18115	-1	0.13151	-1	0.081878	-1	0.12659	-1
920	0.18205	-1	0.1319	-1	0.081245	-1	0.12654	-1
925	0.18289	-1	0.13172	-1	0.08106	-1	0.12701	-1
930	0.18378	-1	0.13232	-1	0.08161	-1	0.12728	-1
935	0.18412	-1	0.13274	-1	0.081903	-1	0.12809	-1
940	0.18481	-1	0.1332	-1	0.0821	-1	0.12885	-1
945	0.18616	-1	0.13377	-1	0.082112	-1	0.12839	-1
950	0.18637	-1	0.13403	-1	0.082645	-1	0.12906	-1
955	0.18851	-1	0.13544	-1	0.082783	-1	0.1296	-1
960	0.18821	-1	0.13616	-1	0.083208	-1	0.13038	-1
965	0.18841	-1	0.13625	-1	0.083741	-1	0.1312	-1
970	0.18971	-1	0.13759	-1	0.083499	-1	0.13181	-1
975	0.19114	-1	0.13794	-1	0.08502	-1	0.13221	-1
980	0.19181	-1	0.13857	-1	0.085826	-1	0.13262	-1
985	0.19285	-1	0.13958	-1	0.086154	-1	0.13362	-1
990	0.19437	-1	0.14088	-1	0.086283	-1	0.13418	-1
995	0.19368	-1	0.14126	-1	0.087095	-1	0.13543	-1
1000	0.19494	-1	0.14196	-1	0.087036	-1	0.13592	-1
1005	0.19677	-1	0.14321	-1	0.088171	-1	0.13683	-1
1010	0.1956	-1	0.14376	-1	0.088394	-1	0.13764	-1
1015	0.19836	-1	0.1454	-1	0.08936	-1	0.1377	-1
1020	0.19829	-1	0.14533	-1	0.08999	-1	0.13981	-1
1025	0.2001	-1	0.14658	-1	0.091286	-1	0.13984	-1
1030	0.20069	-1	0.14763	-1	0.09116	-1	0.14067	-1
1035	0.20209	-1	0.14877	-1	0.092588	-1	0.14216	-1
1040	0.20277	-1	0.14904	-1	0.092223	-1	0.14161	-1
1045	0.2033	-1	0.15059	-1	0.093829	-1	0.14358	-1
1050	0.20488	-1	0.15181	-1	0.09377	-1	0.14422	-1
1055	0.20494	-1	0.15269	-1	0.095165	-1	0.14534	-1
1060	0.20703	-1	0.15322	-1	0.094513	-1	0.14616	-1
1065	0.20752	-1	0.15429	-1	0.096296	-1	0.14602	-1
1070	0.2086	-1	0.15429	-1	0.095974	-1	0.14726	-1
1075	0.20956	-1	0.15563	-1	0.096797	-1	0.14736	-1
1080	0.20925	-1	0.15627	-1	0.097243	-1	0.14854	-1
1085	0.21147	-1	0.15748	-1	0.098603	-1	0.14895	-1
1090	0.21138	-1	0.15795	-1	0.099029	-1	0.14996	-1
1095	0.21317	-1	0.15908	-1	0.099981	-1	0.15089	-1
1100	0.21296	-1	0.15955	-1	0.10043	-1	0.15135	-1
1105	0.21346	-1	0.1605	-1	0.10129	-1	0.15214	-1
1110	0.21505	-1	0.16136	-1	0.10083	-1	0.15237	-1
1115	0.21581	-1	0.16192	-1	0.10254	-1	0.15373	-1
1120	0.21715	-1	0.1628	-1	0.10136	-1	0.15451	-1
1125	0.21746	-1	0.16404	-1	0.10265	-1	0.15511	-1
1130	0.21877	-1	0.16488	-1	0.10371	-1	0.15585	-1
1135	0.21911	-1	0.16534	-1	0.10374	-1	0.15667	-1
1140	0.2201	-1	0.16663	-1	0.10455	-1	0.15682	-1
1145	0.22143	-1	0.16702	-1	0.10451	-1	0.15704	-1
1150	0.22187	-1	0.16751	-1	0.10523	-1	0.15807	-1
1155	0.2224	-1	0.16857	-1	0.10584	-1	0.15769	-1
1160	0.22366	-1	0.16907	-1	0.10639	-1	0.15894	-1
1165	0.22433	-1	0.16957	-1	0.10681	-1	0.15979	-1
1170	0.22469	-1	0.17098	-1	0.107	-1	0.16119	-1
1175	0.22523	-1	0.17102	-1	0.10744	-1	0.16085	-1
1180	0.22703	-1	0.17198	-1	0.10836	-1	0.16124	-1
1185	0.22733	-1	0.17275	-1	0.10864	-1	0.16172	-1
1190	0.22849	0.001405	0.17357	0.001236	0.10811	0.001287	0.16231	0.001333
1195	0.22927	0.001502	0.17413	0.00128	0.10907	0.001294	0.16318	0.001255
1200	0.23	0.001525	0.17497	0.001223	0.10948	0.0013	0.16388	0.001449
1205	0.23069	0.001479	0.17524	0.001283	0.11042	0.001235	0.1648	0.001501
1210	0.23125	0.001551	0.17688	0.001254	0.11104	0.001245	0.16577	0.00148
1215	0.23279	0.003048	0.1765	0.002761	0.11115	0.002581	0.16547	0.002894
1220	0.23385	0.002612	0.17838	0.002557	0.11145	0.002544	0.1666	0.002916
1225	0.23378	0.002621	0.17877	0.002635	0.11209	0.002306	0.16688	0.002821
1230	0.23425	0.00263	0.17932	0.002244	0.11249	0.002479	0.16715	0.002869
1235	0.23518	0.002696	0.17987	0.002199	0.11299	0.002148	0.16756	0.002845
1240	0.23594	0.002173	0.18079	0.002428	0.11357	0.001991	0.16873	0.002595
1245	0.2372	0.002206	0.18094	0.001994	0.11423	0.002105	0.16887	0.002814
1250	0.2376	0.002316	0.18154	0.001976	0.11467	0.001867	0.16969	0.002894
1255	0.23845	0.002348	0.18256	0.001912	0.11515	0.001868	0.17055	0.003286
1260	0.23934	0.002165	0.18372	0.001961	0.11538	0.001759	0.17092	0.002938
1265	0.24074	0.002257	0.18439	0.002144	0.1158	0.001958	0.17197	0.002997
1270	0.241	0.002548	0.18518	0.001893	0.1161	0.0017	0.17196	0.002863
1275	0.24275	0.001871	0.18608	0.001802	0.11649	0.001738	0.17356	0.002695
1280	0.24284	0.002249	0.18654	0.002104	0.11685	0.001767	0.17426	0.002572
1285	0.2436	0.002093	0.187	0.001978	0.11744	0.001616	0.17509	0.002404
1290	0.24464	0.00213	0.1882	0.001698	0.11781	0.001592	0.17603	0.002226
1295	0.24535	0.001979	0.18915	0.001827	0.11849	0.001683	0.17678	0.002135
1300	0.24654	0.002116	0.18972	0.001738	0.11912	0.001606	0.17772	0.002347
1305	0.24669	0.00237	0.19097	0.001779	0.11986	0.001567	0.17803	0.002305
1310	0.24758	0.002003	0.19151	0.001772	0.12052	0.001535	0.17883	0.002313
1315	0.2483	0.002122	0.19264	0.001873	0.12139	0.001735	0.17893	0.002419
1320	0.24895	0.002243	0.19311	0.001823	0.12181	0.001759	0.17978	0.002664
1325	0.24975	0.001749	0.19422	0.001726	0.12227	0.001692	0.18016	0.002369
1330	0.25107	0.00185	0.19471	0.001803	0.12263	0.001656	0.18085	0.002373
1335	0.25224	0.00197	0.19558	0.001848	0.12316	0.001649	0.18208	0.002113
1340	0.25287	0.00221	0.19656	0.001776	0.12351	0.001659	0.18244	0.002057
1345	0.25297	0.002182	0.19717	0.001873	0.12411	0.001654	0.18356	0.001937
1350	0.25399	0.00234	0.198	0.001827	0.12459	0.00151	0.18407	0.001878
1355	0.25365	0.002332	0.19822	0.001931	0.12531	0.001578	0.1846	0.002661
1360	0.25503	0.002594	0.19916	0.001924	0.12593	0.001475	0.18495	0.002687
1365	0.25649	0.00272	0.19977	0.002	0.12683	0.001725	0.18488	0.002619
1370	0.25654	0.002221	0.20128	0.002061	0.12738	0.001869	0.1857	0.002873
1375	0.2582	0.002046	0.20167	0.002176	0.12803	0.001673	0.18622	0.002729
1380	0.25788	0.002426	0.20271	0.001953	0.12842	0.001912	0.18744	0.002777
1385	0.26001	0.002236	0.20358	0.002016	0.12897	0.001923	0.18814	0.00298
1390	0.26083	0.002215	0.20389	0.00198	0.12937	0.001886	0.18805	0.002328
1395	0.26056	0.002104	0.20465	0.002004	0.13004	0.001789	0.18983	0.002891
1400	0.26096	0.002394	0.20483	0.001988	0.13079	0.002051	0.19018	0.00263
1405	0.26161	0.002229	0.20641	0.002228	0.13146	0.001892	0.19023	0.002718
1410	0.26276	0.002094	0.20656	0.002111	0.13218	0.001867	0.19113	0.003298
1415	0.26396	0.002138	0.2075	0.002094	0.13274	0.001915	0.19185	0.003242
1420	0.26355	0.002179	0.20815	0.002173	0.13316	0.002072	0.19279	0.002447
1425	0.26568	0.002296	0.20905	0.00193	0.13334	0.001615	0.19317	0.002333
1430	0.26526	0.002493	0.20967	0.001867	0.13392	0.001736	0.19456	0.002057
1435	0.26733	0.002356	0.21036	0.001953	0.13443	0.001619	0.1948	0.002714
1440	0.26765	0.002531	0.21125	0.002209	0.13496	0.001772	0.19567	0.002421
1445	0.26823	0.002704	0.21238	0.001763	0.13544	0.001705	0.19564	0.00332
1450	0.26844	0.002462	0.21276	0.002	0.13598	0.001743	0.19675	0.003008
1455	0.26935	0.002262	0.21319	0.001933	0.13658	0.001889	0.19682	0.002935
1460	0.27031	0.002376	0.21428	0.001921	0.13702	0.00175	0.19684	0.003108
1465	0.27089	0.002342	0.21466	0.002034	0.13766	0.00183	0.1985	0.00268
1470	0.27156	0.002199	0.21611	0.001927	0.13821	0.001527	0.19891	0.00238
1475	0.27218	0.002118	0.21629	0.002065	0.13916	0.00164	0.19995	0.002524
1480	0.2731	0.002477	0.21728	0.001996	0.13962	0.001586	0.20022	0.003057
1485	0.27329	0.002607	0.21762	0.001997	0.14036	0.001595	0.20024	0.003461
1490	0.27434	0.002209	0.21808	0.00194	0.14075	0.001681	0.20033	0.003201
1495	0.27488	0.002186	0.21881	0.002003	0.14144	0.001716	0.20199	0.002734
1500	0.2752	0.0024	0.2196	0.001988	0.14158	0.001514	0.20266	0.003258
1505	0.27634	0.002433	0.22027	0.001959	0.14232	0.001558	0.20304	0.003045
1510	0.27709	0.002687	0.22147	0.002184	0.14272	0.001422	0.20321	0.00321
1515	0.27709	0.002458	0.22163	0.001818	0.1433	0.001597	0.20345	0.003358
1520	0.27839	0.002603	0.22271	0.001774	0.14365	0.001769	0.20411	0.003442
1525	0.27826	0.002476	0.22315	0.001817	0.14423	0.001714	0.20393	0.00309
1530	0.28	0.002822	0.22403	0.001842	0.14457	0.0017	0.20502	0.003269
1535	0.27977	0.002561	0.22395	0.002286	0.14531	0.001601	0.20656	0.003413
1540	0.28053	0.002587	0.22478	0.002155	0.14591	0.001728	0.20716	0.002801
1545	0.28126	0.00232	0.2252	0.00189	0.14655	0.001841	0.20795	0.003207
1550	0.28172	0.002607	0.22563	0.00206	0.14711	0.001771	0.20884	0.003362
1555	0.2823	0.003032	0.22687	0.002052	0.14762	0.001657	0.2079	0.003152
1560	0.28356	0.003445	0.22736	0.001897	0.14781	0.001627	0.20852	0.003005
1565	0.2837	0.003118	0.22746	0.00213	0.14809	0.001817	0.20854	0.003533
1570	0.28438	0.002776	0.22831	0.002137	0.14818	0.001682	0.20854	0.004144
1575	0.28467	0.002948	0.22937	0.002274	0.14856	0.00167	0.20965	0.003819
1580	0.28557	0.002635	0.22909	0.002111	0.14897	0.001809	0.20996	0.00377
1585	0.28632	0.002819	0.23043	0.002263	0.1494	0.001985	0.2107	0.003548
1590	0.28733	0.002647	0.23045	0.00277	0.14956	0.002159	0.2118	0.003177
1595	0.28776	0.002871	0.23122	0.00233	0.15015	0.001993	0.21227	0.003422
1600	0.28785	0.002645	0.23167	0.002324	0.15029	0.001824	0.21264	0.003289
1605	0.28868	0.003025	0.2319	0.002167	0.15041	0.002083	0.21223	0.003159
1610	0.28865	0.002493	0.23231	0.002354	0.15058	0.002335	0.21311	0.003376
1615	0.28977	0.003023	0.23315	0.002409	0.15097	0.002386	0.21381	0.003211
1620	0.29063	0.00285	0.23408	0.002356	0.15107	0.00208	0.21425	0.003173
1625	0.29064	0.002729	0.23486	0.002228	0.15145	0.001947	0.21506	0.002559
1630	0.29116	0.003236	0.23473	0.002213	0.15177	0.002496	0.21507	0.002461
1635	0.29162	0.003886	0.23508	0.002357	0.15225	0.002076	0.21662	0.003109
1640	0.29211	0.003456	0.23575	0.002215	0.15268	0.002022	0.21678	0.002609
1645	0.29232	0.003304	0.23589	0.002132	0.15347	0.002001	0.21605	0.003309
1650	0.29245	0.00265	0.23677	0.002256	0.15388	0.00188	0.21654	0.00265
1655	0.2941	0.002827	0.23733	0.002377	0.15401	0.001903	0.21635	0.00305
1660	0.29403	0.002638	0.23763	0.002358	0.15396	0.002128	0.21764	0.003058
1665	0.29479	0.003034	0.23863	0.002445	0.15367	0.001954	0.21759	0.00302
1670	0.2945	0.003043	0.23844	0.002322	0.15384	0.002016	0.21862	0.002941
1675	0.2955	0.002701	0.23985	0.002104	0.15452	0.00171	0.21835	0.002893
1680	0.29547	0.002842	0.23971	0.002226	0.15438	0.001548	0.21928	0.002434
1685	0.29645	0.002743	0.23996	0.001992	0.154	0.00178	0.21897	0.002649
1690	0.29646	0.002718	0.24068	0.002176	0.1543	0.001638	0.22069	0.002326
1695	0.29771	0.003149	0.24101	0.002357	0.15436	0.001688	0.21983	0.002621
1700	0.29773	0.002886	0.24145	0.001989	0.15482	0.001584	0.2203	0.002461
1705	0.29807	0.00302	0.24189	0.001998	0.15382	0.001632	0.22087	0.00308
1710	0.29876	0.003128	0.24247	0.002198	0.15442	0.001735	0.22159	0.002665
1715	0.2986	0.003028	0.24268	0.001906	0.15496	0.001647	0.22212	0.003222
1720	0.29968	0.003163	0.24406	0.001915	0.15371	0.001832	0.222	0.00313
1725	0.29995	0.003172	0.24335	0.001978	0.15481	0.001608	0.22243	0.002903
1730	0.30055	0.002771	0.24363	0.00181	0.15447	0.001566	0.22214	0.003102
1735	0.30069	0.003012	0.24456	0.001822	0.1552	0.00167	0.22291	0.002865
1740	0.3015	0.00211	0.24495	0.002011	0.15421	0.001719	0.22296	0.0032
1745	0.3022	0.002469	0.24475	0.001868	0.15542	0.001822	0.22419	0.002886
1750	0.30315	0.002487	0.24593	0.002056	0.15477	0.00166	0.22345	0.003027
1755	0.30253	0.002209	0.24646	0.002062	0.15487	0.001688	0.22414	0.002669
1760	0.30319	0.002828	0.24679	0.001841	0.15598	0.001749	0.2245	0.002674
1765	0.30416	0.002809	0.24706	0.001918	0.15531	0.001785	0.2249	0.002384
1770	0.30409	0.003086	0.24725	0.001833	0.15524	0.001901	0.2261	0.002591
1775	0.30435	0.003617	0.24816	0.001795	0.15593	0.001857	0.22529	0.002321
1780	0.30442	0.003641	0.24754	0.001982	0.15573	0.001773	0.22654	0.002456
1785	0.30521	0.004001	0.2484	0.002194	0.15517	0.002091	0.22603	0.002579
1790	0.30526	0.003819	0.24893	0.002058	0.15519	0.002071	0.22731	0.002523
1795	0.30711	0.00352	0.24916	0.001923	0.15527	0.001894	0.22724	0.002359
1800	0.30572	0.004287	0.24962	0.002114	0.15622	0.001898	0.22811	0.002403
1805	0.30616	0.003946	0.24993	0.002015	0.15611	0.002014	0.22732	0.002682
1810	0.30647	0.00398	0.24991	0.002311	0.15604	0.002002	0.22851	0.00244
1815	0.30751	0.003998	0.25096	0.002242	0.15589	0.001929	0.22894	0.002744
1820	0.30654	0.003908	0.25127	0.002318	0.156	0.002175	0.22921	0.00295
1825	0.30844	0.0045	0.25118	0.002252	0.15623	0.001998	0.22899	0.002386
1830	0.3076	0.004137	0.25214	0.002306	0.15632	0.002346	0.22882	0.002502
1835	0.308	0.004723	0.25306	0.002016	0.1568	0.002302	0.23036	0.002725
1840	0.3098	0.004787	0.25371	0.002343	0.15581	0.002414	0.22898	0.002864
1845	0.30975	0.004078	0.25302	0.002212	0.15683	0.002255	0.22969	0.002833
1850	0.31078	0.00461	0.25378	0.002285	0.15639	0.002452	0.23024	0.002876
1855	0.31082	0.004331	0.25404	0.002479	0.15723	0.002403	0.23104	0.002222
1860	0.31097	0.003711	0.25436	0.002339	0.15736	0.002402	0.23145	0.002147
1865	0.3118	0.003065	0.25619	0.002421	0.15791	0.00229	0.23137	0.002045
1870	0.31277	0.003303	0.25611	0.002429	0.15807	0.002388	0.23143	0.002506
1875	0.31325	0.002873	0.25695	0.002571	0.1586	0.002528	0.23189	0.002522
1880	0.31332	0.002774	0.2567	0.002411	0.15874	0.002259	0.23229	0.002083
1885	0.31471	0.002989	0.25718	0.002185	0.15903	0.002009	0.23185	0.002383
1890	0.31459	0.002753	0.25668	0.00242	0.15956	0.002374	0.23314	0.002418
1895	0.31463	0.002692	0.25767	0.002321	0.15993	0.002121	0.23369	0.001981
1900	0.31508	0.002883	0.25795	0.002382	0.15989	0.002006	0.23402	0.002238
1905	0.31551	0.002664	0.25854	0.002513	0.16023	0.002353	0.23419	0.002515
1910	0.31543	0.002493	0.25891	0.002234	0.16031	0.002058	0.23412	0.002388
1915	0.31551	0.002524	0.25939	0.002283	0.1605	0.002363	0.23454	0.002285
1920	0.31553	0.002851	0.25957	0.00252	0.16056	0.002097	0.23562	0.002337
1925	0.31716	0.003111	0.26002	0.002339	0.16134	0.002274	0.23429	0.002276
1930	0.31704	0.002947	0.26134	0.002399	0.16104	0.002214	0.23465	0.002161
1935	0.31718	0.003213	0.26099	0.002501	0.16176	0.002016	0.23601	0.002454
1940	0.31856	0.003261	0.26269	0.002218	0.16183	0.0023	0.23562	0.002553
1945	0.31861	0.002927	0.26283	0.002206	0.16314	0.001956	0.23681	0.002232
1950	0.31942	0.003719	0.26282	0.002443	0.16259	0.00217	0.23657	0.002254
1955	0.31919	0.003801	0.26328	0.002449	0.16352	0.00216	0.23822	0.002116
1960	0.31922	0.003507	0.26386	0.002292	0.16327	0.002086	0.23856	0.002301
1965	0.32032	0.003069	0.264	0.002488	0.16412	0.002313	0.23857	0.002418
1970	0.31986	0.003727	0.26431	0.002851	0.1644	0.002392	0.23975	0.002136
1975	0.32038	0.003019	0.26502	0.002659	0.16506	0.002418	0.2389	0.002375
1980	0.32102	0.003541	0.26518	0.002444	0.16515	0.002237	0.24028	0.002389
1985	0.32199	0.003687	0.26582	0.002458	0.16515	0.00225	0.24005	0.002245
1990	0.32169	0.003463	0.26625	0.002566	0.16532	0.00211	0.24047	0.002229
1995	0.32245	0.004238	0.2673	0.002267	0.16589	0.002278	0.24147	0.002327
2000	0.32195	0.004004	0.26744	0.002471	0.1661	0.002591	0.24212	0.002299
2005	0.32335	0.004307	0.26729	0.003021	0.16703	0.002417	0.24211	0.002485
2010	0.3244	0.00404	0.26838	0.002766	0.16687	0.002421	0.24172	0.002384
2015	0.32407	0.004501	0.26928	0.002672	0.16814	0.002368	0.24274	0.002583
2020	0.32498	0.004892	0.26982	0.002878	0.16712	0.00301	0.24283	0.00254
2025	0.32497	0.004728	0.27019	0.002926	0.16886	0.002371	0.24419	0.002451
2030	0.32669	0.00463	0.27075	0.00297	0.16914	0.00227	0.24324	0.00274
2035	0.32556	0.004525	0.27126	0.002654	0.16986	0.002665	0.24405	0.002496
2040	0.3267	0.004609	0.27252	0.002616	0.1695	0.002542	0.24448	0.00275
2045	0.32598	0.005099	0.27239	0.0026	0.17046	0.002738	0.24493	0.002773
2050	0.32688	0.005288	0.2727	0.003172	0.16989	0.00247	0.24544	0.002619
2055	0.32696	0.005294	0.27281	0.002855	0.17	0.002603	0.24624	0.003045
2060	0.32675	0.003947	0.27295	0.002781	0.17068	0.002896	0.24607	0.00266
2065	0.32844	0.003988	0.2742	0.002534	0.17094	0.002965	0.24669	0.002335
2070	0.3291	0.003309	0.27457	0.003155	0.17121	0.00267	0.24789	0.002805
2075	0.32939	0.003209	0.27543	0.002778	0.17319	0.002574	0.24819	0.002202
2080	0.32888	0.003731	0.27497	0.002762	0.17345	0.002421	0.24804	0.003028
2085	0.33007	0.003523	0.27575	0.003068	0.17339	0.002553	0.24903	0.002656
2090	0.33152	0.003987	0.27612	0.002899	0.17394	0.002524	0.25012	0.00253
2095	0.33165	0.003826	0.27736	0.002915	0.17436	0.002648	0.25024	0.00278
2100	0.33235	0.003103	0.27734	0.002978	0.17487	0.002858	0.25004	0.002808
2105	0.33122	0.003089	0.27746	0.002462	0.17606	0.001758	0.25111	0.002454
2110	0.33366	0.003732	0.27903	0.002228	0.17618	0.002039	0.25078	0.002481
2115	0.33271	0.004142	0.28033	0.002386	0.17627	0.001977	0.25223	0.00254
2120	0.33443	0.003879	0.28008	0.002472	0.17646	0.001824	0.25158	0.002288
2125	0.33381	0.004052	0.28084	0.002405	0.17744	0.002235	0.25288	0.002289
2130	0.33502	0.004254	0.2814	0.002396	0.17818	0.002454	0.25331	0.002528
2135	0.33481	0.004023	0.28222	0.002521	0.17851	0.002065	0.25315	0.002679
2140	0.3353	0.003488	0.28275	0.002315	0.17919	0.001978	0.25415	0.002285
2145	0.33616	0.003325	0.28304	0.002491	0.17995	0.002154	0.25496	0.002338
2150	0.33558	0.003464	0.28353	0.00209	0.1799	0.002069	0.25545	0.002299
2155	0.33686	0.003485	0.28473	0.002518	0.1809	0.001907	0.25588	0.003432
2160	0.33621	0.004198	0.28485	0.002288	0.181	0.001886	0.25641	0.00316
2165	0.33724	0.004196	0.28609	0.002896	0.18192	0.001928	0.25585	0.002831
2170	0.33676	0.004739	0.28586	0.002303	0.18237	0.001932	0.25683	0.002998
2175	0.33737	0.004332	0.28647	0.002396	0.18354	0.0021	0.25789	0.003044
2180	0.3377	0.004489	0.28703	0.002362	0.18351	0.002123	0.25834	0.002849
2185	0.33896	0.004752	0.28757	0.00242	0.18407	0.001887	0.25839	0.00305
2190	0.33941	0.004746	0.28855	0.002516	0.18457	0.001989	0.25977	0.00307
2195	0.33986	0.00448	0.28952	0.002473	0.18568	0.001956	0.26026	0.002797
2200	0.34172	0.003773	0.28998	0.002509	0.18553	0.001965	0.26097	0.00281
2205	0.34141	0.003395	0.29147	0.002781	0.18654	0.002188	0.26223	0.00295
2210	0.34321	0.003127	0.2918	0.002695	0.18677	0.002144	0.26248	0.002647
2215	0.34235	0.002406	0.29238	0.002348	0.18735	0.002105	0.26288	0.002583
2220	0.34343	0.00318	0.29348	0.002806	0.18793	0.002324	0.26289	0.002253
2225	0.34331	0.002799	0.29385	0.002306	0.18898	0.001847	0.26463	0.002595
2230	0.34479	0.00273	0.29436	0.002521	0.18884	0.001981	0.26465	0.002464
2235	0.34535	0.00295	0.29549	0.002364	0.1904	0.001866	0.26467	0.002223
2240	0.34615	0.002722	0.29579	0.002217	0.19148	0.002009	0.26555	0.002482
2245	0.34672	0.003346	0.2969	0.002853	0.19178	0.002053	0.26541	0.002436
2250	0.34621	0.003362	0.29664	0.002621	0.19209	0.002047	0.26697	0.002505
2255	0.34722	0.003269	0.29801	0.002719	0.19233	0.002123	0.26656	0.00219
2260	0.34762	0.002896	0.29875	0.002914	0.19272	0.002154	0.26862	0.002395
2265	0.34863	0.003242	0.29951	0.002774	0.19387	0.002229	0.26793	0.00261
2270	0.34864	0.002645	0.29943	0.003078	0.19466	0.002457	0.26938	0.002516
2275	0.34984	0.002849	0.30058	0.002624	0.19527	0.002168	0.26934	0.002326
2280	0.34944	0.002681	0.30104	0.002734	0.1961	0.002545	0.27041	0.002462
2285	0.3506	0.002813	0.30208	0.002942	0.1971	0.002215	0.27075	0.002463
2290	0.35123	0.002694	0.30328	0.003032	0.19751	0.002107	0.27176	0.002327
2295	0.352	0.002958	0.30252	0.0027	0.19786	0.002029	0.27262	0.002457
2300	0.35272	0.003337	0.30481	0.002752	0.19836	0.001973	0.27273	0.002589
2305	0.35245	0.003238	0.30529	0.002699	0.20054	0.002142	0.27381	0.002698
2310	0.35383	0.003715	0.30574	0.002556	0.19956	0.002145	0.27339	0.002462
2315	0.3523	0.003454	0.30648	0.003357	0.20049	0.002135	0.27513	0.002836
2320	0.3537	0.004146	0.30622	0.002946	0.20006	0.002281	0.27467	0.00261
2325	0.35335	0.003227	0.30667	0.002987	0.20101	0.00233	0.2754	0.00286
2330	0.35349	0.003281	0.30732	0.003155	0.20123	0.002205	0.27519	0.002727
2335	0.35389	0.003632	0.30863	0.003237	0.20218	0.002307	0.27544	0.002848
2340	0.35425	0.002846	0.30789	0.002891	0.20185	0.002547	0.27626	0.002863
2345	0.35453	0.002838	0.3091	0.003175	0.20209	0.002548	0.27659	0.002717
2350	0.35474	0.002934	0.30924	0.002872	0.20312	0.00282	0.277	0.00308
2355	0.35523	0.002968	0.30917	0.003617	0.20502	0.002381	0.27733	0.003836
2360	0.35511	0.003964	0.30931	0.00337	0.2051	0.002594	0.27862	0.003566
2365	0.35535	0.003617	0.30992	0.003304	0.20564	0.00292	0.278	0.003335
2370	0.35508	0.003568	0.31107	0.003161	0.20608	0.00294	0.27944	0.003772
2375	0.35642	0.003278	0.31128	0.003459	0.20579	0.002767	0.27947	0.003106
2380	0.35625	0.002934	0.31223	0.003008	0.20665	0.002913	0.2808	0.003883
2385	0.35709	0.003101	0.31276	0.00382	0.20673	0.002754	0.2808	0.003244
2390	0.35909	0.003057	0.31323	0.003092	0.20738	0.003058	0.28066	0.003697
2395	0.35877	0.003367	0.31425	0.00392	0.20766	0.003224	0.28146	0.003597
2400	0.35896	0.003214	0.31481	0.003472	0.20794	0.003204	0.28194	0.003421
2405	0.35929	0.003301	0.31582	0.004152	0.20935	0.002845	0.28257	0.003299
2410	0.36052	0.003462	0.3169	0.003831	0.20958	0.003081	0.28236	0.003739
2415	0.36043	0.003336	0.31619	0.003759	0.21173	0.00262	0.28335	0.0036
2420	0.36117	0.003407	0.317	0.003297	0.21186	0.003243	0.28403	0.003205
2425	0.36221	0.003528	0.31786	0.003687	0.21239	0.003203	0.28346	0.003528
2430	0.36233	0.003796	0.31913	0.003526	0.21269	0.003075	0.28543	0.00387
2435	0.36305	0.003674	0.31967	0.003466	0.21328	0.002772	0.2853	0.003699
2440	0.36296	0.003682	0.31846	0.003539	0.21332	0.003119	0.28577	0.003412
2445	0.36305	0.004627	0.31927	0.003602	0.21487	0.003525	0.28589	0.003421
2450	0.36303	0.004852	0.31916	0.003377	0.21586	0.003202	0.28692	0.003568
2455	0.36335	0.003916	0.32139	0.003308	0.21535	0.002137	0.28779	0.003454
2460	0.36312	0.003949	0.32109	0.002751	0.21557	0.002531	0.28732	0.002982
2465	0.36449	0.003909	0.32251	0.003308	0.21598	0.002777	0.28883	0.003494
2470	0.36359	0.004109	0.32241	0.002682	0.21625	0.002409	0.28863	0.003303
2475	0.36406	0.004365	0.32285	0.003054	0.21784	0.002414	0.28885	0.002721
2480	0.36553	0.003526	0.3247	0.003003	0.21815	0.00228	0.28946	0.002816
2485	0.36422	0.003718	0.32404	0.003189	0.21964	0.002628	0.29203	0.003116
2490	0.36472	0.003687	0.32434	0.004205	0.21892	0.002849	0.28963	0.003757
2495	0.36511	0.002762	0.32498	0.003018	0.21995	0.002162	0.28989	0.003506
2500	0.36607	0.0026	0.32743	0.003593	0.21969	0.002608	0.29086	0.003873
2505	0.36622	0.003004	0.32491	0.003137	0.2214	0.002687	0.29277	0.00382
2510	0.36656	0.003096	0.32797	0.003392	0.22064	0.002368	0.29236	0.003225
2515	0.3667	0.003397	0.32717	0.003692	0.22223	0.002368	0.29328	0.003609
2520	0.36672	0.003951	0.3272	0.004456	0.22193	0.002985	0.29098	0.003524
2525	0.36608	0.003872	0.32777	0.003623	0.22289	0.002534	0.29389	0.003836
2530	0.36666	0.003847	0.32893	0.003224	0.22309	0.002864	0.29618	0.003576
2535	0.3668	0.004047	0.32767	0.004625	0.22384	0.003207	0.2949	0.004435
2540	0.36719	0.003867	0.33016	0.003623	0.22425	0.002718	0.29624	0.004328
2545	0.36907	0.004383	0.3316	0.004843	0.22397	0.003397	0.29572	0.005156
2550	0.3685	0.004695	0.33262	0.004261	0.22544	0.003843	0.29744	0.004552
2555	0.36939	0.005077	0.3335	0.00472	0.22577	0.003634	0.29735	0.004371
2560	0.37043	0.005814	0.33343	0.004511	0.22563	0.004376	0.29692	0.004778
2565	0.37051	0.007118	0.33302	0.006408	0.22605	0.005601	0.2978	0.005869
2570	0.36986	0.005191	0.33303	0.005678	0.22696	0.004849	0.29866	0.005276
2575	0.37041	0.005439	0.3321	0.005594	0.22762	0.005203	0.29951	0.00494
2580	0.37137	0.004701	0.33514	0.005232	0.22785	0.004845	0.29934	0.004748
2585	0.37036	0.006952	0.33507	0.006488	0.23012	0.006467	0.30203	0.007438
2590	0.37332	0.006074	0.33489	0.006757	0.22943	0.006022	0.30052	0.006476
2595	0.37558	0.006979	0.33777	0.007572	0.22854	0.006541	0.29853	0.006932
2600	0.37801	0.006055	0.33654	0.006588	0.23064	0.005208	0.3012	0.005786
