300.00	0.034411	0.31640	0.034922	0.31744	0.034046	0.31673	0.036449	0.31661
305.00	0.034124	0.20901	0.034130	0.20913	0.034602	0.20930	0.033238	0.20978
310.00	0.033838	0.15359	0.033339	0.15405	0.035000	0.15391	0.033613	0.15412
315.00	0.033215	0.11924	0.032251	0.11870	0.035500	0.11901	0.033053	0.11889
320.00	0.033380	0.094404	0.032655	0.094613	0.035900	0.094582	0.032825	0.094517
325.00	0.034552	0.077380	0.033419	0.077538	0.036328	0.077483	0.034109	0.077441
330.00	0.035199	0.064008	0.034263	0.064044	0.036773	0.064119	0.035413	0.063996
335.00	0.036019	0.054010	0.034949	0.053757	0.036873	0.053821	0.036188	0.053842
340.00	0.036851	0.045254	0.035715	0.045383	0.037614	0.045338	0.036177	0.045298
345.00	0.037519	0.038070	0.036276	0.038102	0.037734	0.038061	0.036989	0.037995
350.00	0.038103	0.031961	0.036523	0.032025	0.038337	0.031941	0.037880	0.032031
355.00	0.038728	0.026692	0.037008	0.026743	0.038726	0.026685	0.038443	0.026683
360.00	0.039441	0.022444	0.037807	0.022507	0.039148	0.022462	0.039101	0.022431
365.00	0.039869	0.018912	0.038131	0.018929	0.039528	0.018931	0.039533	0.018924
370.00	0.040419	0.016430	0.038558	0.016404	0.039919	0.016426	0.040055	0.016434
375.00	0.040639	0.014616	0.039055	0.014620	0.040277	0.014618	0.040375	0.014624
380.00	0.041545	0.013669	0.039488	0.013667	0.040674	0.013672	0.041073	0.013662
385.00	0.041808	0.013661	0.039829	0.013674	0.041008	0.013652	0.041519	0.013678
390.00	0.042419	0.015243	0.040356	0.015229	0.041322	0.015268	0.042222	0.015283
395.00	0.043102	0.019343	0.040742	0.019321	0.042012	0.019328	0.042839	0.019318
400.00	0.044495	0.0078920	0.041919	0.0078730	0.042750	0.0078850	0.043507	0.0078790
405.00	0.044966	0.0062000	0.042305	0.0062020	0.043041	0.0061870	0.043899	0.0062180
410.00	0.045542	0.0049710	0.042786	0.0049620	0.043531	0.0049750	0.044482	0.0049810
415.00	0.046192	0.0041190	0.043101	0.0041440	0.043729	0.0041450	0.044845	0.0041570
420.00	0.046740	0.0035310	0.043730	0.0035220	0.044126	0.0035230	0.045380	0.0035600
425.00	0.047423	0.0031160	0.044150	0.0031410	0.044538	0.0031390	0.045994	0.0031590
430.00	0.048041	0.0028100	0.044630	0.0028050	0.044835	0.0028040	0.046608	0.0028310
435.00	0.048507	0.0025300	0.044995	0.0025540	0.045123	0.0025470	0.046932	0.0025650
440.00	0.049048	0.0023270	0.045312	0.0023200	0.045396	0.0023190	0.047283	0.0023760
445.00	0.050073	0.0021710	0.046132	0.0021760	0.045924	0.0021780	0.047960	0.0021990
450.00	0.050358	0.0020130	0.046263	0.0020340	0.046183	0.0020280	0.048341	0.0020530
455.00	0.051445	0.0019320	0.047090	0.0019370	0.046796	0.0019220	0.048791	0.0019580
460.00	0.051590	0.0018010	0.047216	0.0018120	0.046925	0.0018010	0.049101	0.0018940
465.00	0.052661	0.0017270	0.047975	0.0017350	0.047428	0.0017130	0.049644	0.0017860
470.00	0.053016	0.0016340	0.048247	0.0016580	0.047643	0.0016560	0.050068	0.0016780
475.00	0.053680	0.0015700	0.048719	0.0015800	0.047942	0.0015460	0.050381	0.0016770
480.00	0.054262	0.0014980	0.049125	0.0015060	0.048189	0.0014940	0.050869	0.0016370
485.00	0.054732	0.0014420	0.049518	0.0014280	0.048504	0.0014380	0.051339	0.0015600
490.00	0.055395	0.0013940	0.050002	0.0014160	0.048854	0.0013960	0.051724	0.0015130
495.00	0.055723	0.0013570	0.050256	0.0013560	0.049107	0.0013500	0.052112	0.0015110
500.00	0.056431	0.0013030	0.050678	0.0013160	0.049390	0.0013240	0.052659	0.0014400
505.00	0.056886	0.0012630	0.051001	0.0012820	0.049584	0.0012630	0.052988	0.0013580
510.00	0.057407	0.0012190	0.051394	0.0012280	0.049851	0.0012440	0.053436	0.0013530
515.00	0.057947	0.0012180	0.051855	0.0012090	0.050178	0.0012210	0.053894	0.0013450
520.00	0.058515	0.0011890	0.052333	0.0012130	0.050518	0.0011730	0.054342	0.0012820
525.00	0.059046	0.0011330	0.052703	0.0011400	0.050869	0.0011320	0.054927	0.0012590
530.00	0.059671	0.0011140	0.053214	0.0011470	0.051304	0.0011150	0.055481	0.0011690
535.00	0.060170	0.0010880	0.053561	0.0011410	0.051609	0.0010960	0.055833	0.0012130
540.00	0.060685	0.0010560	0.053998	0.0011070	0.051980	0.0010760	0.056117	0.0013150
545.00	0.061175	0.0010660	0.054411	0.0010680	0.052235	0.0010370	0.056725	0.0012230
550.00	0.061690	0.0010330	0.054821	0.0010870	0.052549	0.0010450	0.057191	0.0011470
555.00	0.062168	0.0010420	0.055158	0.0010440	0.052851	0.0010500	0.057563	0.0012070
560.00	0.062772	0.0010490	0.055604	0.0010460	0.053222	0.0010650	0.057968	0.0012860
565.00	0.063264	0.0010400	0.055970	0.0010540	0.053557	0.0010590	0.058319	0.0012480
570.00	0.063790	0.0010650	0.056380	0.0011090	0.053918	0.0010520	0.058816	0.0012120
575.00	0.064295	0.0010710	0.056780	0.0010890	0.054284	0.0010870	0.059166	0.0013050
580.00	0.064781	0.0010720	0.057135	0.0010900	0.054520	0.0010980	0.059591	0.0012510
585.00	0.065516	0.0010980	0.057687	0.0010890	0.054907	0.0010950	0.060027	0.0013530
590.00	0.065585	0.0010740	0.057846	0.0011510	0.055018	0.0010860	0.060197	0.0013720
595.00	0.066743	0.0011070	0.058614	0.0011100	0.055678	0.0011050	0.060903	0.0013330
600.00	0.066813	0.0011070	0.058741	0.0011610	0.055749	0.0011210	0.061273	0.0012770
605.00	0.068233	0.0011620	0.059704	0.0011640	0.056527	0.0011530	0.061732	0.0014210
610.00	0.068162	0.0011180	0.059750	0.0011600	0.056672	0.0011050	0.062154	0.0013280
615.00	0.069218	0.0011220	0.060586	0.0011580	0.057308	0.0011030	0.062693	0.0013920
620.00	0.069371	0.0011420	0.060718	0.0011670	0.057445	0.0011090	0.062955	0.0014380
625.00	0.069946	0.0011610	0.061106	0.0011870	0.057812	0.0011220	0.063502	0.0014050
630.00	0.070476	0.0011740	0.061653	0.0011990	0.058253	0.0011260	0.064100	0.0013480
635.00	0.070676	0.0011580	0.061808	0.0012390	0.058435	0.0011460	0.064283	0.0014530
640.00	0.071363	0.0012090	0.062344	0.0012100	0.058814	0.0011650	0.064617	0.0015910
645.00	0.071442	0.0012210	0.062442	0.0012320	0.058943	0.0012090	0.065055	0.0015220
650.00	0.072203	0.0012630	0.062977	0.0012890	0.059392	0.0012460	0.065615	0.0014600
655.00	0.072372	0.0012950	0.063168	0.0013310	0.059424	0.0012810	0.065847	0.0015590
660.00	0.073019	0.0013300	0.063649	0.0013660	0.059746	0.0013390	0.066205	0.0015990
665.00	0.073263	0.0013900	0.063772	0.0014240	0.059933	0.0013910	0.066484	0.0016650
670.00	0.073928	0.0014600	0.064290	0.0015150	0.060304	0.0014770	0.066813	0.0017570
675.00	0.074143	0.0015090	0.064529	0.0015530	0.060547	0.0015320	0.067287	0.0017540
680.00	0.074716	0.0016060	0.064860	0.0016310	0.060822	0.0016280	0.067732	0.0017450
685.00	0.075035	0.0016770	0.065232	0.0017150	0.061061	0.0016820	0.068075	0.0018260
690.00	0.075713	0.0017390	0.065604	0.0017820	0.061410	0.0017630	0.068375	0.0019960
695.00	0.075948	0.0018140	0.065830	0.0018310	0.061693	0.0018180	0.068852	0.0019580
700.00	0.076442	0.0019010	0.066194	0.0019410	0.061888	0.0019120	0.069243	0.0019820
705.00	0.076992	0.0019960	0.066610	0.0020150	0.062385	0.0019990	0.069548	0.0021620
710.00	0.077256	0.0020890	0.066846	0.0021430	0.062621	0.0021170	0.070038	0.0021870
715.00	0.078245	0.0022260	0.067715	0.0022500	0.063221	0.0022210	0.070373	0.0023620
720.00	0.078150	0.0023170	0.067518	0.0023320	0.063294	0.0023130	0.070396	0.0025000
725.00	0.078206	0.0019840	0.067696	0.0020090	0.063480	0.0019730	0.070768	0.0021250
730.00	0.078296	0.0020650	0.067824	0.0021150	0.063644	0.0021000	0.071068	0.0021740
735.00	0.078756	0.0021990	0.068185	0.0022190	0.063882	0.0021870	0.071411	0.0023440
740.00	0.079442	0.0023000	0.068636	0.0023260	0.064090	0.0022770	0.071737	0.0025030
745.00	0.079328	0.0024110	0.068724	0.0024070	0.064156	0.0023950	0.072196	0.0024970
750.00	0.080020	0.0025420	0.069144	0.0025560	0.064485	0.0024990	0.072632	0.0025670
755.00	0.079921	0.0026600	0.069127	0.0027010	0.064565	0.0026200	0.072860	0.0027460
760.00	0.080556	0.0028030	0.069515	0.0028130	0.064766	0.0027780	0.073006	0.0029820
765.00	0.080869	0.0029630	0.069749	0.0029850	0.065050	0.0029180	0.073497	0.0030720
770.00	0.081537	0.0031210	0.070235	0.0031110	0.065336	0.0030790	0.074121	0.0031940
775.00	0.081522	0.0032640	0.070311	0.0032860	0.065287	0.0032430	0.074141	0.0033770
780.00	0.082014	0.0034860	0.070649	0.0035020	0.065486	0.0034190	0.074542	0.0036200
785.00	0.082414	0.0036620	0.070930	0.0036670	0.065715	0.0036570	0.074899	0.0037950
790.00	0.082704	0.0038590	0.071134	0.0039020	0.065671	0.0038690	0.075162	0.0039480
795.00	0.083137	0.0041060	0.071437	0.0041100	0.065749	0.0040680	0.075690	0.0041950
800.00	0.083317	0.0043270	0.071526	0.0043320	0.065665	0.0042950	0.075802	0.0044260
805.00	0.084631	0.0045920	0.072374	0.0045980	0.066200	0.0045790	0.076197	0.0046530
810.00	0.084373	0.0048360	0.072210	0.0048280	0.065803	0.0048260	0.076166	0.0048500
815.00	0.085547	0.0051060	0.073057	0.0050890	0.066373	0.0050500	0.076815	0.0051320
820.00	0.085295	0.0052860	0.072992	0.0052970	0.066407	0.0052370	0.076762	0.0053630
825.00	0.086551	0.0055000	0.073595	0.0055030	0.066626	0.0054650	0.077128	0.0055860
830.00	0.086759	0.0056510	0.073660	0.0056580	0.066636	0.0056350	0.077428	0.0057250
835.00	0.086754	0.0057610	0.073629	0.0057620	0.066535	0.0057340	0.077577	0.0058430
840.00	0.087120	0.0059470	0.073791	0.0059040	0.066512	0.0059350	0.077712	0.0059620
845.00	0.087359	0.0059170	0.073854	0.0059340	0.066476	0.0059360	0.078055	0.0059130
850.00	0.087730	0.0059170	0.074274	0.0058730	0.066039	0.0058030	0.078222	0.0058690
855.00	0.087997	0.0054120	0.074216	0.0054710	0.066016	0.0055340	0.078539	0.0052840
860.00	0.088419	0.0051660	0.073947	0.0050380	0.066090	0.0050680	0.078215	0.0050520
865.00	0.088519	0.0047720	0.074325	0.0047820	0.065672	0.0048600	0.078167	0.0049960
870.00	0.088508	0.0045560	0.073922	0.0045030	0.065498	0.0045140	0.078399	0.0045760
875.00	0.089161	0.0043270	0.074531	0.0043160	0.065504	0.0042410	0.078521	0.0043300
880.00	0.089577	0.0040170	0.074108	0.0039680	0.064871	0.0039770	0.078735	0.0040960
885.00	0.090002	0.0038120	0.074734	0.0037410	0.064378	0.0037440	0.078711	0.0038340
890.00	0.089922	0.0035110	0.074481	0.0035270	0.064452	0.0035190	0.078507	0.0035930
895.00	0.090015	0.0033720	0.074515	0.0032730	0.064011	0.0033120	0.078837	0.0033220
900.00	0.090603	0.0032000	0.074576	0.0031410	0.063843	0.0031130	0.079021	0.0031950
905.00	0.090705	0.0029920	0.074549	0.0029270	0.063873	0.0029350	0.078929	0.0030130
910.00	0.091140	0.0028210	0.074832	0.0027480	0.063901	0.0027790	0.078879	0.0028610
915.00	0.091307	0.0026760	0.074867	0.0026150	0.063872	0.0026350	0.078593	0.0027660
920.00	0.091498	0.0025910	0.074922	0.0024930	0.063742	0.0024800	0.079262	0.0026200
925.00	0.091828	0.0024700	0.074932	0.0024100	0.063261	0.0024000	0.079231	0.0024950
930.00	0.091907	0.0023190	0.074879	0.0022890	0.063109	0.0022780	0.079171	0.0023880
935.00	0.092584	0.0022670	0.075026	0.0021880	0.063012	0.0021970	0.079290	0.0023230
940.00	0.092223	0.0022030	0.074689	0.0021330	0.062541	0.0021130	0.079115	0.0022040
945.00	0.092833	0.0021140	0.075082	0.0020660	0.062603	0.0020370	0.079298	0.0021780
950.00	0.092897	0.0020710	0.075147	0.0019830	0.062625	0.0020090	0.079411	0.0021330
955.00	0.093304	0.0019830	0.075127	0.0019020	0.062452	0.0019150	0.079445	0.0020690
960.00	0.093626	0.0019190	0.075164	0.0018490	0.062794	0.0018090	0.079777	0.0019710
965.00	0.093875	0.0018380	0.075407	0.0017690	0.062408	0.0017890	0.079821	0.0018530
970.00	0.094157	0.0017440	0.075694	0.0017330	0.062568	0.0017030	0.080144	0.0018970
975.00	0.094528	0.0017430	0.075782	0.0016790	0.062427	0.0016930	0.080247	0.0018780
980.00	0.094754	0.0016670	0.076005	0.0016320	0.062427	0.0016450	0.080286	0.0017590
985.00	0.095079	0.0016380	0.076210	0.0015730	0.062629	0.0016180	0.080541	0.0017630
990.00	0.095620	0.0016420	0.076425	0.0015630	0.062729	0.0015740	0.080876	0.0017080
995.00	0.095791	0.0015720	0.076416	0.0014920	0.062788	0.0014970	0.081061	0.0016970
1000.0	0.096124	0.0015470	0.076713	0.0015140	0.062674	0.0014970	0.081303	0.0016620
1005.0	0.096317	0.0015470	0.076913	0.0014750	0.062930	0.0014630	0.081475	0.0015820
1010.0	0.096956	0.0015190	0.077409	0.0014360	0.063081	0.0014310	0.081859	0.0016210
1015.0	0.097259	0.0014470	0.077624	0.0014060	0.063375	0.0014060	0.082250	0.0016070
1020.0	0.097456	0.0014600	0.078002	0.0013850	0.063607	0.0014240	0.082554	0.0015760
1025.0	0.097759	0.0014180	0.078110	0.0013670	0.063829	0.0013880	0.082798	0.0015520
1030.0	0.098358	0.0014320	0.078561	0.0013670	0.064225	0.0014320	0.083333	0.0016040
1035.0	0.098795	0.0014110	0.078985	0.0013430	0.064629	0.0013520	0.083743	0.0014660
1040.0	0.099186	0.0013680	0.079325	0.0013100	0.065057	0.0013520	0.084248	0.0015320
1045.0	0.099299	0.0013960	0.079897	0.0013430	0.065222	0.0013650	0.084523	0.0016260
1050.0	0.10010	0.0014120	0.080499	0.0013310	0.065751	0.0013340	0.085025	0.0016150
1055.0	0.10046	0.0014030	0.080765	0.0013160	0.066150	0.0013340	0.085530	0.0016080
1060.0	0.10093	0.0013970	0.081107	0.0013040	0.066455	0.0013270	0.085963	0.0016590
1065.0	0.10132	0.0012960	0.081651	0.0012390	0.067087	0.0012570	0.086456	0.0015710
1070.0	0.10178	0.0012800	0.082148	0.0012420	0.067271	0.0011950	0.086945	0.0015390
1075.0	0.10220	0.0012760	0.082511	0.0011880	0.067863	0.0011930	0.087473	0.0015520
1080.0	0.10255	0.0012190	0.082900	0.0011540	0.068342	0.0011590	0.087744	0.0014030
1085.0	0.10316	0.0011630	0.083449	0.0011350	0.069129	0.0011350	0.088352	0.0014540
1090.0	0.10372	0.0012190	0.084033	0.0011300	0.069463	0.0011260	0.088784	0.0014170
1095.0	0.10431	0.0012080	0.084642	0.0011330	0.070179	0.0011490	0.089326	0.0014120
1100.0	0.10458	0.0011960	0.084986	0.0010900	0.070847	0.0011320	0.089968	0.0014220
1105.0	0.10518	0.0011750	0.085567	0.0011240	0.071322	0.0010990	0.090305	0.0013960
1110.0	0.10561	0.0011660	0.086017	0.0011320	0.071854	0.0010880	0.090857	0.0013930
1115.0	0.10602	0.0011350	0.086627	0.0011110	0.072255	0.0011090	0.091324	0.0014640
1120.0	0.10654	0.0011860	0.086930	0.0011190	0.072863	0.0010860	0.092023	0.0014970
1125.0	0.10700	0.0012040	0.087537	0.0011260	0.073475	0.0010870	0.092213	0.0014920
1130.0	0.10760	0.0012430	0.088046	0.0010940	0.073877	0.0011120	0.092759	0.0014870
1135.0	0.10777	0.0011910	0.088308	0.0011360	0.074195	0.0011000	0.093335	0.0014900
1140.0	0.10824	0.0011540	0.088452	0.0011290	0.074695	0.0010960	0.093715	0.0014220
1145.0	0.10868	0.0011350	0.088936	0.0011210	0.075125	0.0010800	0.094287	0.0015300
1150.0	0.10932	0.0011740	0.089710	0.0011270	0.075679	0.0010890	0.094554	0.0015450
1155.0	0.10954	0.0011620	0.090026	0.0011050	0.076147	0.0010870	0.094896	0.0015540
1160.0	0.10990	0.0011410	0.090425	0.0010850	0.076665	0.0010510	0.095323	0.0015270
1165.0	0.11009	0.0011980	0.090554	0.0011120	0.076819	0.0010670	0.095744	0.0015400
1170.0	0.11060	0.0012140	0.090960	0.0011180	0.077315	0.0010740	0.096160	0.0014600
1175.0	0.11119	0.0011760	0.091460	0.0011280	0.077500	0.0010990	0.096430	0.0014670
1180.0	0.11136	0.0012400	0.091649	0.0012000	0.077854	0.0011080	0.096763	0.0015640
1185.0	0.11183	0.0012370	0.092046	0.0011400	0.078196	0.0011340	0.097137	0.0015410
1190.0	0.11211	0.0012020	0.092650	0.0011990	0.078500	0.0011100	0.097519	0.0015190
1195.0	0.11259	0.0012030	0.092886	0.0011590	0.078571	0.0011490	0.097863	0.0015890
1200.0	0.11278	0.0012710	0.092965	0.0011890	0.079081	0.0011400	0.098405	0.0015500
1205.0	0.11274	0.0025480	0.093537	0.0014770	0.079387	0.0014510	0.098398	0.0018810
1210.0	0.11304	0.0016230	0.093498	0.0015500	0.079184	0.0015230	0.098930	0.0018530
1215.0	0.11423	0.0016320	0.094458	0.0015370	0.079860	0.0015410	0.099098	0.0019250
1220.0	0.11422	0.0015950	0.094504	0.0015560	0.080292	0.0015680	0.099372	0.0018990
1225.0	0.11494	0.0016130	0.094733	0.0015070	0.080370	0.0015320	0.099552	0.0017730
1230.0	0.11483	0.0015360	0.094825	0.0014570	0.080585	0.0014170	0.10011	0.0018700
1235.0	0.11567	0.0014440	0.095516	0.0014680	0.080878	0.0013710	0.10028	0.0018340
1240.0	0.11576	0.0014670	0.095799	0.0013750	0.081243	0.0013920	0.10084	0.0018270
1245.0	0.11632	0.0014330	0.096150	0.0013970	0.081616	0.0013190	0.10107	0.0016850
1250.0	0.11651	0.0014150	0.096344	0.0013580	0.081793	0.0012980	0.10138	0.0017160
1255.0	0.11706	0.0013760	0.096835	0.0013250	0.082225	0.0012770	0.10178	0.0016360
1260.0	0.11747	0.0013200	0.096865	0.0012310	0.082339	0.0012410	0.10191	0.0014900
1265.0	0.11779	0.0013960	0.097479	0.0012610	0.082764	0.0012540	0.10250	0.0016360
1270.0	0.11838	0.0013460	0.097742	0.0012860	0.083094	0.0012190	0.10277	0.0016430
1275.0	0.11897	0.0014050	0.098118	0.0012570	0.083265	0.0011920	0.10300	0.0015610
1280.0	0.11922	0.0014080	0.098643	0.0012420	0.083655	0.0011730	0.10323	0.0016740
1285.0	0.11957	0.0013570	0.098897	0.0012100	0.083853	0.0011640	0.10357	0.0016150
1290.0	0.12017	0.0013970	0.099444	0.0011540	0.083961	0.0011620	0.10421	0.0016430
1295.0	0.12049	0.0013350	0.099665	0.0011920	0.084369	0.0011710	0.10428	0.0015760
1300.0	0.12125	0.0013780	0.10040	0.0012180	0.084898	0.0011800	0.10468	0.0015700
1305.0	0.12098	0.0014140	0.10026	0.0012220	0.085073	0.0011750	0.10493	0.0016180
1310.0	0.12206	0.0013600	0.10116	0.0012500	0.085331	0.0012150	0.10530	0.0016930
1315.0	0.12181	0.0014350	0.10109	0.0013280	0.085743	0.0011620	0.10567	0.0016480
1320.0	0.12287	0.0013510	0.10163	0.0012200	0.086047	0.0012070	0.10657	0.0017360
1325.0	0.12259	0.0012150	0.10193	0.0012180	0.086453	0.0011390	0.10678	0.0017730
1330.0	0.12369	0.0014160	0.10243	0.0012210	0.086837	0.0011910	0.10693	0.0015680
1335.0	0.12370	0.0013450	0.10249	0.0012440	0.087083	0.0012110	0.10729	0.0015280
1340.0	0.12438	0.0015580	0.10331	0.0012540	0.087570	0.0012240	0.10779	0.0015360
1345.0	0.12456	0.0013820	0.10354	0.0013070	0.087703	0.0012180	0.10806	0.0016460
1350.0	0.12474	0.0014030	0.10353	0.0013170	0.087852	0.0012800	0.10823	0.0017400
1355.0	0.12524	0.0014480	0.10394	0.0013980	0.088098	0.0013090	0.10876	0.0017150
1360.0	0.12574	0.0015870	0.10431	0.0014390	0.088423	0.0014140	0.10890	0.0017310
1365.0	0.12636	0.0016420	0.10484	0.0015460	0.088832	0.0014700	0.10955	0.0019240
1370.0	0.12659	0.0015320	0.10516	0.0015470	0.089077	0.0015030	0.10965	0.0017500
1375.0	0.12761	0.0014910	0.10597	0.0014870	0.089683	0.0013620	0.10996	0.0017190
1380.0	0.12798	0.0015070	0.10632	0.0014270	0.090041	0.0014020	0.11028	0.0017550
1385.0	0.12833	0.0016980	0.10672	0.0015840	0.090340	0.0015410	0.11068	0.0019800
1390.0	0.12832	0.0016560	0.10684	0.0014940	0.090450	0.0014570	0.11103	0.0018720
1395.0	0.12886	0.0016600	0.10730	0.0015340	0.090789	0.0014800	0.11148	0.0017910
1400.0	0.12892	0.0015560	0.10742	0.0015570	0.090948	0.0014570	0.11157	0.0019030
1405.0	0.12922	0.0016620	0.10779	0.0014740	0.091178	0.0014350	0.11205	0.0018540
1410.0	0.12970	0.0015930	0.10829	0.0015330	0.091577	0.0015040	0.11277	0.0018710
1415.0	0.13052	0.0017320	0.10903	0.0015260	0.092162	0.0014480	0.11318	0.0018530
1420.0	0.13115	0.0016520	0.10956	0.0015450	0.092362	0.0014150	0.11339	0.0019340
1425.0	0.13173	0.0015600	0.11020	0.0015730	0.093021	0.0014360	0.11376	0.0017780
1430.0	0.13203	0.0016150	0.11031	0.0015190	0.093288	0.0014360	0.11426	0.0018570
1435.0	0.13276	0.0015600	0.11095	0.0014940	0.093777	0.0014430	0.11470	0.0019380
1440.0	0.13297	0.0015160	0.11115	0.0014270	0.093967	0.0014070	0.11489	0.0018200
1445.0	0.13284	0.0014760	0.11113	0.0015090	0.094124	0.0014190	0.11518	0.0018240
1450.0	0.13298	0.0015620	0.11180	0.0014710	0.094386	0.0014470	0.11567	0.0019420
1455.0	0.13383	0.0015580	0.11189	0.0014210	0.094634	0.0013690	0.11586	0.0018630
1460.0	0.13417	0.0015330	0.11236	0.0014970	0.094930	0.0014000	0.11638	0.0020700
1465.0	0.13452	0.0015550	0.11280	0.0014960	0.095189	0.0014400	0.11694	0.0019440
1470.0	0.13489	0.0014820	0.11285	0.0014630	0.095430	0.0014020	0.11718	0.0019470
1475.0	0.13559	0.0015250	0.11343	0.0014010	0.095973	0.0014080	0.11719	0.0019680
1480.0	0.13589	0.0015080	0.11375	0.0014600	0.096347	0.0014610	0.11761	0.0020260
1485.0	0.13626	0.0015010	0.11404	0.0015130	0.096393	0.0014260	0.11796	0.0019360
1490.0	0.13687	0.0016290	0.11436	0.0015850	0.096720	0.0014660	0.11808	0.0019300
1495.0	0.13693	0.0016180	0.11491	0.0015020	0.097047	0.0015030	0.11840	0.0020760
1500.0	0.13760	0.0015920	0.11510	0.0015110	0.097516	0.0014450	0.11896	0.0018510
1505.0	0.13787	0.0015690	0.11522	0.0015920	0.097559	0.0015070	0.11921	0.0018770
1510.0	0.13800	0.0016980	0.11547	0.0014970	0.098050	0.0014870	0.11952	0.0019230
1515.0	0.13856	0.0015880	0.11586	0.0015030	0.098051	0.0014710	0.11949	0.0018230
1520.0	0.13880	0.0016080	0.11635	0.0015040	0.098389	0.0015160	0.12005	0.0018850
1525.0	0.13934	0.0016740	0.11663	0.0015460	0.098747	0.0015500	0.12015	0.0017880
1530.0	0.13978	0.0016060	0.11699	0.0015510	0.098869	0.0015500	0.12070	0.0018240
1535.0	0.13999	0.0016460	0.11736	0.0015980	0.099446	0.0015470	0.12095	0.0018600
1540.0	0.14031	0.0016410	0.11767	0.0016260	0.099351	0.0015980	0.12127	0.0017140
1545.0	0.14066	0.0016230	0.11785	0.0015950	0.099650	0.0015470	0.12129	0.0018540
1550.0	0.14069	0.0017380	0.11846	0.0016200	0.099808	0.0016010	0.12141	0.0018650
1555.0	0.14109	0.0016760	0.11867	0.0016020	0.10000	0.0016440	0.12185	0.0018800
1560.0	0.14151	0.0016340	0.11891	0.0016730	0.10041	0.0017050	0.12227	0.0018460
1565.0	0.14193	0.0017020	0.11928	0.0016610	0.10076	0.0017560	0.12262	0.0018700
1570.0	0.14225	0.0016620	0.11958	0.0016590	0.10105	0.0016300	0.12288	0.0019160
1575.0	0.14230	0.0016680	0.11992	0.0016960	0.10120	0.0016720	0.12298	0.0018780
1580.0	0.14269	0.0016760	0.12007	0.0016650	0.10118	0.0016980	0.12354	0.0019250
1585.0	0.14341	0.0016920	0.12050	0.0016800	0.10165	0.0016740	0.12365	0.0019290
1590.0	0.14373	0.0016720	0.12092	0.0017510	0.10194	0.0016550	0.12411	0.0019080
1595.0	0.14387	0.0017260	0.12108	0.0016810	0.10186	0.0016780	0.12460	0.0018650
1600.0	0.14403	0.0017520	0.12155	0.0016940	0.10217	0.0016800	0.12492	0.0019490
1605.0	0.14445	0.0017210	0.12148	0.0017080	0.10245	0.0017090	0.12524	0.0018680
1610.0	0.14482	0.0017780	0.12204	0.0017290	0.10281	0.0017820	0.12548	0.0019400
1615.0	0.14510	0.0017810	0.12211	0.0017800	0.10298	0.0017280	0.12586	0.0018900
1620.0	0.14584	0.0018290	0.12255	0.0017390	0.10316	0.0016800	0.12614	0.0020620
1625.0	0.14631	0.0018240	0.12296	0.0016990	0.10325	0.0016940	0.12642	0.0019610
1630.0	0.14609	0.0018020	0.12282	0.0018010	0.10322	0.0016910	0.12654	0.0021670
1635.0	0.14658	0.0017880	0.12303	0.0017770	0.10338	0.0017250	0.12692	0.0020700
1640.0	0.14729	0.0018650	0.12357	0.0018820	0.10355	0.0017660	0.12716	0.0019290
1645.0	0.14734	0.0018740	0.12399	0.0017610	0.10403	0.0017720	0.12729	0.0021280
1650.0	0.14794	0.0018910	0.12443	0.0018140	0.10429	0.0018510	0.12744	0.0021140
1655.0	0.14778	0.0018840	0.12471	0.0018700	0.10443	0.0018690	0.12794	0.0022050
1660.0	0.14833	0.0018660	0.12498	0.0018730	0.10464	0.0018860	0.12831	0.0022170
1665.0	0.14887	0.0014610	0.12525	0.0013740	0.10488	0.0018330	0.12867	0.0019000
1670.0	0.14989	0.0013640	0.12600	0.0015040	0.10517	0.0023820	0.12938	0.0016800
1675.0	0.14980	0.0013720	0.12618	0.0013720	0.10551	0.0021440	0.12972	0.0016660
1680.0	0.15044	0.0013950	0.12652	0.0013600	0.10603	0.0026820	0.12981	0.0015280
1685.0	0.15069	0.0014890	0.12687	0.0014090	0.10640	0.0025660	0.12992	0.0014150
1690.0	0.15112	0.0015010	0.12737	0.0014630	0.10671	0.0025500	0.13028	0.0015870
1695.0	0.15146	0.0015680	0.12763	0.0012930	0.10707	0.0029880	0.13067	0.0014160
1700.0	0.15201	0.0015040	0.12787	0.0013560	0.10717	0.0030720	0.13114	0.0015510
1705.0	0.15231	0.0014070	0.12814	0.0012820	0.10776	0.0034240	0.13144	0.0014490
1710.0	0.15220	0.0013590	0.12831	0.0013550	0.10787	0.0032310	0.13149	0.0014780
1715.0	0.15326	0.0013420	0.12873	0.0013680	0.10835	0.0031860	0.13202	0.0015280
1720.0	0.15257	0.0012800	0.12862	0.0013670	0.10832	0.0027800	0.13212	0.0016230
1725.0	0.15394	0.0014600	0.12939	0.0013320	0.10850	0.0020610	0.13251	0.0017730
1730.0	0.15346	0.0014220	0.12939	0.0013760	0.10857	0.0017930	0.13281	0.0015580
1735.0	0.15449	0.0014990	0.12988	0.0015280	0.10892	0.0018250	0.13311	0.0017260
1740.0	0.15422	0.0014100	0.12964	0.0014330	0.10924	0.00087200	0.13333	0.0017420
1745.0	0.15528	0.0015070	0.13049	0.0014340	0.10944	0.00098800	0.13380	0.0018460
1750.0	0.15525	0.0015100	0.13059	0.0014110	0.10968	0.0010260	0.13426	0.0017690
1755.0	0.15628	0.0015130	0.13127	0.0014470	0.11017		0.13448	0.0017990
1760.0	0.15569	0.0014770	0.13099	0.0014540	0.10993		0.13470	0.0016910
1765.0	0.15664	0.0014160	0.13161	0.0014100	0.11056		0.13475	0.0017370
1770.0	0.15645	0.0015240	0.13149	0.0014020	0.11073		0.13526	0.0017630
1775.0	0.15686	0.0015800	0.13207	0.0015190	0.11104		0.13539	0.0017620
1780.0	0.15704	0.0015710	0.13225	0.0014770	0.11131		0.13573	0.0016950
1785.0	0.15734	0.0014050	0.13239	0.0015490	0.11154		0.13581	0.0017450
1790.0	0.15783	0.0014040	0.13302	0.0013670	0.11197		0.13619	0.0015920
1795.0	0.15770	0.0013640	0.13296	0.0015700	0.11207		0.13621	0.0015530
1800.0	0.15871	0.0016610	0.13395	0.0016530	0.11206		0.13678	0.0017000
1805.0	0.15850	0.0017130	0.13359	0.0015860	0.11215		0.13672	0.0016990
1810.0	0.15935	0.0015200	0.13466	0.0017950	0.11239		0.13703	0.0016390
1815.0	0.15901	0.0017060	0.13461	0.0017370	0.11242		0.13712	0.0016610
1820.0	0.15992	0.0016410	0.13527	0.0016460	0.11272		0.13734	0.0014600
1825.0	0.15962	0.0015920	0.13560	0.0017040	0.11288		0.13777	0.0015090
1830.0	0.16031	0.0016160	0.13605	0.0018240	0.11317		0.13791	0.0015490
1835.0	0.16026	0.0018650	0.13603	0.0019520	0.11317		0.13844	0.0015360
1840.0	0.16106	0.0016540	0.13638	0.0017890	0.11337		0.13864	0.0015360
1845.0	0.16123	0.0016180	0.13650	0.0019780	0.11324		0.13903	0.0015160
1850.0	0.16172	0.0015920	0.13654	0.0017690	0.11319		0.13897	0.0017000
1855.0	0.16170	0.0016370	0.13668	0.0017970	0.11321		0.13906	0.0015850
1860.0	0.16178	0.0015700	0.13750	0.0019310	0.11385		0.13958	0.0017720
1865.0	0.16285	0.0017800	0.13762	0.0018650	0.11394		0.14029	0.0017910
1870.0	0.16263	0.0018840	0.13751	0.0019850	0.11404		0.14001	0.0019440
1875.0	0.16334	0.0019040	0.13793	0.0020610	0.11443		0.14083	0.0020060
1880.0	0.16355	0.0018080	0.13817	0.0018190	0.11470		0.14151	0.0015290
1885.0	0.16430	0.0019140	0.13794	0.0019280	0.11446		0.14153	0.0016180
1890.0	0.16404	0.0020420	0.13864	0.0016510	0.11497		0.14133	0.0015650
1895.0	0.16477	0.0017490	0.13945	0.0017240	0.11546		0.14202	0.0016800
1900.0	0.16450	0.0018520	0.13951	0.0018300	0.11550		0.14179	0.0016090
1905.0	0.16551	0.0018140	0.13987	0.0019390	0.11580		0.14217	0.0015380
1910.0	0.16553	0.0020260	0.14020	0.0021040	0.11624		0.14266	0.0016460
1915.0	0.16586	0.0019590	0.14015	0.0019730	0.11634		0.14267	0.0015170
1920.0	0.16579	0.0021080	0.14034	0.0019350	0.11653		0.14295	0.0016630
1925.0	0.16646	0.0021790	0.14039	0.0019410	0.11652		0.14338	0.0016890
1930.0	0.16627	0.0020420	0.14097	0.0020420	0.11649		0.14342	0.0016860
1935.0	0.16748	0.0022320	0.14141	0.0019330	0.11625		0.14395	0.0015760
1940.0	0.16734	0.0021970	0.14173	0.0020500	0.11639		0.14403	0.0018140
1945.0	0.16774	0.0023180	0.14169	0.0019540	0.11640		0.14436	0.0017160
1950.0	0.16830	0.0022550	0.14232	0.0019870	0.11673		0.14455	0.0021450
1955.0	0.16821	0.0022960	0.14262	0.0020020	0.11694		0.14478	0.0017980
1960.0	0.16897	0.0019700	0.14345	0.0021080	0.11743		0.14515	0.0018440
1965.0	0.16810	0.0019360	0.14289	0.0020350	0.11760		0.14517	0.0018650
1970.0	0.16935	0.0020590	0.14366	0.0019320	0.11813		0.14543	0.0016960
1975.0	0.16883	0.0021940	0.14353	0.0022630	0.11775		0.14533	0.0019120
1980.0	0.16983	0.0023990	0.14451	0.0019210	0.11826		0.14585	0.0017440
1985.0	0.16950	0.0022850	0.14406	0.0020210	0.11827		0.14602	0.0018230
1990.0	0.17023	0.0020610	0.14479	0.0019640	0.11889		0.14629	0.0017350
1995.0	0.16985	0.0021750	0.14471	0.0021830	0.11828		0.14651	0.0019300
2000.0	0.17073	0.0020690	0.14528	0.0021610	0.11854		0.14671	0.0016560
2005.0	0.17065	0.0022840	0.14530	0.0021760	0.11863		0.14676	0.0018190
2010.0	0.17131	0.0022310	0.14569	0.0021120	0.11912		0.14712	0.0018210
2015.0	0.17142	0.0021400	0.14584	0.0022400	0.11891		0.14743	0.0017170
2020.0	0.17174	0.0021130	0.14608	0.0022110	0.11940		0.14780	0.0017610
2025.0	0.17170	0.0019520	0.14646	0.0021100	0.11917		0.14784	0.0016830
2030.0	0.17217	0.0022340	0.14666	0.0024100	0.11952		0.14828	0.0019970
2035.0	0.17284	0.0021000	0.14731	0.0021080	0.11939		0.14865	0.0018630
2040.0	0.17261	0.0021690	0.14711	0.0021010	0.11932		0.14835	0.0021180
2045.0	0.17310	0.0019930	0.14769	0.0020450	0.11977		0.14867	0.0019060
2050.0	0.17330	0.0021480	0.14755	0.0022260	0.11961		0.14880	0.0020940
2055.0	0.17379	0.0018720	0.14814	0.0021170	0.12003		0.14961	0.0019820
2060.0	0.17411	0.0019260	0.14832	0.0022820	0.12015		0.14956	0.0022000
2065.0	0.17447	0.0019400	0.14835	0.0024470	0.12078		0.14989	0.0021900
2070.0	0.17438	0.0019490	0.14882	0.0023920	0.12106		0.14989	0.0021020
2075.0	0.17503	0.0020140	0.14886	0.0023960	0.12138		0.15021	0.0022200
2080.0	0.17489	0.0019590	0.14896	0.0024430	0.12112		0.15059	0.0019720
2085.0	0.17574	0.0018950	0.14975	0.0021110	0.12167		0.15050	0.0019780
2090.0	0.17562	0.0019790	0.14972	0.0024070	0.12177		0.15126	0.0020280
2095.0	0.17618	0.0021000	0.15011	0.0026120	0.12170		0.15172	0.0021440
2100.0	0.17624	0.0021230	0.15003	0.0025200	0.12171		0.15150	0.0019580
2105.0	0.17625	0.0022190	0.15005	0.0024430	0.12179		0.15169	0.0020920
2110.0	0.17656	0.0020850	0.15017	0.0025890	0.12214		0.15191	0.0020360
2115.0	0.17654	0.0019440	0.15077	0.0024770	0.12246		0.15227	0.0018650
2120.0	0.17717	0.0019900	0.15141	0.0025030	0.12240		0.15260	0.0020700
2125.0	0.17680	0.0018440	0.15141	0.0023790	0.12238		0.15263	0.0020830
2130.0	0.17789	0.0019040	0.15194	0.0024110	0.12288		0.15292	0.0020870
2135.0	0.17705	0.0018150	0.15166	0.0023490	0.12241		0.15275	0.0017790
2140.0	0.17821	0.0017840	0.15251	0.0024660	0.12281		0.15312	0.0020600
2145.0	0.17781	0.0017660	0.15226	0.0026560	0.12320		0.15347	0.0020950
2150.0	0.17876	0.0017500	0.15318	0.0024310	0.12379		0.15376	0.0024160
2155.0	0.17859	0.0018080	0.15322	0.0025450	0.12387		0.15369	0.0021130
2160.0	0.17917	0.0018570	0.15373	0.0026150	0.12437		0.15405	0.0023390
2165.0	0.17846	0.0017010	0.15367	0.0024960	0.12411		0.15406	0.0022970
2170.0	0.17901	0.0018350	0.15391	0.0024960	0.12409		0.15418	0.0023480
2175.0	0.17948	0.0017060	0.15407	0.0025140	0.12378		0.15457	0.0021430
2180.0	0.17975	0.0017900	0.15445	0.0025810	0.12442		0.15485	0.0021450
2185.0	0.18006	0.0019450	0.15458	0.0028390	0.12497		0.15539	0.0021700
2190.0	0.18055	0.0019420	0.15507	0.0026190	0.12530		0.15554	0.0021090
2195.0	0.18134	0.0018430	0.15557	0.0027820	0.12563		0.15564	0.0018230
2200.0	0.18094	0.0018140	0.15572	0.0027050	0.12567		0.15581	0.0020700
2205.0	0.18158	0.0016180	0.15615	0.0025100	0.12532		0.15606	0.0019280
2210.0	0.18120	0.0016230	0.15612	0.0026900	0.12582		0.15623	0.0020790
2215.0	0.18196	0.0016300	0.15688	0.0025660	0.12659		0.15702	0.0020500
2220.0	0.18149	0.0016620	0.15667	0.0027240	0.12645		0.15683	0.0020680
2225.0	0.18256	0.0015630	0.15775	0.0026180	0.12704		0.15804	0.0022630
2230.0	0.18209	0.0016020	0.15734	0.0029490	0.12632		0.15772	0.0023540
2235.0	0.18325	0.0017010	0.15778	0.0028380	0.12667		0.15785	0.0022100
2240.0	0.18293	0.0017160	0.15789	0.0027090	0.12711		0.15812	0.0023570
2245.0	0.18386	0.0016870	0.15839	0.0029300	0.12748		0.15825	0.0025160
2250.0	0.18340	0.0016520	0.15827	0.0028620	0.12816		0.15842	0.0024920
2255.0	0.18449	0.0016270	0.15881	0.0028150	0.12858		0.15878	0.0026340
2260.0	0.18440	0.0016630	0.15888	0.0028740	0.12874		0.15935	0.0023230
2265.0	0.18522	0.0017050	0.15947	0.0029990	0.12935		0.16036	0.0026630
2270.0	0.18598	0.0017260	0.16033	0.0030670	0.12971		0.16053	0.0022130
2275.0	0.18574	0.0017840	0.16018	0.0030750	0.12946		0.16098	0.0022250
2280.0	0.18659	0.0019310	0.16097	0.0030620	0.13023		0.16072	0.0023110
2285.0	0.18607	0.0018450	0.16085	0.0032380	0.13003		0.16091	0.0020980
2290.0	0.18739	0.0019630	0.16142	0.0029090	0.13117		0.16167	0.0024370
2295.0	0.18648	0.0019870	0.16144	0.0032310	0.13150		0.16167	0.0022380
2300.0	0.18747	0.0019290	0.16234	0.0028270	0.13214		0.16230	0.0026270
2305.0	0.18738	0.0022020	0.16224	0.0030180	0.13227		0.16240	0.0025880
2310.0	0.18837	0.0020890	0.16310	0.0032020	0.13289		0.16295	0.0024480
2315.0	0.18768	0.0023350	0.16292	0.0030890	0.13210		0.16283	0.0027470
2320.0	0.18841	0.0021280	0.16364	0.0030750	0.13254		0.16341	0.0029390
2325.0	0.18795	0.0020470	0.16349	0.0030010	0.13207		0.16346	0.0026730
2330.0	0.18849	0.0020870	0.16366	0.0030540	0.13354		0.16347	0.0026490
2335.0	0.18868	0.0023250	0.16389	0.0030100	0.13358		0.16403	0.0027130
2340.0	0.18887	0.0022150	0.16420	0.0030300	0.13358		0.16425	0.0028270
2345.0	0.18920	0.0023790	0.16450	0.0030890	0.13411		0.16464	0.0030230
2350.0	0.18961	0.0023260	0.16495	0.0031960	0.13450		0.16484	0.0027730
2355.0	0.18970	0.0028170	0.16549	0.0032870	0.13497		0.16507	0.0028280
2360.0	0.18983	0.0026870	0.16542	0.0032900	0.13477		0.16533	0.0027290
2365.0	0.19051	0.0027670	0.16576	0.0034300	0.13524		0.16556	0.0025630
2370.0	0.18992	0.0027040	0.16576	0.0031250	0.13572		0.16563	0.0027740
2375.0	0.19088	0.0025090	0.16664	0.0033790	0.13633		0.16574	0.0025300
2380.0	0.19042	0.0023190	0.16591	0.0032850	0.13616		0.16578	0.0027890
2385.0	0.19102	0.0025100	0.16720	0.0034050	0.13658		0.16654	0.0027120
2390.0	0.19134	0.0026490	0.16719	0.0033120	0.13670		0.16671	0.0027310
2395.0	0.19237	0.0028350	0.16818	0.0032950	0.13833		0.16711	0.0031030
2400.0	0.19189	0.0027870	0.16761	0.0033990	0.13691		0.16743	0.0028840
2405.0	0.19280	0.0029990	0.16888	0.0035150	0.13816		0.16818	0.0028790
2410.0	0.19209	0.0029180	0.16849	0.0035940	0.13812		0.16832	0.0027880
2415.0	0.19289	0.0026810	0.16965	0.0035110	0.13878		0.16843	0.0027400
2420.0	0.19293	0.0027670	0.16926	0.0038120	0.13871		0.16872	0.0027320
2425.0	0.19356	0.0026010	0.16897	0.0035400	0.13915		0.16940	0.0025580
2430.0	0.19402	0.0028450	0.16951	0.0034160	0.14010		0.16963	0.0027410
2435.0	0.19330	0.0029370	0.16980	0.0037210	0.14009		0.16959	0.0027470
2440.0	0.19420	0.0030430	0.17047	0.0035630	0.14043		0.17016	0.0030250
2445.0	0.19361	0.0031180	0.17048	0.0034280	0.14084		0.17022	0.0028490
2450.0	0.19457	0.0033010	0.17152	0.0035640	0.14193		0.17059	0.0030730
2455.0	0.19392	0.0032340	0.17134	0.0036070	0.14117		0.17122	0.0028860
2460.0	0.19510	0.0032080	0.17256	0.0035290	0.14226		0.17135	0.0031260
2465.0	0.19508	0.0028780	0.17301	0.0035840	0.14256		0.17212	0.0031170
2470.0	0.19590	0.0030720	0.17378	0.0035620	0.14345		0.17232	0.0031920
2475.0	0.19617	0.0025750	0.17430	0.0028900	0.14388		0.17297	0.0027910
2480.0	0.19476	0.0074550	0.17454	0.0029690	0.14407		0.17346	0.0028270
2485.0	0.19641	0.0025000	0.17515	0.0031940	0.14504		0.17358	0.0024940
2490.0	0.19711	0.0026590	0.17530	0.0031800	0.14560		0.17424	0.0026900
2495.0	0.19719	0.0023360	0.17589	0.0033300	0.14592		0.17428	0.0025840
2500.0	0.19727	0.0025570	0.17594	0.0033190	0.14668		0.17452	0.0026790
2505.0	0.19798	0.0027410	0.17676	0.0037480	0.14657		0.17482	0.0025600
2510.0	0.19775	0.0028300	0.17702	0.0034010	0.14711		0.17511	0.0026070
2515.0	0.19823	0.0026080	0.17758	0.0039050	0.14732		0.17573	0.0026890
2520.0	0.19825	0.0027230	0.17801	0.0038330	0.14786		0.17568	0.0026650
2525.0	0.19912	0.0027290	0.17870	0.0038590	0.14845		0.17628	0.0027650
2530.0	0.19889	0.0026850	0.17877	0.0037330	0.14878		0.17689	0.0025960
2535.0	0.19968	0.0028100	0.17971	0.0037070	0.14962		0.17708	0.0029590
2540.0	0.20021	0.0027350	0.17985	0.0036920	0.15004		0.17821	0.0028590
2545.0	0.20020	0.0029420	0.17948	0.0039280	0.14987		0.17778	0.0033470
2550.0	0.20039	0.0028780	0.18038	0.0037990	0.15082		0.17868	0.0033220
2555.0	0.20147	0.0026740	0.18140	0.0035230	0.15177		0.17918	0.0033060
2560.0	0.20149	0.0025480	0.18086	0.0035150	0.15144		0.17940	0.0027110
2565.0	0.20062	0.0035950	0.18160	0.0048550	0.15201		0.17816	0.0041540
2570.0	0.20104	0.0029580	0.18185	0.0038800	0.15233		0.18011	0.0032540
2575.0	0.20156	0.0030920	0.18253	0.0041100	0.15284		0.17930	0.0032450
2580.0	0.20229	0.0027210	0.18153	0.0041680	0.15330		0.18055	0.0034090
2585.0	0.20107	0.0033410	0.18388	0.0046870	0.15424		0.17961	0.0039800
2590.0	0.20322	0.0032790	0.18270	0.0044330	0.15430		0.18145	0.0038540
2595.0	0.20187	0.0033010	0.18330	0.0046060	0.15480		0.18066	0.0039910
2600.0	0.20450	0.0033450	0.18390	0.0040740	0.15530		0.18354	0.0037060
