300.00	0.034273		0.031009		0.036013		0.035430	
305.00	0.035358		0.031056		0.036549		0.033812	
310.00	0.034219		0.031104		0.034428		0.033129	
315.00	0.034416		0.031959		0.033745		0.030893	
320.00	0.036179		0.031915		0.036566		0.034095	
325.00	0.036448		0.032308		0.037328		0.034319	
330.00	0.036897		0.032785		0.036363		0.034580	
335.00	0.038581		0.032968		0.037885		0.035700	
340.00	0.038554		0.033776		0.038046		0.035687	
345.00	0.039572		0.034344		0.038326		0.036396	
350.00	0.040042		0.034656		0.038777		0.036701	
355.00	0.040981		0.035173		0.039319		0.037949	
360.00	0.041727		0.035782		0.040140		0.038327	
365.00	0.042598		0.036442		0.040413		0.038855	
370.00	0.043614		0.036874		0.040907		0.039666	
375.00	0.044504		0.037151		0.041307		0.040231	
380.00	0.045554		0.037906		0.042209		0.040844	
385.00	0.046611		0.038458		0.042026		0.041615	
390.00	0.047880		0.039291		0.042870		0.042479	
395.00	0.049204		0.040110		0.044179		0.043605	
400.00	0.050159		0.040197	0.0059510	0.043948		0.044043	
405.00	0.051424		0.040601	0.0046810	0.044531		0.044713	
410.00	0.052195		0.041326	0.0037720	0.045303		0.045422	
415.00	0.053397		0.041783	0.0031590	0.045951		0.046143	
420.00	0.054190		0.042445	0.0027020	0.046389		0.046792	
425.00	0.055498		0.043065	0.0024160	0.046992		0.047518	
430.00	0.056545		0.043607	0.0021640	0.047402		0.048203	
435.00	0.057684		0.044226	0.0019850	0.048044		0.049037	
440.00	0.058870		0.044773	0.0018130	0.048548		0.049690	
445.00	0.059702		0.045312	0.0017180	0.048731		0.050439	
450.00	0.060974		0.045859	0.0015990	0.049739		0.051160	
455.00	0.061866		0.046388	0.0014420	0.049344		0.051780	
460.00	0.063127		0.046931	0.0013830	0.050295		0.052610	
465.00	0.064017		0.047399	0.0013730	0.050771		0.053192	
470.00	0.064791		0.048069	0.0013550	0.051332		0.053859	
475.00	0.066234		0.048514	0.0011830	0.051972		0.054618	
480.00	0.066842		0.049159	0.0011600	0.052407		0.055235	
485.00	0.068015		0.049740	0.0011960	0.052988		0.056077	
490.00	0.068717		0.050303	0.0011630	0.053298		0.056594	
495.00	0.069985		0.050804	0.0011640	0.053941		0.057317	
500.00	0.071058		0.051354	0.0011520	0.054333		0.057992	
505.00	0.072271		0.051891	0.0011180	0.054942		0.058735	
510.00	0.073032		0.052437	0.0010890	0.055431		0.059412	
515.00	0.074189		0.053141	0.0010530	0.055832		0.060143	
520.00	0.075094		0.053742	0.0010110	0.056469		0.060814	
525.00	0.075876		0.054456	0.00097100	0.057072		0.061641	
530.00	0.077323		0.055021	0.00095700	0.057836		0.062434	
535.00	0.077810		0.055709	0.00096600	0.058200		0.063031	
540.00	0.079590		0.056087	0.00094100	0.059031		0.063840	
545.00	0.079855		0.056708	0.0010080	0.059242		0.064376	
550.00	0.081369		0.057113	0.0010040	0.060079		0.065089	
555.00	0.081834		0.057800	0.00089500	0.060343		0.065642	
560.00	0.082961		0.058232	0.00090400	0.061024		0.066365	
565.00	0.083837		0.058705	0.0010300	0.061561		0.066947	
570.00	0.084698		0.059308	0.0010350	0.061893		0.067527	
575.00	0.086075		0.059648	0.0011540	0.062493		0.068209	
580.00	0.086202		0.060252	0.0011770	0.062644		0.068670	
585.00	0.087436		0.060584	0.0012470	0.063192		0.069439	
590.00	0.087964		0.061129	0.0012440	0.063464		0.069892	
595.00	0.089281		0.061529	0.0011870	0.063996		0.070603	
600.00	0.090046		0.062165	0.0011980	0.064560		0.071176	
605.00	0.091179		0.062422	0.0014780	0.065130		0.071787	
610.00	0.091761		0.063139	0.0015280	0.065581		0.072376	
615.00	0.092731		0.063694	0.0010900	0.066223		0.073285	
620.00	0.093407		0.064406	0.0011020	0.066531		0.073641	
625.00	0.094404		0.064839	0.0011990	0.067074		0.074416	
630.00	0.095543		0.065433	0.0012230	0.067655		0.075027	
635.00	0.095863		0.065966	0.0010520	0.067846		0.075540	
640.00	0.097074		0.066595	0.0010840	0.068463		0.076205	
645.00	0.097618		0.066862	0.0012710	0.068544		0.076583	
650.00	0.099174		0.067389	0.0013090	0.069266		0.077201	
655.00	0.099505		0.067802	0.0011670	0.069489		0.077678	
660.00	0.10003		0.068179	0.0011970	0.069933		0.078001	
665.00	0.10119		0.068612	0.0013760	0.070395		0.078582	
670.00	0.10157		0.069042	0.0013960	0.070574		0.079067	
675.00	0.10290		0.069340	0.0014970	0.071184		0.079732	
680.00	0.10283		0.069697	0.0015300	0.071387		0.080124	
685.00	0.10420		0.070454	0.0014640	0.071889		0.080689	
690.00	0.10456		0.070584	0.0014960	0.072067		0.081121	
695.00	0.10570		0.071310	0.0015900	0.072506		0.081609	
700.00	0.10582		0.071510	0.0016570	0.072803		0.082081	
705.00	0.10730		0.072197	0.0018530	0.073311		0.082703	
710.00	0.10737		0.072384	0.0019100	0.073490		0.083047	
715.00	0.10838		0.073155	0.0018960	0.073901		0.083585	
720.00	0.10920		0.073343	0.0020050	0.074464		0.084177	
725.00	0.11003	0.0052530	0.073975	0.0017370	0.075027	0.0044880	0.084769	0.0046390
730.00	0.10933	0.0034960	0.074485	0.0017840	0.074330	0.0034500	0.084779	0.0034350
735.00	0.11037	0.0035920	0.074738	0.0019780	0.074799	0.0035690	0.085343	0.0035990
740.00	0.11081	0.0036490	0.075377	0.0020080	0.075143	0.0036530	0.085696	0.0036360
745.00	0.11207	0.0039320	0.075592	0.0020450	0.075569	0.0038610	0.086273	0.0042190
750.00	0.11293	0.0038850	0.076191	0.0021100	0.075955	0.0038660	0.086666	0.0038940
755.00	0.11296	0.0042800	0.076297	0.0023480	0.075155	0.0042120	0.086805	0.0042200
760.00	0.11426	0.0044230	0.076842	0.0023930	0.076088	0.0043650	0.087029	0.0043260
765.00	0.11428	0.0044890	0.077052	0.0024520	0.076035	0.0044510	0.087605	0.0044310
770.00	0.11584	0.0046040	0.077444	0.0025320	0.076772	0.0045800	0.088290	0.0045820
775.00	0.11566	0.0046900	0.077775	0.0026740	0.076442	0.0046320	0.088671	0.0046770
780.00	0.11637	0.0048410	0.078057	0.0027830	0.076459	0.0047360	0.088665	0.0046980
785.00	0.11707	0.0048710	0.078427	0.0028230	0.076813	0.0048770	0.089173	0.0049200
790.00	0.11767	0.0050120	0.078733	0.0030050	0.077049	0.0050020	0.089525	0.0050150
795.00	0.11881	0.0051040	0.078924	0.0030970	0.076512	0.0051460	0.089665	0.0050560
800.00	0.11908	0.0052540	0.078991	0.0032730	0.077365	0.0051110	0.090053	0.0052280
805.00	0.12028	0.0052370	0.079469	0.0034150	0.077636	0.0052080	0.090773	0.0052550
810.00	0.12017	0.0053060	0.079294	0.0035560	0.076976	0.0052890	0.090702	0.0053230
815.00	0.12091	0.0053870	0.079739	0.0036950	0.076441	0.0053530	0.091028	0.0054390
820.00	0.12163	0.0053510	0.079643	0.0038180	0.076269	0.0053760	0.091037	0.0054160
825.00	0.12150	0.0053100	0.080166	0.0038480	0.076139	0.0052140	0.090878	0.0052930
830.00	0.12235	0.0053180	0.080057	0.0039420	0.075788	0.0051300	0.090708	0.0051840
835.00	0.12232	0.0051390	0.080271	0.0040280	0.075605	0.0051460	0.091009	0.0051390
840.00	0.12318	0.0050330	0.080200	0.0020580	0.075521	0.0049660	0.090699	0.0049600
845.00	0.12320	0.0049640	0.080611	0.0021260	0.074992	0.0048620	0.091022	0.0049070
850.00	0.12431	0.0048440	0.080263	0.0021800	0.075162	0.0047640	0.090903	0.0047120
855.00	0.12411	0.0045690	0.080315		0.074773	0.0045600	0.091307	0.0045750
860.00	0.12459	0.0043140	0.080122		0.074759	0.0043460	0.091183	0.0042650
865.00	0.12487	0.0041660	0.080122		0.074057	0.0040470	0.091327	0.0041070
870.00	0.12514	0.0039110	0.079491		0.073635	0.0038460	0.091173	0.0039850
875.00	0.12611	0.0036930	0.079491		0.073908	0.0036530	0.091332	0.0036340
880.00	0.12580	0.0035090	0.079547		0.073887	0.0034850	0.091444	0.0034180
885.00	0.12691	0.0032630	0.079646		0.073599	0.0031610	0.091362	0.0032620
890.00	0.12681	0.0030550	0.078988		0.073583	0.0030100	0.091640	0.0030510
895.00	0.12735	0.0028990	0.079246		0.072317	0.0028530	0.091432	0.0027900
900.00	0.12755	0.0026640	0.079232		0.072828	0.0026570	0.091691	0.0027560
905.00	0.12813	0.0025240	0.078904		0.072734	0.0025490	0.091662	0.0025320
910.00	0.12854	0.0024020	0.079129		0.072556	0.0023760	0.091502	0.0024390
915.00	0.12853	0.0023020	0.078564		0.072539	0.0022790	0.091804	0.0023040
920.00	0.12937	0.0021900	0.079107		0.072692	0.0021490	0.091938	0.0022260
925.00	0.12986	0.0020850	0.078610		0.072898	0.0020660	0.092384	0.0022010
930.00	0.13027	0.0020140	0.079065		0.073000	0.0019920	0.092559	0.0020320
935.00	0.13082	0.0019420	0.078863		0.073204	0.0019430	0.092535	0.0020070
940.00	0.13143	0.0018970	0.079115		0.073341	0.0018060	0.092832	0.0018750
945.00	0.13173	0.0018430	0.079180		0.072960	0.0017720	0.092969	0.0018740
950.00	0.13223	0.0017070	0.079284		0.072914	0.0017060	0.093400	0.0017270
955.00	0.13279	0.0017420	0.079444		0.073243	0.0015930	0.093625	0.0017350
960.00	0.13373	0.0016800	0.079777		0.073832	0.0015530	0.094061	0.0015900
965.00	0.13386	0.0016160	0.080252		0.073749	0.0015620	0.094301	0.0015490
970.00	0.13463	0.0016260	0.080497		0.074037	0.0014850	0.094626	0.0016070
975.00	0.13487	0.0015750	0.081160		0.074363	0.0014960	0.094896	0.0015340
980.00	0.13605	0.0015510	0.081213		0.074782	0.0014490	0.095528	0.0014960
985.00	0.13643	0.0015280	0.081939		0.075313	0.0014400	0.095975	0.0015850
990.00	0.13702	0.0014260	0.082127		0.075309	0.0013480	0.096488	0.0015640
995.00	0.13771	0.0014240	0.082875		0.076009	0.0013810	0.096783	0.0016190
1000.0	0.13816	0.0014030	0.082987		0.076415	0.0012670	0.097257	0.0013720
1005.0	0.13945	0.0014020	0.083862		0.077104	0.0013060	0.097839	0.0014150
1010.0	0.13976	0.0013640	0.084159		0.077386	0.0013160	0.098407	0.0013660
1015.0	0.14044	0.0013220	0.084816		0.077389	0.0013490	0.099031	0.0013020
1020.0	0.14108	0.0014200	0.085213		0.077754	0.0012790	0.099782	0.0013560
1025.0	0.14192	0.0013710	0.086237		0.078313	0.0012740	0.099943	0.0013520
1030.0	0.14226	0.0013330	0.086771		0.078731	0.0012280	0.10063	0.0013460
1035.0	0.14324	0.0013490	0.087486		0.079162	0.0012610	0.10145	0.0012780
1040.0	0.14411	0.0012540	0.088049		0.080043	0.0013150	0.10189	0.0013530
1045.0	0.14448	0.0012730	0.088757		0.080493	0.0012620	0.10252	0.0014370
1050.0	0.14548	0.0013700	0.089661		0.081288	0.0012690	0.10315	0.0014140
1055.0	0.14667	0.0012840	0.090261		0.081802	0.0011630	0.10376	0.0017300
1060.0	0.14709	0.0013110	0.090915		0.082274	0.0011890	0.10469	0.0013630
1065.0	0.14800	0.0012730	0.091403		0.082603	0.0011180	0.10532	0.0013370
1070.0	0.14908	0.0012260	0.092519		0.083349	0.0011130	0.10612	0.0013030
1075.0	0.14947	0.0011880	0.093168		0.083402	0.0011640	0.10675	0.0012030
1080.0	0.15046	0.0012030	0.094018		0.084446	0.0010540	0.10742	0.0013630
1085.0	0.15103	0.0012270	0.094401		0.085137	0.0010020	0.10799	0.0015020
1090.0	0.15245	0.0011870	0.095033		0.086073	0.0011360	0.10901	0.0014230
1095.0	0.15265	0.0011420	0.096072		0.086307	0.0010420	0.10933	0.0013930
1100.0	0.15325	0.0011180	0.096603		0.087108	0.00098100	0.10998	0.0011380
1105.0	0.15420	0.0012180	0.097585		0.087673	0.0010410	0.11095	0.0011310
1110.0	0.15520	0.0012280	0.098017		0.088367	0.0010480	0.11145	0.0012110
1115.0	0.15605	0.0011950	0.098995		0.088097	0.0010730	0.11235	0.0011260
1120.0	0.15679	0.0012220	0.099471		0.089245	0.0011100	0.11292	0.0014720
1125.0	0.15779	0.0011340	0.10018		0.089855	0.0011350	0.11376	0.0013310
1130.0	0.15859	0.0011740	0.10089		0.090083	0.0010730	0.11443	0.0012010
1135.0	0.15882	0.0012380	0.10133		0.090680	0.0011030	0.11500	0.0013140
1140.0	0.15981	0.0011590	0.10220		0.091381	0.00099100	0.11566	0.0013540
1145.0	0.16018	0.0011850	0.10246		0.092006	0.0012310	0.11627	0.0014790
1150.0	0.16126	0.0012670	0.10326		0.092379	0.0010910	0.11679	0.0013880
1155.0	0.16193	0.0011550	0.10363		0.092386	0.0011230	0.11744	0.0012090
1160.0	0.16311	0.0013000	0.10446		0.093272	0.0011500	0.11794	0.0014140
1165.0	0.16333	0.0012290	0.10470		0.093275	0.0011060	0.11852	0.0012720
1170.0	0.16420	0.0012140	0.10546		0.093794	0.0012010	0.11887	0.0013980
1175.0	0.16452	0.0012240	0.10576		0.094152	0.0011200	0.11945	0.0016840
1180.0	0.16548	0.0011920	0.10652		0.095139	0.0010870	0.11994	0.0014590
1185.0	0.16611	0.0011590	0.10670		0.095191	0.0011970	0.12072	0.0015750
1190.0	0.16718	0.0011890	0.10753		0.095989	0.0010970	0.12132	0.0015050
1195.0	0.16721	0.0012040	0.10770		0.096161	0.0010670	0.12181	0.0012790
1200.0	0.16880	0.0012080	0.10838		0.097066	0.0011250	0.12235	0.0014300
1205.0	0.16977	0.0044270	0.10863		0.097987	0.0028460	0.12375	0.0035570
1210.0	0.16903	0.0014680	0.10932		0.098164	0.0015250	0.12319	0.0017860
1215.0	0.17003	0.0015270	0.10969		0.098834	0.0015140	0.12348	0.0022500
1220.0	0.17073	0.0015250	0.11021		0.099356	0.0014630	0.12436	0.0017720
1225.0	0.17141	0.0014660	0.11068		0.099054	0.0013500	0.12480	0.0018700
1230.0	0.17164	0.0014650	0.11134		0.099451	0.0013600	0.12510	0.0020690
1235.0	0.17271	0.0014040	0.11166		0.10017	0.0012940	0.12547	0.0020930
1240.0	0.17317	0.0013790	0.11202		0.10001	0.0013740	0.12615	0.0016330
1245.0	0.17404	0.0013020	0.11281		0.10071	0.0012410	0.12697	0.0016000
1250.0	0.17502	0.0012410	0.11311		0.10100	0.0012140	0.12709	0.0016400
1255.0	0.17531	0.0012800	0.11377		0.10118	0.0012830	0.12748	0.0015060
1260.0	0.17617	0.0012760	0.11420		0.10163	0.0011900	0.12841	0.0015690
1265.0	0.17709	0.0012560	0.11483		0.10252	0.0012170	0.12865	0.0020180
1270.0	0.17720	0.0012650	0.11538		0.10292	0.0012060	0.12953	0.0018170
1275.0	0.17808	0.0012720	0.11571		0.10329	0.0012880	0.12993	0.0019680
1280.0	0.17871	0.0013700	0.11599		0.10420	0.0013110	0.13031	0.0016440
1285.0	0.17960	0.0012350	0.11708		0.10457	0.0012290	0.13103	0.0014140
1290.0	0.18072	0.0012180	0.11717		0.10510	0.0011840	0.13125	0.0016320
1295.0	0.18109	0.0012780	0.11817		0.10528	0.0010590	0.13185	0.0018230
1300.0	0.18161	0.0012440	0.11858		0.10598	0.0011040	0.13255	0.0021670
1305.0	0.18267	0.0013060	0.11923		0.10638	0.0012450	0.13291	0.0023690
1310.0	0.18342	0.0012920	0.11947		0.10650	0.0011520	0.13386	0.0016930
1315.0	0.18446	0.0012620	0.12037		0.10670	0.0011800	0.13422	0.0016100
1320.0	0.18509	0.0012580	0.12094		0.10752	0.0011280	0.13479	0.0020970
1325.0	0.18570	0.0013410	0.12166		0.10779	0.0012480	0.13538	0.0018650
1330.0	0.18613	0.0013390	0.12187		0.10885	0.0015190	0.13594	0.0020210
1335.0	0.18673	0.0014190	0.12251		0.10954	0.0013050	0.13682	0.0016960
1340.0	0.18791	0.0014390	0.12322		0.10912	0.0014340	0.13708	0.0019820
1345.0	0.18781	0.0014700	0.12374		0.10983	0.0013370	0.13754	0.0025540
1350.0	0.18820	0.0014070	0.12415		0.11050	0.0014140	0.13841	0.0022190
1355.0	0.18866	0.0014920	0.12450		0.11078	0.0013700	0.13896	0.0022910
1360.0	0.18967	0.0015320	0.12532		0.11154	0.0015400	0.13936	0.0017980
1365.0	0.19052	0.0015750	0.12537		0.11109	0.0016390	0.13939	0.0016940
1370.0	0.19139	0.0017040	0.12612		0.11162	0.0014820	0.13980	0.0020450
1375.0	0.19227	0.0016090	0.12663		0.11239	0.0014410	0.14080	0.0020210
1380.0	0.19247	0.0016030	0.12792		0.11363	0.0016140	0.14175	0.0021080
1385.0	0.19451	0.0016480	0.12740		0.11390	0.0018070	0.14162	0.0025650
1390.0	0.19527	0.0014630	0.12832		0.11461	0.0014770	0.14284	0.0019700
1395.0	0.19452	0.0016030	0.12885		0.11540	0.0016110	0.14359	0.0022030
1400.0	0.19564	0.0016090	0.12973		0.11638	0.0015440	0.14448	0.0020040
1405.0	0.19525	0.0016220	0.12966		0.11620	0.0015060	0.14471	0.0016310
1410.0	0.19745	0.0016110	0.13051		0.11673	0.0015810	0.14490	0.0018250
1415.0	0.19697	0.0015550	0.13095		0.11748	0.0014540	0.14577	0.0017540
1420.0	0.19862	0.0015010	0.13154		0.11724	0.0015840	0.14647	0.0020980
1425.0	0.19911	0.0014490	0.13168		0.11793	0.0015680	0.14719	0.0022330
1430.0	0.20034	0.0014460	0.13248		0.11877	0.0014640	0.14744	0.0019210
1435.0	0.20073	0.0014420	0.13299		0.11904	0.0016620	0.14789	0.0022970
1440.0	0.20157	0.0014710	0.13374		0.11967	0.0016200	0.14886	0.0020260
1445.0	0.20271	0.0015380	0.13403		0.12044	0.0015590	0.14944	0.0020690
1450.0	0.20270	0.0014840	0.13482		0.12080	0.0015520	0.15008	0.0015330
1455.0	0.20418	0.0014500	0.13477		0.12126	0.0016320	0.15058	0.0014120
1460.0	0.20405	0.0014940	0.13570		0.12169	0.0016920	0.15109	0.0018750
1465.0	0.20498	0.0014400	0.13622		0.12228	0.0016410	0.15151	0.0017330
1470.0	0.20536	0.0014720	0.13669		0.12192	0.0015990	0.15231	0.0018270
1475.0	0.20585	0.0014820	0.13698		0.12263	0.0017210	0.15252	0.0021800
1480.0	0.20672	0.0015190	0.13740		0.12333	0.0015240	0.15312	0.0015810
1485.0	0.20757	0.0015750	0.13814		0.12402	0.0015950	0.15338	0.0015650
1490.0	0.20755	0.0014670	0.13865		0.12401	0.0017300	0.15419	0.0015620
1495.0	0.20855	0.0015170	0.13897		0.12483	0.0017990	0.15468	0.0013550
1500.0	0.20911	0.0015140	0.13906		0.12523	0.0018700	0.15491	0.0016960
1505.0	0.20920	0.0015280	0.13995		0.12517	0.0016630	0.15534	0.0020490
1510.0	0.21015	0.0014810	0.14026		0.12591	0.0015350	0.15600	0.0019200
1515.0	0.21111	0.0015460	0.14116		0.12667	0.0016800	0.15651	0.0019290
1520.0	0.21115	0.0014840	0.14123		0.12664	0.0015250	0.15695	0.0015920
1525.0	0.21176	0.0015270	0.14220		0.12677	0.0016430	0.15748	0.0015140
1530.0	0.21200	0.0015450	0.14216		0.12704	0.0015780	0.15779	0.0015570
1535.0	0.21294	0.0015900	0.14285		0.12740	0.0016110	0.15854	0.0017340
1540.0	0.21336	0.0015680	0.14342		0.12787	0.0019400	0.15871	0.0017340
1545.0	0.21394	0.0016130	0.14391		0.12849	0.0019320	0.15939	0.0016310
1550.0	0.21463	0.0015730	0.14372		0.12853	0.0017990	0.15963	0.0018370
1555.0	0.21465	0.0016720	0.14508		0.12877	0.0017630	0.16046	0.0021240
1560.0	0.21571	0.0016750	0.14509		0.12927	0.0016860	0.16080	0.0018650
1565.0	0.21657	0.0016070	0.14556		0.12941	0.0017090	0.16078	0.0017130
1570.0	0.21701	0.0016600	0.14606		0.13028	0.0019820	0.16145	0.0015780
1575.0	0.21788	0.0017110	0.14647		0.13002	0.0016370	0.16195	0.0014740
1580.0	0.21790	0.0016650	0.14688		0.13048	0.0017290	0.16172	0.0017040
1585.0	0.21837	0.0016600	0.14647		0.13071	0.0018030	0.16213	0.0019560
1590.0	0.21906	0.0017000	0.14725		0.13094	0.0017070	0.16287	0.0018090
1595.0	0.21964	0.0017860	0.14731		0.13138	0.0017060	0.16314	0.0022440
1600.0	0.22072	0.0016560	0.14784		0.13166	0.0016580	0.16377	0.0016050
1605.0	0.22011	0.0017470	0.14730		0.13147	0.0018110	0.16382	0.0016680
1610.0	0.22130	0.0017590	0.14813		0.13209	0.0017220	0.16433	0.0017870
1615.0	0.22136	0.0017000	0.14824		0.13243	0.0018470	0.16414	0.0019460
1620.0	0.22221	0.0017640	0.14903		0.13294	0.0019230	0.16467	0.0022160
1625.0	0.22195	0.0018140	0.14900		0.13273	0.0017100	0.16494	0.0026370
1630.0	0.22329	0.0018960	0.14947		0.13287	0.0018920	0.16558	0.0021140
1635.0	0.22307	0.0017850	0.14945		0.13299	0.0020170	0.16539	0.0019370
1640.0	0.22403	0.0017580	0.15014		0.13343	0.0019840	0.16605	0.0020780
1645.0	0.22369	0.0017800	0.14958		0.13366	0.0019520	0.16617	0.0025700
1650.0	0.22472	0.0018350	0.15039		0.13401	0.0019870	0.16658	0.0017880
1655.0	0.22493	0.0017990	0.15047		0.13448	0.0019400	0.16729	0.0020020
1660.0	0.22497	0.0019280	0.15102		0.13466	0.0019220	0.16754	0.0017970
1665.0	0.22498	0.0014680	0.15155	0.0017900	0.13484	0.0014110	0.16779	0.0021060
1670.0	0.22621	0.0015510	0.15173	0.0016910	0.13521	0.0012990	0.16873	0.0014220
1675.0	0.22594	0.0014500	0.15214	0.0016260	0.13523	0.0014200	0.16859	0.0014460
1680.0	0.22651	0.0015000	0.15237	0.0020900	0.13574	0.0014370	0.16879	0.0014880
1685.0	0.22671	0.0013760	0.15317	0.0019750	0.13604	0.0013480	0.16882	0.0018790
1690.0	0.22762	0.0014880	0.15261	0.0022380	0.13619	0.0015580	0.16951	0.0014860
1695.0	0.22801	0.0014090	0.15335	0.0023590	0.13648	0.0015200	0.16973	0.0016090
1700.0	0.22893	0.0014390	0.15303	0.0027640	0.13678	0.0014730	0.17019	0.0015590
1705.0	0.22897	0.0013320	0.15358	0.0026120	0.13695	0.0013740	0.17041	0.0016470
1710.0	0.22944	0.0014310	0.15350	0.0027740	0.13746	0.0015150	0.17074	0.0014570
1715.0	0.23016	0.0014040	0.15413	0.0029770	0.13751	0.0016740	0.17090	0.0014600
1720.0	0.23025	0.0014520	0.15394	0.0036650	0.13772	0.0015320	0.17100	0.0014760
1725.0	0.23133	0.0014190	0.15444	0.0034890	0.13821	0.0014360	0.17137	0.0013100
1730.0	0.23090	0.0014010	0.15439	0.0037010	0.13829	0.0014900	0.17141	0.0017160
1735.0	0.23174	0.0012260	0.15470	0.0035290	0.13856	0.0016380	0.17207	0.0012840
1740.0	0.23151	0.0013660	0.15477	0.0031280	0.13838	0.0013090	0.17176	0.0016460
1745.0	0.23242	0.0013970	0.15524	0.0034150	0.13876	0.0014750	0.17238	0.0017320
1750.0	0.23206	0.0013300	0.15517	0.0034140	0.13886	0.0014550	0.17232	0.0017170
1755.0	0.23364	0.0013600	0.15558	0.0036070	0.13936	0.0015780	0.17300	0.0021120
1760.0	0.23325	0.0013480	0.15559	0.0040230	0.13906	0.0015680	0.17311	0.0017420
1765.0	0.23436	0.0014300	0.15599	0.0039690	0.13924	0.0013960	0.17335	0.0019920
1770.0	0.23371	0.0013660	0.15613	0.0027770	0.13905	0.0014120	0.17343	0.0014430
1775.0	0.23509	0.0013800	0.15651	0.0028070	0.13971	0.0013790	0.17390	0.0013740
1780.0	0.23463	0.0014840	0.15653	0.0020020	0.13981	0.0015150	0.17406	0.0014460
1785.0	0.23507	0.0015040	0.15690	0.0020900	0.13978	0.0013800	0.17412	0.0019130
1790.0	0.23572	0.0014480	0.15739	0.0019050	0.13983	0.0014750	0.17458	0.0014900
1795.0	0.23565	0.0013540	0.15761	0.0019450	0.14029	0.0012870	0.17483	0.0018100
1800.0	0.23681	0.0015000	0.15784	0.0016000	0.14073	0.0013190	0.17547	0.0016580
1805.0	0.23678	0.0014850	0.15815	0.0017490	0.14075	0.0015390	0.17545	0.0020300
1810.0	0.23758	0.0018210	0.15850	0.0015980	0.14099	0.0017810	0.17576	0.0017120
1815.0	0.23684	0.0015330	0.15850	0.0016660	0.14047	0.0015820	0.17590	0.0017510
1820.0	0.23793	0.0015300	0.15891	0.0017810	0.14155	0.0016480	0.17683	0.0017660
1825.0	0.23836	0.0016710	0.15893	0.0016880	0.14120	0.0017700	0.17695	0.0017470
1830.0	0.23917	0.0015000	0.15925	0.0016520	0.14182	0.0016800	0.17668	0.0018700
1835.0	0.23865	0.0014590	0.15938	0.0017690	0.14187	0.0016740	0.17729	0.0013910
1840.0	0.23932	0.0015710	0.15876	0.0021510	0.14247	0.0015890	0.17717	0.0019430
1845.0	0.23972	0.0013980	0.15969	0.0021490	0.14192	0.0016240	0.17709	0.0015050
1850.0	0.24019	0.0014960	0.15955	0.0020160	0.14130	0.0018020	0.17744	0.0016840
1855.0	0.24074	0.0015210	0.16002	0.0021860	0.14177	0.0015980	0.17733	0.0019170
1860.0	0.24057	0.0015480	0.15980	0.0020360	0.14193	0.0015270	0.17777	0.0017660
1865.0	0.24120	0.0014310	0.16053	0.0020590	0.14222	0.0015080	0.17818	0.0020710
1870.0	0.24190	0.0017070	0.16161	0.0018720	0.14307	0.0015950	0.17800	0.0021530
1875.0	0.24246	0.0016280	0.16003	0.0018300	0.14244	0.0020290	0.17769	0.0018340
1880.0	0.24265	0.0016250	0.16086	0.0021950	0.14268	0.0018220	0.17859	0.0017050
1885.0	0.24350	0.0015180	0.16138	0.0022990	0.14328	0.0016860	0.17953	0.0018580
1890.0	0.24359	0.0015770	0.16171	0.0026440	0.14288	0.0015520	0.17954	0.0017030
1895.0	0.24379	0.0015970	0.16183	0.0024190	0.14317	0.0019030	0.17956	0.0021830
1900.0	0.24413	0.0014320	0.16266	0.0025380	0.14415	0.0015850	0.18066	0.0016330
1905.0	0.24464	0.0018100	0.16212	0.0025870	0.14386	0.0016350	0.18046	0.0020460
1910.0	0.24544	0.0014830	0.16226	0.0024050	0.14345	0.0017070	0.18058	0.0014410
1915.0	0.24558	0.0015730	0.16258	0.0024170	0.14377	0.0016600	0.18087	0.0022070
1920.0	0.24592	0.0015790	0.16317	0.0024870	0.14442	0.0018320	0.18148	0.0016610
1925.0	0.24653	0.0017360	0.16327	0.0026270	0.14453	0.0016990	0.18175	0.0018420
1930.0	0.24687	0.0016570	0.16383	0.0023360	0.14486	0.0018670	0.18188	0.0016710
1935.0	0.24619	0.0015410	0.16385	0.0023160	0.14426	0.0017800	0.18210	0.0017160
1940.0	0.24695	0.0016380	0.16419	0.0025630	0.14529	0.0018500	0.18239	0.0020260
1945.0	0.24639	0.0016370	0.16451	0.0027160	0.14457	0.0017500	0.18292	0.0017000
1950.0	0.24724	0.0017080	0.16472	0.0030020	0.14562	0.0015640	0.18288	0.0018940
1955.0	0.24751	0.0016820	0.16494	0.0027310	0.14577	0.0017900	0.18322	0.0018290
1960.0	0.24782	0.0016860	0.16539	0.0023240	0.14623	0.0014660	0.18373	0.0018000
1965.0	0.24755	0.0015700	0.16545	0.0022540	0.14584	0.0015980	0.18337	0.0018020
1970.0	0.24882	0.0015820	0.16589	0.0018310	0.14656	0.0013920	0.18360	0.0021090
1975.0	0.24928	0.0017380	0.16615	0.0017870	0.14670	0.0017580	0.18454	0.0018430
1980.0	0.24986	0.0016580	0.16643	0.0019630	0.14744	0.0016610	0.18466	0.0018870
1985.0	0.25035	0.0016250	0.16683	0.0019470	0.14693	0.0013530	0.18514	0.0017940
1990.0	0.25037	0.0018270	0.16709	0.0028450	0.14725	0.0016720	0.18571	0.0020550
1995.0	0.25098	0.0017350	0.16746	0.0026270	0.14761	0.0015350	0.18565	0.0021960
2000.0	0.25107	0.0018460	0.16778	0.0031340	0.14821	0.0016450	0.18581	0.0020670
2005.0	0.25202	0.0018230	0.16806	0.0031770	0.14870	0.0014190	0.18609	0.0026380
2010.0	0.25178	0.0017080	0.16860	0.0030950	0.14863	0.0015280	0.18752	0.0018950
2015.0	0.25362	0.0017370	0.16878	0.0030430	0.14970	0.0015970	0.18732	0.0021410
2020.0	0.25248	0.0015970	0.16915	0.0030510	0.14955	0.0015350	0.18703	0.0016180
2025.0	0.25442	0.0017670	0.16925	0.0030020	0.15003	0.0017550	0.18808	0.0023580
2030.0	0.25347	0.0018030	0.16973	0.0030370	0.14980	0.0016190	0.18808	0.0019380
2035.0	0.25469	0.0016000	0.16977	0.0030250	0.15028	0.0015760	0.18863	0.0021130
2040.0	0.25471	0.0017250	0.16997	0.0029670	0.15051	0.0015210	0.18940	0.0017760
2045.0	0.25539	0.0018070	0.17067	0.0028580	0.15011	0.0016190	0.18946	0.0017070
2050.0	0.25544	0.0016070	0.17006	0.0037340	0.15069	0.0015410	0.18979	0.0018410
2055.0	0.25523	0.0016520	0.17091	0.0036560	0.15080	0.0016590	0.19019	0.0015510
2060.0	0.25577	0.0018630	0.17064	0.0036160	0.15164	0.0017620	0.19009	0.0021550
2065.0	0.25619	0.0018360	0.17164	0.0038090	0.15221	0.0017160	0.19039	0.0023800
2070.0	0.25692	0.0018120	0.17134	0.0027890	0.15303	0.0017010	0.19052	0.0021160
2075.0	0.25657	0.0018090	0.17229	0.0028420	0.15335	0.0018050	0.19109	0.0019070
2080.0	0.25773	0.0016500	0.17190	0.0019770	0.15390	0.0015600	0.19173	0.0021930
2085.0	0.25800	0.0018610	0.17253	0.0022440	0.15388	0.0018100	0.19209	0.0022490
2090.0	0.25919	0.0019540	0.17268	0.0028620	0.15466	0.0018300	0.19254	0.0024350
2095.0	0.25871	0.0018500	0.17363	0.0027070	0.15466	0.0018130	0.19290	0.0025460
2100.0	0.25994	0.0022160	0.17274	0.0030410	0.15454	0.0016950	0.19355	0.0026470
2105.0	0.25955	0.0019040	0.17372	0.0030170	0.15481	0.0020130	0.19344	0.0028410
2110.0	0.26004	0.0018420	0.17350	0.0034790	0.15557	0.0017060	0.19442	0.0021400
2115.0	0.26006	0.0017550	0.17442	0.0038610	0.15577	0.0017580	0.19403	0.0032300
2120.0	0.26099	0.0017680	0.17463	0.0032600	0.15622	0.0015290	0.19489	0.0020880
2125.0	0.26110	0.0018430	0.17523	0.0033790	0.15673	0.0018280	0.19494	0.0025860
2130.0	0.26158	0.0018450	0.17522	0.0029270	0.15653	0.0015630	0.19566	0.0021050
2135.0	0.26240	0.0020370	0.17574	0.0028690	0.15750	0.0016580	0.19573	0.0024700
2140.0	0.26264	0.0017890	0.17589	0.0026030	0.15785	0.0015750	0.19590	0.0030300
2145.0	0.26318	0.0017780	0.17615	0.0027150	0.15819	0.0017910	0.19657	0.0022010
2150.0	0.26348	0.0018400	0.17668	0.0021770	0.15832	0.0015480	0.19634	0.0025280
2155.0	0.26418	0.0019340	0.17721	0.0022300	0.15861	0.0018110	0.19745	0.0019530
2160.0	0.26421	0.0016990	0.17747	0.0024090	0.15903	0.0017210	0.19836	0.0025200
2165.0	0.26507	0.0018780	0.17787	0.0024480	0.15993	0.0018120	0.19850	0.0020640
2170.0	0.26530	0.0018630	0.17827	0.0021260	0.15987	0.0018820	0.19836	0.0026620
2175.0	0.26602	0.0016050	0.17858	0.0020770	0.16050	0.0018190	0.19899	0.0023550
2180.0	0.26547	0.0017190	0.17920	0.0033420	0.16073	0.0016280	0.19929	0.0023870
2185.0	0.26655	0.0018140	0.17962	0.0034150	0.16113	0.0016370	0.20023	0.0023050
2190.0	0.26696	0.0017930	0.18023	0.0049410	0.16186	0.0019010	0.20042	0.0025350
2195.0	0.26741	0.0018200	0.18015	0.0048250	0.16210	0.0017320	0.20084	0.0027830
2200.0	0.26816	0.0017520	0.18044	0.0052340	0.16199	0.0016200	0.20096	0.0024240
2205.0	0.26835	0.0017410	0.18103	0.0054860	0.16199	0.0016820	0.20159	0.0030680
2210.0	0.26923	0.0019410	0.18128	0.0064170	0.16333	0.0018380	0.20287	0.0022640
2215.0	0.26874	0.0019080	0.18168	0.0062740	0.16276	0.0018230	0.20260	0.0027470
2220.0	0.26976	0.0017680	0.18235	0.0071260	0.16414	0.0018070	0.20305	0.0022150
2225.0	0.26960	0.0018990	0.18260	0.0069070	0.16344	0.0018300	0.20351	0.0027780
2230.0	0.27135	0.0019520	0.18333	0.0064470	0.16555	0.0019820	0.20424	0.0025850
2235.0	0.27076	0.0018300	0.18373	0.0067200	0.16524	0.0017880	0.20434	0.0024930
2240.0	0.27179	0.0018130	0.18425	0.0065610	0.16584	0.0019920	0.20503	0.0027650
2245.0	0.27216	0.0019260	0.18438	0.0066330	0.16580	0.0017060	0.20529	0.0023710
2250.0	0.27334	0.0016920	0.18544	0.0061240	0.16773	0.0016050	0.20592	0.0029790
2255.0	0.27294	0.0016700	0.18568	0.0064300	0.16669	0.0016180	0.20690	0.0022750
2260.0	0.27397	0.0019860	0.18624	0.0065550	0.16786	0.0017200	0.20685	0.0032710
2265.0	0.27421	0.0021100	0.18652	0.0064950	0.16787	0.0017360	0.20703	0.0029280
2270.0	0.27487	0.0019060	0.18740	0.0055780	0.16842	0.0016360	0.20770	0.0032770
2275.0	0.27519	0.0020600	0.18776	0.0058690	0.16875	0.0016100	0.20799	0.0028370
2280.0	0.27560	0.0021680	0.18852	0.0042040	0.16984	0.0017160	0.20819	0.0033800
2285.0	0.27616	0.0020320	0.18925	0.0041380	0.17015	0.0016380	0.20896	0.0025770
2290.0	0.27559	0.0021240	0.18994	0.0027520	0.17106	0.0019730	0.20876	0.0031850
2295.0	0.27781	0.0018380	0.19064	0.0027310	0.17202	0.0018840	0.21012	0.0029860
2300.0	0.27755	0.0020820	0.19133	0.0022890	0.17190	0.0017080	0.21032	0.0031530
2305.0	0.27917	0.0021100	0.19168	0.0023130	0.17277	0.0017790	0.21052	0.0036610
2310.0	0.27820	0.0021770	0.19235	0.0023880	0.17357	0.0017670	0.21149	0.0033950
2315.0	0.27872	0.0019890	0.19242	0.0022550	0.17361	0.0017790	0.21218	0.0038460
2320.0	0.27873	0.0021290	0.19267	0.0030760	0.17356	0.0021810	0.21247	0.0031860
2325.0	0.28091	0.0026440	0.19280	0.0029790	0.17468	0.0021670	0.21282	0.0037630
2330.0	0.28008	0.0019940	0.19353	0.0031290	0.17496	0.0021560	0.21300	0.0032100
2335.0	0.28143	0.0021030	0.19361	0.0032220	0.17505	0.0018210	0.21389	0.0038180
2340.0	0.28140	0.0020650	0.19461	0.0025260	0.17590	0.0015520	0.21385	0.0030660
2345.0	0.28175	0.0023940	0.19518	0.0025440	0.17581	0.0022630	0.21518	0.0031370
2350.0	0.28254	0.0021940	0.19540	0.0028520	0.17689	0.0020450	0.21537	0.0038830
2355.0	0.28151	0.0023230	0.19552	0.0028970	0.17598	0.0019430	0.21542	0.0027930
2360.0	0.28208	0.0023990	0.19653	0.0025000	0.17781	0.0017380	0.21610	0.0034090
2365.0	0.28229	0.0020390	0.19649	0.0026200	0.17799	0.0017370	0.21721	0.0032030
2370.0	0.28321	0.0024420	0.19723	0.0022240	0.17928	0.0020740	0.21703	0.0037980
2375.0	0.28268	0.0023260	0.19751	0.0023690	0.17929	0.0019660	0.21779	0.0034290
2380.0	0.28403	0.0024790	0.19820	0.0029990	0.18036	0.0019710	0.21845	0.0036010
2385.0	0.28362	0.0025220	0.19870	0.0032320	0.17987	0.0022730	0.21910	0.0030080
2390.0	0.28424	0.0025650	0.19921	0.0034750	0.18119	0.0020590	0.21936	0.0039670
2395.0	0.28440	0.0026230	0.19971	0.0034570	0.18113	0.0023380	0.21989	0.0033160
2400.0	0.28520	0.0022880	0.20014	0.0049110	0.18253	0.0024130	0.22079	0.0042010
2405.0	0.28652	0.0024350	0.20063	0.0052600	0.18277	0.0023710	0.22089	0.0040030
2410.0	0.28697	0.0022990	0.20087	0.0060030	0.18322	0.0021440	0.22190	0.0038230
2415.0	0.28716	0.0025560	0.20147	0.0058440	0.18437	0.0026380	0.22186	0.0041660
2420.0	0.28659	0.0023250	0.20195	0.0066160	0.18501	0.0024130	0.22232	0.0036060
2425.0	0.28750	0.0024560	0.20190	0.0066950	0.18605	0.0024710	0.22269	0.0042580
2430.0	0.28775	0.0025200	0.20285	0.0062170	0.18559	0.0022600	0.22361	0.0034900
2435.0	0.28844	0.0025320	0.20322	0.0063350	0.18613	0.0022480	0.22414	0.0041460
2440.0	0.28939	0.0024190	0.20354	0.0067040	0.18731	0.0020230	0.22419	0.0036280
2445.0	0.28976	0.0024370	0.20390	0.0066770	0.18881	0.0021070	0.22556	0.0035280
2450.0	0.28937	0.0023920	0.20442	0.0070550	0.18816	0.0021230	0.22599	0.0035360
2455.0	0.29028	0.0024840	0.20462	0.0068890	0.18954	0.0024250	0.22675	0.0025620
2460.0	0.29035	0.0023620	0.20546	0.0068490	0.18940	0.0019880	0.22739	0.0035960
2465.0	0.28966	0.0025310	0.20591	0.0069220	0.18961	0.0020000	0.22756	0.0024320
2470.0	0.29061	0.0024690	0.20683	0.0049900	0.19019	0.0022110	0.22857	0.0032930
2475.0	0.29087	0.0019350	0.20790	0.0051030	0.19005	0.0016770	0.22834	0.0036670
2480.0	0.29179	0.0022200	0.20892	0.0046870	0.19126	0.0017500	0.22933	0.0026680
2485.0	0.29106	0.0018290	0.20913	0.0042620	0.19096	0.0017260	0.22979	0.0023490
2490.0	0.29260	0.0021640	0.21000	0.0041290	0.19218	0.0015840	0.23046	0.0025730
2495.0	0.29138	0.0019060	0.20966	0.0074550	0.19281	0.0014470	0.23046	0.0028810
2500.0	0.29407	0.0016330	0.21018	0.0071150	0.19317	0.0016420	0.23088	0.0023920
2505.0	0.29222	0.0018310	0.21036	0.0072250	0.19433	0.0016370	0.23188	0.0033810
2510.0	0.29367	0.0020050	0.21110	0.0072640	0.19494	0.0018450	0.23211	0.0028050
2515.0	0.29336	0.0021480	0.21163	0.0072230	0.19566	0.0015950	0.23320	0.0033480
2520.0	0.29403	0.0022060	0.21202	0.0069210	0.19511	0.0017780	0.23306	0.0023900
2525.0	0.29342	0.0024760	0.21247	0.0085460	0.19585	0.0021050	0.23343	0.0029960
2530.0	0.29456	0.0021840	0.21357	0.0090110	0.19734	0.0016880	0.23482	0.0026230
2535.0	0.29479	0.0023550	0.21382	0.0076090	0.19789	0.0017990	0.23505	0.0021520
2540.0	0.29557	0.0022820	0.21457	0.0069790	0.19813	0.0018540	0.23480	0.0028330
2545.0	0.29670	0.0022230	0.21487	0.0059420	0.19817	0.0020020	0.23743	0.0024250
2550.0	0.29719	0.0027510	0.21620	0.0062630	0.19839	0.0019060	0.23704	0.0033360
2555.0	0.29688	0.0021350	0.21589	0.0042230	0.19899	0.0022260	0.23778	0.0027050
2560.0	0.29831	0.0024090	0.21648	0.0048170	0.20207	0.0017480	0.23798	0.0032390
2565.0	0.29877	0.0032560	0.21700	0.0032930	0.20155	0.0027640	0.23873	0.0055430
2570.0	0.29922	0.0025560	0.21793	0.0031190	0.20186	0.0024210	0.23923	0.0042040
2575.0	0.29924	0.0024600	0.21780	0.0024680	0.20357	0.0023940	0.23988	0.0032910
2580.0	0.30105	0.0026710	0.21922	0.0023020	0.20343	0.0028820	0.23985	0.0037970
2585.0	0.30016	0.0031300	0.21999	0.0037820	0.20579	0.0030330	0.24163	0.0044320
2590.0	0.30248	0.0032860	0.22052	0.0036780	0.20324	0.0029230	0.24076	0.0045410
2595.0	0.30140	0.0031590	0.22099	0.0048510	0.20714	0.0029830	0.24021	0.0053400
2600.0	0.30260	0.0031330	0.22132	0.0035210	0.20322	0.0028800	0.23958	0.0044310
