300.00	0.038588	0.18951	0.035750	0.18976	0.036902	0.18970	0.037350	0.0042880
305.00	0.038892	0.12455	0.036494	0.12481	0.037650	0.12489	0.037675	0.0044570
310.00	0.039198	0.091819	0.037239	0.091503	0.038401	0.091864	0.037775	0.0049490
315.00	0.040136	0.070648	0.038169	0.070288	0.039058	0.070324	0.037769	0.0055300
320.00	0.040268	0.055522	0.037955	0.055485	0.039140	0.055505	0.038815	0.0038740
325.00	0.040470	0.045029	0.037899	0.045082	0.039282	0.045018	0.040105	0.0023430
330.00	0.040902	0.037053	0.037976	0.037132	0.039252	0.037096	0.040589	0.0018150
335.00	0.041442	0.031080	0.038137	0.031117	0.039528	0.031099	0.040628	0.0018070
340.00	0.041981	0.025971	0.038650	0.026024	0.039944	0.026003	0.041086	0.0017720
345.00	0.042581	0.021650	0.039220	0.021712	0.040405	0.021716	0.041471	0.0019220
350.00	0.043144	0.017799	0.039728	0.017816	0.040817	0.017809	0.041875	0.0020450
355.00	0.043791	0.014690	0.040172	0.014695	0.041342	0.014685	0.042299	0.0021370
360.00	0.044293	0.012271	0.040473	0.012282	0.041602	0.012295	0.042998	0.0018540
365.00	0.044746	0.010267	0.040769	0.010304	0.041890	0.010321	0.043122	0.0021990
370.00	0.045277	0.0088260	0.041062	0.0088050	0.042277	0.0088130	0.043618	0.0020770
375.00	0.045851	0.0079350	0.041402	0.0078960	0.042672	0.0079030	0.044241	0.0017830
380.00	0.046557	0.0074460	0.041905	0.0073840	0.043156	0.0074210	0.044741	0.0019390
385.00	0.047361	0.0075670	0.042474	0.0074970	0.043727	0.0075260	0.045401	0.0019910
390.00	0.048315	0.0051010	0.043142	0.0050860	0.044349	0.0051340	0.046030	0.0021370
395.00	0.049171	0.0037300	0.043794	0.0036820	0.044933	0.0037020	0.046534	0.0024110
400.00	0.050076	0.0028290	0.044442	0.0028510	0.045534	0.0029080	0.047595	0.0019770
405.00	0.050792	0.0022260	0.044921	0.0022280	0.046001	0.0022770	0.048122	0.0020700
410.00	0.051486	0.0026030	0.045367	0.0025610	0.046462	0.0025880	0.048609	0.0021590
415.00	0.052037	0.0021110	0.045696	0.0021390	0.046870	0.0021800	0.049055	0.0022090
420.00	0.052643	0.0018620	0.046036	0.0018210	0.047261	0.0019040	0.049485	0.0023470
425.00	0.053209	0.0016760	0.046339	0.0016550	0.047624	0.0017180	0.050028	0.0022480
430.00	0.053854	0.0015070	0.046725	0.0014830	0.048037	0.0015440	0.050477	0.0024160
435.00	0.054535	0.0013930	0.047142	0.0013750	0.048410	0.0014380	0.051010	0.0024290
440.00	0.055214	0.0012760	0.047590	0.0012570	0.048775	0.0013440	0.051459	0.0025700
445.00	0.055863	0.0012200	0.048009	0.0011910	0.049108	0.0012770	0.051971	0.0026090
450.00	0.056646	0.0011510	0.048554	0.0011360	0.049519	0.0012190	0.052481	0.0027440
455.00	0.057306	0.0010690	0.049009	0.0010300	0.049850	0.0010900	0.052946	0.0028180
460.00	0.057965	0.0010170	0.049445	0.0010030	0.050200	0.0010950	0.053440	0.0028760
465.00	0.058605	0.00099700	0.049849	0.00095800	0.050570	0.0010470	0.053916	0.0029640
470.00	0.059274	0.00096900	0.050302	0.00089800	0.051001	0.0010080	0.054404	0.0030120
475.00	0.059808	0.00093900	0.050642	0.00087600	0.051329	0.00096300	0.054876	0.0029740
480.00	0.060394	0.00092000	0.050998	0.00084600	0.051715	0.00090700	0.055365	0.0029830
485.00	0.061053	0.00090200	0.051419	0.00083300	0.052109	0.00092700	0.055834	0.0029940
490.00	0.061584	0.00089100	0.051743	0.00082900	0.052433	0.00093800	0.056306	0.0029940
495.00	0.062269	0.00091200	0.052137	0.00078800	0.052766	0.00086100	0.056785	0.0030180
500.00	0.062846	0.00086200	0.052503	0.00077300	0.053081	0.00091000	0.057255	0.0030930
505.00	0.063499	0.00085300	0.052944	0.00078500	0.053449	0.00088200	0.057691	0.0032030
510.00	0.064105	0.00084600	0.053359	0.00073500	0.053820	0.00086100	0.058172	0.0032070
515.00	0.064705	0.00081300	0.053816	0.00075800	0.054211	0.00088800	0.058700	0.0031850
520.00	0.065364	0.00089700	0.054341	0.00074000	0.054660	0.00084600	0.059157	0.0032710
525.00	0.065970	0.00086600	0.054802	0.00069400	0.055096	0.00085900	0.059744	0.0031900
530.00	0.066620	0.0010050	0.055289	0.00074300	0.055489	0.00090300	0.060253	0.0032160
535.00	0.067293	0.00095900	0.055765	0.00068700	0.055925	0.00086800	0.060760	0.0033230
540.00	0.067887	0.00098400	0.056148	0.00074100	0.056295	0.00087200	0.061239	0.0033460
545.00	0.068472	0.00099000	0.056499	0.00071200	0.056655	0.00089100	0.061713	0.0033650
550.00	0.068999	0.00085300	0.056822	0.00068200	0.056965	0.00088300	0.062101	0.0034490
555.00	0.069624	0.00086600	0.057180	0.00068100	0.057326	0.00095200	0.062620	0.0033590
560.00	0.070113	0.00093200	0.057498	0.00070700	0.057613	0.00092900	0.063010	0.0033890
565.00	0.070674	0.00090300	0.057896	0.00070300	0.057940	0.00090700	0.063465	0.0033870
570.00	0.071261	0.00083900	0.058328	0.00070200	0.058257	0.00093100	0.063875	0.0034330
575.00	0.071850	0.00086700	0.058773	0.00073100	0.058619	0.00093000	0.064300	0.0034780
580.00	0.072456	0.00084200	0.059244	0.00070200	0.058977	0.00093500	0.064766	0.0034580
585.00	0.072954	0.00087000	0.059634	0.00071000	0.059281	0.00096500	0.065191	0.0034840
590.00	0.073584	0.00094300	0.060101	0.00071700	0.059631	0.00095900	0.065622	0.0034830
595.00	0.074124	0.00092200	0.060512	0.00070800	0.059942	0.00096600	0.066052	0.0035680
600.00	0.074673	0.0011030	0.060880	0.00070800	0.060237	0.00093800	0.066564	0.0035530
605.00	0.075211	0.0011800	0.061239	0.00080000	0.060570	0.00099600	0.067070	0.0035620
610.00	0.075697	0.00097200	0.061558	0.00074800	0.060868	0.00095600	0.067505	0.0036330
615.00	0.076279	0.0010270	0.061923	0.00078200	0.061211	0.00094800	0.068008	0.0036790
620.00	0.076781	0.00095700	0.062239	0.00074400	0.061528	0.0010050	0.068438	0.0037300
625.00	0.077333	0.00096500	0.062631	0.00077400	0.061876	0.00099800	0.068871	0.0037460
630.00	0.077920	0.00099200	0.063027	0.00076300	0.062175	0.0010230	0.069250	0.0038010
635.00	0.078520	0.0010620	0.063443	0.00075900	0.062529	0.0010130	0.069642	0.0039300
640.00	0.079202	0.0010310	0.063933	0.00079200	0.062885	0.0010140	0.070096	0.0039330
645.00	0.079729	0.0010310	0.064317	0.00081900	0.063182	0.0010790	0.070515	0.0039170
650.00	0.080238	0.0011790	0.064658	0.00083700	0.063446	0.0010330	0.070969	0.0039500
655.00	0.080792	0.0011880	0.065027	0.00085800	0.063744	0.0010620	0.071436	0.0039740
660.00	0.081255	0.0011410	0.065319	0.00092500	0.063958	0.0010670	0.071858	0.0039300
665.00	0.081649	0.0011100	0.065532	0.00094200	0.064156	0.0010710	0.072245	0.0039310
670.00	0.082074	0.0010770	0.065761	0.00095900	0.064323	0.0011190	0.072522	0.0041340
675.00	0.082521	0.0011180	0.066041	0.0010060	0.064542	0.0011910	0.073134	0.0037820
680.00	0.082994	0.0011840	0.066368	0.0010210	0.064787	0.0012080	0.073409	0.0039540
685.00	0.083500	0.0012380	0.066755	0.0011110	0.065094	0.0012840	0.073851	0.0039600
690.00	0.084136	0.0013080	0.067248	0.0011920	0.065453	0.0013210	0.074347	0.0039040
695.00	0.084900	0.0013310	0.067807	0.0011900	0.065919	0.0013370	0.074744	0.0040350
700.00	0.085355	0.0014770	0.068149	0.0012140	0.066217	0.0013840	0.075124	0.0040470
705.00	0.085938	0.0013990	0.068541	0.0010760	0.066529	0.0012350	0.075485	0.0041300
710.00	0.086406	0.0014750	0.068818	0.0011530	0.066764	0.0013030	0.075928	0.0040320
715.00	0.086725	0.0015210	0.068953	0.0012090	0.066973	0.0013570	0.076271	0.0040790
720.00	0.086951	0.0015590	0.069038	0.0012640	0.067063	0.0013930	0.076647	0.0039610
725.00	0.087530	0.0016560	0.069363	0.0013380	0.067378	0.0015130	0.077042	0.0040480
730.00	0.087942	0.0016360	0.069626	0.0013950	0.067591	0.0015470	0.077387	0.0041140
735.00	0.088410	0.0017210	0.069917	0.0014560	0.067848	0.0015970	0.077801	0.0041080
740.00	0.089073	0.0017540	0.070366	0.0015420	0.068155	0.0016810	0.078248	0.0041030
745.00	0.089723	0.0017700	0.070776	0.0016020	0.068485	0.0017440	0.078706	0.0040920
750.00	0.090260	0.0019130	0.071126	0.0016720	0.068720	0.0018350	0.079055	0.0041620
755.00	0.090803	0.0019350	0.071434	0.0017850	0.068980	0.0019390	0.079453	0.0042020
760.00	0.091356	0.0021050	0.071746	0.0018880	0.069173	0.0019800	0.079783	0.0042390
765.00	0.091840	0.0023120	0.071981	0.0020380	0.069326	0.0021530	0.080277	0.0040620
770.00	0.092159	0.0023390	0.072173	0.0021780	0.069472	0.0022660	0.080637	0.0041060
775.00	0.092805	0.0025070	0.072510	0.0023360	0.069702	0.0024700	0.081014	0.0040980
780.00	0.093135	0.0026210	0.072684	0.0025110	0.069838	0.0026110	0.081456	0.0039120
785.00	0.093739	0.0028130	0.073038	0.0027320	0.070164	0.0027870	0.081702	0.0041340
790.00	0.094095	0.0029950	0.073283	0.0028690	0.070364	0.0029310	0.082091	0.0040790
795.00	0.094656	0.0031440	0.073612	0.0030440	0.070547	0.0031830	0.082559	0.0039300
800.00	0.094223	0.0029000	0.073310	0.0028120	0.070128	0.0029220	0.082691	0.0038700
805.00	0.096246	0.0030490	0.074686	0.0029750	0.070986	0.0030790	0.083194	0.0044370
810.00	0.095952	0.0031560	0.074291	0.0030810	0.070682	0.0031510	0.083644	0.0042480
815.00	0.097241	0.0031910	0.075029	0.0031850	0.071010	0.0032280	0.084010	0.0044090
820.00	0.097517	0.0033550	0.075156	0.0032760	0.071173	0.0033820	0.084339	0.0043340
825.00	0.098166	0.0034210	0.075588	0.0033760	0.071172	0.0034620	0.084724	0.0041760
830.00	0.098439	0.0034820	0.075807	0.0034410	0.070918	0.0034820	0.084774	0.0043570
835.00	0.099330	0.0035650	0.076190	0.0035240	0.071046	0.0035900	0.085251	0.0042920
840.00	0.099762	0.0036390	0.076343	0.0035460	0.070846	0.0036240	0.085495	0.0046430
845.00	0.10029	0.0036740	0.076676	0.0035950	0.071138	0.0037220	0.085868	0.0046260
850.00	0.10064	0.0037090	0.076582	0.0036600	0.070849	0.0037980	0.086215	0.0041830
855.00	0.10075	0.0023120	0.076511	0.0023570	0.070569	0.0024380	0.086022	0.0042530
860.00	0.10132	0.0023200	0.076999	0.0022460	0.070400	0.0023170	0.086668	0.0042630
865.00	0.10204	0.0021460	0.076790	0.0020810	0.070254	0.0022310	0.086911	0.0041950
870.00	0.10182	0.0020320	0.076558	0.0019910	0.070125	0.0022160	0.086923	0.0041540
875.00	0.10285	0.0019890	0.076985	0.0019190	0.070078	0.0020410	0.087410	0.0044550
880.00	0.10257	0.0019580	0.076939	0.0017850	0.069841	0.0018560	0.087513	0.0047020
885.00	0.10358	0.0017820	0.077508	0.0017230	0.069877	0.0017990	0.088029	0.0045820
890.00	0.10338	0.0017000	0.077010	0.0015880	0.069523	0.0016780	0.088063	0.0046240
895.00	0.10415	0.0016570	0.077081	0.0014850	0.069364	0.0015990	0.088310	0.0046200
900.00	0.10465	0.0014510	0.077641	0.0013800	0.069046	0.0014010	0.088693	0.0049490
905.00	0.10523	0.0014620	0.077951	0.0013210	0.069484	0.0014900	0.088935	0.0052390
910.00	0.10568	0.0013990	0.077893	0.0012330	0.069439	0.0014110	0.089460	0.0055450
915.00	0.10561	0.0013190	0.077873	0.0011960	0.069394	0.0013010	0.089672	0.0054550
920.00	0.10653	0.0012740	0.078451	0.0011490	0.069682	0.0012990	0.089950	0.0058530
925.00	0.10659	0.0012410	0.078365	0.0010850	0.069384	0.0012310	0.090059	0.0057110
930.00	0.10701	0.0011710	0.078442	0.0010000	0.069480	0.0010990	0.090313	0.0058680
935.00	0.10733	0.0012340	0.078681	0.00098600	0.069497	0.0010560	0.090759	0.0055450
940.00	0.10787	0.0012000	0.078885	0.00096800	0.069647	0.0010290	0.090867	0.0057860
945.00	0.10820	0.0011380	0.079172	0.00090500	0.069765	0.0010890	0.091289	0.0057140
950.00	0.10883	0.0010480	0.079418	0.00092400	0.069738	0.0010020	0.091597	0.0058280
955.00	0.10928	0.0010680	0.079576	0.00090700	0.069872	0.00096500	0.091985	0.0059730
960.00	0.10967	0.0011880	0.079971	0.00088700	0.069950	0.00094100	0.092161	0.0058670
965.00	0.11031	0.0010530	0.080424	0.00081000	0.070170	0.00093700	0.092501	0.0060930
970.00	0.11089	0.0010600	0.080757	0.00084200	0.070311	0.00089400	0.093047	0.0059410
975.00	0.11125	0.0010220	0.081058	0.00077800	0.070320	0.00089700	0.093262	0.0059840
980.00	0.11176	0.0010800	0.081263	0.00077000	0.070462	0.00085300	0.093597	0.0058980
985.00	0.11197	0.0010080	0.081185	0.00080700	0.070790	0.00080800	0.093884	0.0059140
990.00	0.11246	0.0010290	0.081702	0.00072200	0.071071	0.00092500	0.094252	0.0061340
995.00	0.11308	0.0010740	0.081719	0.00077500	0.071218	0.00083200	0.094674	0.0060150
1000.0	0.11363	0.0011190	0.082292	0.00075500	0.071367	0.00081700	0.094860	0.0064200
1005.0	0.11361	0.0012070	0.082208	0.00076300	0.071576	0.00093200	0.095290	0.0060570
1010.0	0.11493	0.0010190	0.083116	0.00080500	0.071979	0.00098500	0.095624	0.0063490
1015.0	0.11497	0.0010650	0.083245	0.00076900	0.072318	0.00095400	0.096160	0.0063850
1020.0	0.11586	0.0010120	0.083644	0.00078400	0.072763	0.00098500	0.096498	0.0064830
1025.0	0.11607	0.00099300	0.084143	0.00080000	0.072925	0.0010530	0.097038	0.0062890
1030.0	0.11673	0.00095200	0.084501	0.00078000	0.073365	0.00098500	0.097417	0.0062760
1035.0	0.11701	0.00092700	0.084668	0.00076500	0.073678	0.00098700	0.097738	0.0065000
1040.0	0.11756	0.0010730	0.085356	0.00078100	0.074128	0.00084300	0.098403	0.0062900
1045.0	0.11810	0.0010550	0.085558	0.00076700	0.074588	0.00090800	0.098688	0.0065830
1050.0	0.11870	0.0011540	0.086238	0.00080200	0.074825	0.00097800	0.099102	0.0066230
1055.0	0.11917	0.0011650	0.086689	0.00075800	0.075325	0.00095300	0.099351	0.0067720
1060.0	0.11966	0.0011740	0.087150	0.00076900	0.075559	0.00088800	0.099821	0.0067290
1065.0	0.11998	0.0011150	0.087492	0.00076000	0.076082	0.00095000	0.10012	0.0068900
1070.0	0.12053	0.0011240	0.087900	0.00076100	0.076593	0.00093500	0.10057	0.0068500
1075.0	0.12121	0.0011250	0.088335	0.00073200	0.077017	0.00091600	0.10112	0.0070430
1080.0	0.12163	0.0010900	0.088878	0.00069200	0.077431	0.00081000	0.10154	0.0070350
1085.0	0.12187	0.00097400	0.089229	0.00065800	0.077774	0.00089600	0.10194	0.0068540
1090.0	0.12281	0.0010190	0.089684	0.00070500	0.078229	0.00076900	0.10235	0.0071900
1095.0	0.12319	0.0010450	0.090169	0.00076800	0.078867	0.00073100	0.10312	0.0071540
1100.0	0.12358	0.0011500	0.090718	0.00075100	0.079306	0.00075500	0.10339	0.0074320
1105.0	0.12454	0.0010890	0.091412	0.00069400	0.079959	0.00075100	0.10396	0.0075310
1110.0	0.12494	0.0011300	0.092009	0.00073500	0.080430	0.00081200	0.10455	0.0072650
1115.0	0.12557	0.0010230	0.092358	0.00069500	0.080977	0.00076900	0.10494	0.0076570
1120.0	0.12624	0.0010760	0.092947	0.00079000	0.081570	0.00070400	0.10547	0.0077920
1125.0	0.12680	0.0010670	0.093321	0.00074000	0.081988	0.00077500	0.10596	0.0078510
1130.0	0.12688	0.0010430	0.093924	0.00072000	0.082282	0.00082400	0.10643	0.0076190
1135.0	0.12744	0.0011940	0.094276	0.00072300	0.082885	0.00080900	0.10669	0.0078450
1140.0	0.12791	0.0011880	0.094876	0.00074400	0.083147	0.00089000	0.10727	0.0077820
1145.0	0.12831	0.0012180	0.095105	0.00067500	0.083646	0.00089600	0.10756	0.0080420
1150.0	0.12891	0.0012200	0.095840	0.00069800	0.084236	0.00085900	0.10824	0.0077330
1155.0	0.12946	0.0011850	0.096160	0.00070500	0.084592	0.00098700	0.10880	0.0081000
1160.0	0.12969	0.0012250	0.096419	0.00073600	0.084720	0.00088700	0.10905	0.0080900
1165.0	0.13023	0.0012200	0.096898	0.00080400	0.085217	0.00078400	0.10965	0.0079590
1170.0	0.13097	0.0012200	0.097600	0.00069300	0.085770	0.00085300	0.11006	0.0081450
1175.0	0.13149	0.0011670	0.097758	0.00067600	0.086106	0.00086100	0.11058	0.0079230
1180.0	0.13193	0.0011820	0.098288	0.00072900	0.086481	0.00083200	0.11089	0.0083740
1185.0	0.13245	0.0012900	0.098472	0.00077400	0.086622	0.00084500	0.11130	0.0082780
1190.0	0.13305	0.0012210	0.099025	0.00079200	0.087229	0.00089800	0.11173	0.0084910
1195.0	0.13351	0.0012850	0.099479	0.00074900	0.087614	0.00088300	0.11234	0.0085070
1200.0	0.13384	0.0014360	0.099846	0.00083900	0.087922	0.00087000	0.11237	0.0085180
1205.0	0.13349	0.0020400	0.099888	0.0010250	0.088049	0.0010290	0.11278	0.0084340
1210.0	0.13455	0.0014400	0.10013	0.0010300	0.088421	0.0010950	0.11304	0.0087770
1215.0	0.13525	0.0014790	0.10080	0.00093700	0.088727	0.0011480	0.11367	0.0084620
1220.0	0.13556	0.0013850	0.10142	0.00094200	0.089188	0.0011830	0.11418	0.0086370
1225.0	0.13600	0.0015580	0.10176	0.00094700	0.089406	0.0011270	0.11449	0.0085880
1230.0	0.13640	0.0013340	0.10183	0.00087700	0.089754	0.0011230	0.11468	0.0085670
1235.0	0.13697	0.0013870	0.10235	0.00088600	0.090001	0.0010980	0.11512	0.0086830
1240.0	0.13770	0.0013760	0.10271	0.00084100	0.090354	0.0011070	0.11533	0.0087820
1245.0	0.13820	0.0012430	0.10318	0.00082600	0.090566	0.0010990	0.11586	0.0088950
1250.0	0.13892	0.0012620	0.10389	0.00084400	0.091118	0.0011390	0.11652	0.0090280
1255.0	0.13903	0.0013250	0.10407	0.00079100	0.091402	0.0010910	0.11679	0.0089260
1260.0	0.13967	0.0013710	0.10443	0.00083900	0.091808	0.0010880	0.11728	0.0089320
1265.0	0.14020	0.0013500	0.10492	0.00073000	0.092155	0.00097100	0.11794	0.0089100
1270.0	0.14060	0.0013510	0.10546	0.00082000	0.092457	0.00099900	0.11822	0.0089660
1275.0	0.14125	0.0014600	0.10579	0.00084300	0.092855	0.00098100	0.11856	0.0091440
1280.0	0.14143	0.0014350	0.10624	0.00082400	0.093063	0.00096000	0.11898	0.0087790
1285.0	0.14213	0.0014840	0.10696	0.00089900	0.093502	0.0010710	0.11956	0.0090030
1290.0	0.14266	0.0012910	0.10711	0.00082300	0.093843	0.0011210	0.12007	0.0091870
1295.0	0.14267	0.0014150	0.10751	0.00080500	0.093993	0.0011010	0.12055	0.0091270
1300.0	0.14442	0.0013450	0.10857	0.00086000	0.094902	0.0010700	0.12119	0.0089540
1305.0	0.14389	0.0014480	0.10837	0.00085700	0.094859	0.0010110	0.12143	0.0089060
1310.0	0.14537	0.0013680	0.10941	0.00087100	0.095461	0.00096900	0.12213	0.0091090
1315.0	0.14561	0.0013310	0.10953	0.00076200	0.095753	0.0010830	0.12253	0.0089990
1320.0	0.14648	0.0013830	0.11028	0.00076400	0.096287	0.0010300	0.12312	0.0089010
1325.0	0.14636	0.0015770	0.11036	0.00078400	0.096596	0.0010590	0.12344	0.0089430
1330.0	0.14709	0.0015600	0.11106	0.00078400	0.097079	0.00098900	0.12385	0.0089570
1335.0	0.14781	0.0014830	0.11157	0.00086900	0.097499	0.00098100	0.12442	0.0092150
1340.0	0.14815	0.0013340	0.11194	0.00079300	0.097670	0.0011710	0.12484	0.0090260
1345.0	0.14853	0.0014080	0.11241	0.00085400	0.097925	0.0011090	0.12512	0.0090240
1350.0	0.14915	0.0015290	0.11291	0.00083100	0.098423	0.0010310	0.12553	0.0093860
1355.0	0.14906	0.0018740	0.11282	0.00086900	0.098619	0.0010750	0.12572	0.0090440
1360.0	0.14948	0.0016830	0.11335	0.00087300	0.098986	0.0010780	0.12624	0.0090580
1365.0	0.15053	0.0017880	0.11422	0.00088300	0.099757	0.0011450	0.12708	0.0094570
1370.0	0.15097	0.0016100	0.11461	0.00083300	0.10018	0.0011760	0.12745	0.0094770
1375.0	0.15189	0.0016700	0.11539	0.00085600	0.10053	0.0010490	0.12806	0.0093360
1380.0	0.15249	0.0017170	0.11598	0.00093900	0.10084	0.0010720	0.12861	0.0093740
1385.0	0.15309	0.0019330	0.11648	0.00098500	0.10172	0.0012100	0.12903	0.0095700
1390.0	0.15358	0.0016770	0.11684	0.0010210	0.10207	0.0011160	0.12932	0.0097940
1395.0	0.15424	0.0016190	0.11745	0.00095100	0.10221	0.0011250	0.12977	0.0098410
1400.0	0.15464	0.0017780	0.11782	0.00096700	0.10266	0.0012300	0.13007	0.0099420
1405.0	0.15525	0.0015650	0.11824	0.00090100	0.10317	0.0012420	0.13043	0.010089
1410.0	0.15603	0.0015320	0.11892	0.00096900	0.10378	0.0011960	0.13107	0.010182
1415.0	0.15676	0.0015130	0.11963	0.00095000	0.10399	0.0013260	0.13172	0.010181
1420.0	0.15730	0.0014780	0.12015	0.00090300	0.10448	0.0012000	0.13233	0.010460
1425.0	0.15760	0.0015130	0.12063	0.00097100	0.10494	0.0010730	0.13270	0.010310
1430.0	0.15819	0.0014850	0.12129	0.00092600	0.10519	0.0012900	0.13327	0.010078
1435.0	0.15882	0.0016870	0.12197	0.00092800	0.10574	0.0012700	0.13378	0.010234
1440.0	0.15946	0.0016940	0.12226	0.00090500	0.10615	0.0012420	0.13399	0.010264
1445.0	0.15935	0.0017690	0.12232	0.00098000	0.10622	0.0013130	0.13429	0.010453
1450.0	0.15983	0.0015470	0.12291	0.00089700	0.10667	0.0013090	0.13502	0.010338
1455.0	0.16033	0.0018240	0.12336	0.00095900	0.10702	0.0012670	0.13536	0.010130
1460.0	0.16094	0.0017320	0.12393	0.0010460	0.10749	0.0012330	0.13611	0.010002
1465.0	0.16155	0.0018010	0.12424	0.00099200	0.10789	0.0013040	0.13645	0.0099730
1470.0	0.16216	0.0017610	0.12457	0.00098600	0.10807	0.0012080	0.13673	0.010625
1475.0	0.16262	0.0016540	0.12532	0.0010190	0.10870	0.0013010	0.13716	0.010649
1480.0	0.16299	0.0016250	0.12566	0.00088800	0.10909	0.0012130	0.13797	0.010563
1485.0	0.16361	0.0016250	0.12634	0.00099100	0.10945	0.0012100	0.13850	0.010432
1490.0	0.16392	0.0017150	0.12659	0.00095000	0.10971	0.0013500	0.13869	0.010827
1495.0	0.16483	0.0016230	0.12692	0.00095200	0.10965	0.0013850	0.13885	0.010500
1500.0	0.16513	0.0017510	0.12707	0.00098900	0.11022	0.0014420	0.13936	0.010688
1505.0	0.16526	0.0017610	0.12757	0.00099700	0.11048	0.0012820	0.13980	0.010956
1510.0	0.16580	0.0016070	0.12801	0.0010920	0.11055	0.0013360	0.13998	0.010698
1515.0	0.16638	0.0016180	0.12871	0.0010720	0.11102	0.0012140	0.14055	0.010742
1520.0	0.16683	0.0015640	0.12879	0.0010450	0.11121	0.0013010	0.14092	0.010900
1525.0	0.16744	0.0016490	0.12920	0.00098900	0.11153	0.0012860	0.14119	0.010681
1530.0	0.16786	0.0016920	0.12992	0.0011220	0.11187	0.0014750	0.14159	0.010911
1535.0	0.16866	0.0016190	0.13006	0.0011340	0.11239	0.0014910	0.14204	0.011210
1540.0	0.16896	0.0016860	0.13049	0.0010490	0.11242	0.0014290	0.14238	0.010812
1545.0	0.16952	0.0018850	0.13097	0.0010300	0.11308	0.0014100	0.14313	0.011101
1550.0	0.16999	0.0019370	0.13161	0.0010110	0.11350	0.0013560	0.14331	0.010971
1555.0	0.17048	0.0019160	0.13218	0.0010450	0.11405	0.0014960	0.14390	0.011079
1560.0	0.17133	0.0020500	0.13246	0.0010940	0.11443	0.0015150	0.14417	0.011211
1565.0	0.17127	0.0020760	0.13287	0.0010350	0.11486	0.0015420	0.14447	0.011313
1570.0	0.17145	0.0020790	0.13326	0.0010460	0.11475	0.0014440	0.14505	0.010980
1575.0	0.17213	0.0021380	0.13341	0.0010980	0.11502	0.0015500	0.14554	0.011154
1580.0	0.17246	0.0021700	0.13382	0.0011330	0.11522	0.0015740	0.14562	0.011543
1585.0	0.17300	0.0019480	0.13433	0.0011090	0.11557	0.0015300	0.14589	0.011243
1590.0	0.17336	0.0020430	0.13454	0.0011480	0.11577	0.0015030	0.14635	0.011141
1595.0	0.17376	0.0020680	0.13506	0.0011030	0.11590	0.0015720	0.14670	0.011217
1600.0	0.17433	0.0021620	0.13520	0.0010810	0.11632	0.0014460	0.14714	0.011630
1605.0	0.17425	0.0019770	0.13521	0.0010220	0.11626	0.0014220	0.14730	0.011334
1610.0	0.17569	0.0020780	0.13641	0.0011100	0.11688	0.0014360	0.14757	0.011528
1615.0	0.17556	0.0020130	0.13657	0.0010860	0.11712	0.0013900	0.14800	0.011476
1620.0	0.17633	0.0020500	0.13703	0.0010330	0.11728	0.0014610	0.14877	0.011491
1625.0	0.17636	0.0019170	0.13721	0.00099000	0.11732	0.0013930	0.14896	0.011585
1630.0	0.17697	0.0019420	0.13769	0.0011540	0.11782	0.0014110	0.14913	0.011860
1635.0	0.17696	0.0020400	0.13786	0.0010810	0.11789	0.0013820	0.14932	0.011671
1640.0	0.17756	0.0019530	0.13838	0.0010950	0.11799	0.0016360	0.14985	0.011364
1645.0	0.17843	0.0019360	0.13848	0.00098600	0.11826	0.0015730	0.15025	0.011671
1650.0	0.17863	0.0019720	0.13887	0.0010250	0.11836	0.0014920	0.15054	0.011646
1655.0	0.17919	0.0019260	0.13930	0.0010400	0.11865	0.0014480	0.15082	0.011629
1660.0	0.17972	0.0022040	0.13988	0.0010590	0.11870	0.0014590	0.15107	0.011643
1665.0	0.18025	0.0052960	0.14046	0.0038870	0.11875	0.0034780	0.15142	0.011496
1670.0	0.18061	0.0022580	0.14076	0.0010970	0.11900	0.0015440	0.15182	0.011478
1675.0	0.18117	0.0020150	0.14089	0.0011630	0.11946	0.0015140	0.15231	0.011490
1680.0	0.18190	0.0020250	0.14146	0.00097100	0.11963	0.0014440	0.15265	0.011968
1685.0	0.18186	0.0021010	0.14134	0.0010780	0.11971	0.0015120	0.15294	0.011906
1690.0	0.18193	0.0018940	0.14184	0.0010690	0.11976	0.0015410	0.15316	0.011632
1695.0	0.18288	0.0018730	0.14227	0.0011370	0.12042	0.0015600	0.15371	0.011650
1700.0	0.18370	0.0019270	0.14285	0.00090900	0.12073	0.0013080	0.15423	0.011784
1705.0	0.18394	0.0017670	0.14319	0.00095600	0.12075	0.0013130	0.15473	0.011643
1710.0	0.18465	0.0018840	0.14384	0.0010010	0.12101	0.0013560	0.15492	0.012110
1715.0	0.18469	0.0019430	0.14395	0.00098700	0.12123	0.0014520	0.15511	0.012001
1720.0	0.18522	0.0020750	0.14430	0.0010090	0.12135	0.0013620	0.15547	0.011811
1725.0	0.18601	0.0020970	0.14460	0.0010140	0.12155	0.0013760	0.15565	0.011831
1730.0	0.18640	0.0020120	0.14501	0.0010200	0.12179	0.0014130	0.15621	0.011965
1735.0	0.18713	0.0021130	0.14562	0.00099600	0.12196	0.0012930	0.15636	0.012320
1740.0	0.18720	0.0020980	0.14566	0.00099500	0.12198	0.0013620	0.15684	0.012245
1745.0	0.18792	0.0020790	0.14615	0.00095100	0.12251	0.0014160	0.15696	0.012206
1750.0	0.18778	0.0020240	0.14634	0.00099700	0.12271	0.0013490	0.15741	0.012077
1755.0	0.18871	0.0018460	0.14673	0.00092600	0.12284	0.0013200	0.15728	0.012279
1760.0	0.18822	0.0020500	0.14663	0.00092800	0.12302	0.0013500	0.15798	0.012386
1765.0	0.18922	0.0021280	0.14721	0.00094800	0.12346	0.0012690	0.15820	0.012691
1770.0	0.18903	0.0021010	0.14750	0.00087400	0.12364	0.0012060	0.15861	0.012571
1775.0	0.18996	0.0020390	0.14786	0.00091700	0.12397	0.0012930	0.15877	0.012302
1780.0	0.18942	0.0020490	0.14775	0.00077000	0.12367	0.0012440	0.15886	0.012515
1785.0	0.19044	0.0022370	0.14837	0.00083700	0.12418	0.0012320	0.15957	0.012617
1790.0	0.19002	0.0025090	0.14848	0.00090000	0.12424	0.0012690	0.15945	0.012657
1795.0	0.19079	0.0025740	0.14891	0.00092100	0.12467	0.0013270	0.16033	0.012371
1800.0	0.19105	0.0025290	0.14930	0.00091200	0.12492	0.0012410	0.16012	0.012906
1805.0	0.19171	0.0026200	0.14993	0.00094600	0.12538	0.0013420	0.16090	0.012656
1810.0	0.19235	0.0020050	0.14997	0.00094500	0.12546	0.0013720	0.16079	0.013213
1815.0	0.19241	0.0021370	0.15018	0.00093300	0.12541	0.0014550	0.16133	0.012758
1820.0	0.19286	0.0017900	0.15051	0.00099400	0.12540	0.0013550	0.16102	0.012898
1825.0	0.19345	0.0018700	0.15139	0.0010040	0.12550	0.0012990	0.16200	0.013208
1830.0	0.19438	0.0016610	0.15152	0.00099600	0.12600	0.0013350	0.16220	0.013057
1835.0	0.19416	0.0017890	0.15168	0.0010220	0.12641	0.0014000	0.16276	0.013093
1840.0	0.19521	0.0017950	0.15200	0.00099700	0.12637	0.0013940	0.16289	0.012841
1845.0	0.19629	0.0015740	0.15348	0.00096700	0.12700	0.0013720	0.16393	0.013850
1850.0	0.19602	0.0020640	0.15344	0.00089900	0.12685	0.0014810	0.16403	0.013277
1855.0	0.19636	0.0021090	0.15390	0.00086200	0.12727	0.0014240	0.16454	0.013554
1860.0	0.19672	0.0017060	0.15405	0.00096000	0.12740	0.0014670	0.16446	0.013660
1865.0	0.19748	0.0015090	0.15471	0.00099900	0.12769	0.0014330	0.16500	0.013641
1870.0	0.19838	0.0017960	0.15554	0.0010210	0.12807	0.0013630	0.16574	0.013663
1875.0	0.19861	0.0018240	0.15585	0.0010400	0.12828	0.0015340	0.16600	0.013685
1880.0	0.19859	0.0018530	0.15592	0.0011670	0.12835	0.0013580	0.16618	0.013537
1885.0	0.19951	0.0018760	0.15678	0.0010240	0.12874	0.0014740	0.16699	0.013371
1890.0	0.19920	0.0018240	0.15658	0.00097600	0.12885	0.0014610	0.16682	0.013552
1895.0	0.19901	0.0018570	0.15642	0.0010770	0.12893	0.0014230	0.16672	0.013408
1900.0	0.19937	0.0020350	0.15683	0.0010050	0.12920	0.0014750	0.16709	0.013415
1905.0	0.19997	0.0020460	0.15720	0.00097600	0.12945	0.0014640	0.16745	0.013403
1910.0	0.19989	0.0019370	0.15728	0.0010650	0.12959	0.0015810	0.16755	0.013510
1915.0	0.20102	0.0019670	0.15775	0.0010030	0.12978	0.0015770	0.16817	0.013264
1920.0	0.20014	0.0019060	0.15781	0.0010820	0.13007	0.0015720	0.16818	0.013653
1925.0	0.20213	0.0019540	0.15954	0.0010140	0.13076	0.0014110	0.16964	0.013854
1930.0	0.20146	0.0020030	0.15889	0.0010200	0.13065	0.0013450	0.16904	0.013812
1935.0	0.20197	0.0018300	0.15940	0.00099100	0.13099	0.0015250	0.16947	0.014174
1940.0	0.20239	0.0021680	0.15975	0.0010360	0.13106	0.0015740	0.16996	0.013705
1945.0	0.20240	0.0019610	0.16027	0.00099600	0.13135	0.0015050	0.17014	0.013882
1950.0	0.20344	0.0020830	0.16075	0.00097500	0.13181	0.0014520	0.17058	0.013835
1955.0	0.20288	0.0020280	0.16041	0.00098600	0.13160	0.0014280	0.17052	0.013944
1960.0	0.20464	0.0020900	0.16173	0.0010830	0.13237	0.0014590	0.17115	0.014079
1965.0	0.20406	0.0020090	0.16142	0.0010180	0.13227	0.0015060	0.17111	0.014303
1970.0	0.20561	0.0019250	0.16240	0.0010460	0.13284	0.0014530	0.17192	0.014383
1975.0	0.20506	0.0019350	0.16216	0.0010950	0.13283	0.0014800	0.17186	0.014304
1980.0	0.20619	0.0018370	0.16299	0.0010710	0.13315	0.0015380	0.17257	0.014493
1985.0	0.20624	0.0017920	0.16311	0.0010610	0.13350	0.0015180	0.17288	0.014413
1990.0	0.20717	0.0019760	0.16383	0.0010260	0.13384	0.0015500	0.17315	0.014600
1995.0	0.20675	0.0016410	0.16395	0.0010470	0.13410	0.0014640	0.17356	0.014213
2000.0	0.20759	0.0018970	0.16461	0.0010020	0.13456	0.0015370	0.17358	0.015032
2005.0	0.20834	0.0021090	0.16529	0.00094300	0.13538	0.0015310	0.17451	0.014505
2010.0	0.20786	0.0017170	0.16512	0.00097300	0.13503	0.0016110	0.17456	0.014981
2015.0	0.20915	0.0018290	0.16586	0.00099900	0.13552	0.0016150	0.17484	0.014679
2020.0	0.20827	0.0020090	0.16551	0.00091800	0.13546	0.0018050	0.17500	0.015063
2025.0	0.20952	0.0020760	0.16625	0.0010870	0.13581	0.0015690	0.17530	0.015003
2030.0	0.20904	0.0023380	0.16598	0.0011830	0.13593	0.0015840	0.17546	0.014920
2035.0	0.21013	0.0021060	0.16673	0.0011090	0.13643	0.0017490	0.17583	0.014902
2040.0	0.20961	0.0022050	0.16656	0.0011820	0.13628	0.0017950	0.17632	0.014279
2045.0	0.21050	0.0020060	0.16745	0.0011160	0.13714	0.0015650	0.17647	0.014684
2050.0	0.21041	0.0021580	0.16748	0.0010690	0.13695	0.0016460	0.17688	0.014355
2055.0	0.21076	0.0020930	0.16812	0.0010590	0.13710	0.0016090	0.17708	0.014747
2060.0	0.21088	0.0019630	0.16815	0.0011090	0.13757	0.0016080	0.17770	0.014551
2065.0	0.21137	0.0019210	0.16852	0.0010250	0.13782	0.0018270	0.17743	0.014526
2070.0	0.21207	0.0015770	0.16918	0.0010390	0.13811	0.0019920	0.17831	0.014693
2075.0	0.21243	0.0016000	0.16944	0.0010820	0.13846	0.0018980	0.17855	0.015103
2080.0	0.21318	0.0015810	0.17017	0.0010490	0.13880	0.0019970	0.17907	0.014608
2085.0	0.21286	0.0017740	0.17024	0.0010510	0.13907	0.0017750	0.17936	0.014660
2090.0	0.21385	0.0018800	0.17138	0.0011820	0.13964	0.0018290	0.17979	0.014906
2095.0	0.21349	0.0018150	0.17104	0.0011370	0.13966	0.0018030	0.18003	0.014653
2100.0	0.21506	0.0023000	0.17280	0.0011980	0.14035	0.0019720	0.18043	0.015327
2105.0	0.21443	0.0020910	0.17260	0.0011840	0.14029	0.0020460	0.18126	0.014503
2110.0	0.21628	0.0021990	0.17367	0.0011940	0.14072	0.0018730	0.18132	0.015369
2115.0	0.21595	0.0020900	0.17336	0.0010800	0.14058	0.0020480	0.18156	0.014786
2120.0	0.21681	0.0021030	0.17408	0.0011990	0.14144	0.0020310	0.18186	0.015652
2125.0	0.21689	0.0023770	0.17426	0.0011810	0.14195	0.0019800	0.18251	0.015551
2130.0	0.21712	0.0021880	0.17451	0.0011750	0.14226	0.0017760	0.18288	0.015810
2135.0	0.21777	0.0022500	0.17475	0.0013010	0.14240	0.0020470	0.18314	0.015740
2140.0	0.21716	0.0016830	0.17460	0.0011310	0.14236	0.0018500	0.18329	0.015294
2145.0	0.21844	0.0019110	0.17539	0.0012200	0.14317	0.0019900	0.18330	0.015913
2150.0	0.21723	0.0023370	0.17491	0.0011370	0.14275	0.0019640	0.18398	0.015222
2155.0	0.21882	0.0023270	0.17604	0.0013320	0.14365	0.0020830	0.18415	0.015749
2160.0	0.21823	0.0021460	0.17564	0.0013510	0.14398	0.0020300	0.18435	0.015092
2165.0	0.21951	0.0019630	0.17622	0.0011670	0.14368	0.0016950	0.18452	0.015459
2170.0	0.21882	0.0019780	0.17624	0.0012800	0.14379	0.0016770	0.18480	0.015266
2175.0	0.21956	0.0019980	0.17657	0.0012720	0.14448	0.0015160	0.18491	0.015555
2180.0	0.21937	0.0017310	0.17724	0.0012290	0.14481	0.0017290	0.18543	0.015208
2185.0	0.22025	0.0019880	0.17779	0.0012910	0.14502	0.0017010	0.18568	0.015597
2190.0	0.22037	0.0019150	0.17818	0.0011880	0.14531	0.0016490	0.18620	0.015629
2195.0	0.22091	0.0017430	0.17859	0.0011530	0.14594	0.0016550	0.18648	0.015867
2200.0	0.22192	0.0017410	0.17939	0.0012000	0.14679	0.0017630	0.18667	0.016330
2205.0	0.22146	0.0016360	0.17936	0.0010920	0.14682	0.0018230	0.18752	0.015470
2210.0	0.22272	0.0016370	0.18056	0.0011780	0.14756	0.0017980	0.18758	0.016041
2215.0	0.22347	0.0017200	0.18096	0.0011030	0.14793	0.0018670	0.18847	0.015661
2220.0	0.22392	0.0016720	0.18146	0.0011650	0.14817	0.0019710	0.18853	0.016131
2225.0	0.22402	0.0016940	0.18164	0.0012980	0.14801	0.0021480	0.18908	0.015637
2230.0	0.22446	0.0017540	0.18278	0.0012550	0.14867	0.0020770	0.18929	0.015887
2235.0	0.22455	0.0017180	0.18282	0.0011780	0.14897	0.0019110	0.18958	0.016424
2240.0	0.22535	0.0019420	0.18374	0.0011520	0.14950	0.0020780	0.19021	0.015980
2245.0	0.22572	0.0020190	0.18419	0.0010710	0.14997	0.0021260	0.19062	0.016835
2250.0	0.22653	0.0026480	0.18471	0.0010550	0.15043	0.0022870	0.19103	0.016264
2255.0	0.22677	0.0025700	0.18473	0.0011230	0.15075	0.0021740	0.19130	0.016656
2260.0	0.22773	0.0026770	0.18552	0.0011750	0.15131	0.0022650	0.19203	0.016727
2265.0	0.22810	0.0024470	0.18591	0.0012190	0.15189	0.0021900	0.19215	0.016569
2270.0	0.22759	0.0022360	0.18598	0.0013800	0.15213	0.0023210	0.19254	0.016405
2275.0	0.22937	0.0023210	0.18701	0.0013690	0.15280	0.0021620	0.19284	0.016779
2280.0	0.22784	0.0020660	0.18658	0.0013270	0.15263	0.0023150	0.19319	0.016171
2285.0	0.22956	0.0019380	0.18757	0.0011550	0.15346	0.0021720	0.19360	0.016470
2290.0	0.22881	0.0018320	0.18757	0.0011970	0.15357	0.0023360	0.19370	0.016558
2295.0	0.23024	0.0017770	0.18841	0.0012430	0.15453	0.0023460	0.19464	0.016265
2300.0	0.22990	0.0016200	0.18868	0.0012480	0.15493	0.0021190	0.19494	0.016844
2305.0	0.23081	0.0017570	0.18948	0.0012290	0.15545	0.0022280	0.19586	0.016471
2310.0	0.23067	0.0021600	0.18905	0.0011830	0.15537	0.0022680	0.19575	0.016779
2315.0	0.23130	0.0021820	0.18970	0.0011770	0.15573	0.0023650	0.19625	0.016387
2320.0	0.23106	0.0023670	0.18971	0.0011360	0.15598	0.0023620	0.19603	0.016572
2325.0	0.23144	0.0023860	0.19008	0.0012410	0.15621	0.0025520	0.19641	0.016255
2330.0	0.23262	0.0026280	0.19148	0.0012710	0.15697	0.0025110	0.19708	0.016625
2335.0	0.23226	0.0024920	0.19058	0.0011850	0.15692	0.0023460	0.19731	0.016502
2340.0	0.23318	0.0024280	0.19210	0.0011330	0.15780	0.0022550	0.19813	0.016828
2345.0	0.23302	0.0024670	0.19151	0.0011770	0.15815	0.0023120	0.19832	0.017148
2350.0	0.23492	0.0025010	0.19264	0.0012930	0.15868	0.0024770	0.19895	0.016343
2355.0	0.23328	0.0022630	0.19241	0.0012180	0.15877	0.0020890	0.19861	0.016826
2360.0	0.23499	0.0023520	0.19329	0.0012320	0.15924	0.0024100	0.19913	0.016340
2365.0	0.23443	0.0024350	0.19327	0.0013590	0.15901	0.0022120	0.19926	0.016497
2370.0	0.23507	0.0022690	0.19415	0.0014000	0.15939	0.0024660	0.19963	0.016330
2375.0	0.23554	0.0023420	0.19466	0.0014070	0.16027	0.0023070	0.20014	0.016448
2380.0	0.23503	0.0026850	0.19508	0.0013500	0.16045	0.0024630	0.20026	0.016600
2385.0	0.23584	0.0024690	0.19589	0.0013620	0.16103	0.0024480	0.20075	0.016684
2390.0	0.23524	0.0030390	0.19584	0.0013920	0.16146	0.0025060	0.20098	0.016760
2395.0	0.23644	0.0029750	0.19685	0.0012570	0.16206	0.0025400	0.20181	0.016992
2400.0	0.23595	0.0028590	0.19680	0.0013280	0.16231	0.0024200	0.20178	0.017097
2405.0	0.23671	0.0029820	0.19747	0.0012650	0.16271	0.0022520	0.20232	0.016444
2410.0	0.23629	0.0030830	0.19736	0.0012400	0.16278	0.0022320	0.20223	0.016677
2415.0	0.23729	0.0028720	0.19854	0.0013380	0.16421	0.0023830	0.20307	0.016529
2420.0	0.23704	0.0031750	0.19830	0.0012890	0.16379	0.0025310	0.20298	0.017080
2425.0	0.23872	0.0030700	0.20004	0.0013240	0.16465	0.0023650	0.20447	0.016695
2430.0	0.23856	0.0029420	0.19966	0.0012630	0.16465	0.0024830	0.20464	0.016775
2435.0	0.23902	0.0029260	0.19973	0.0012250	0.16503	0.0022230	0.20433	0.016768
2440.0	0.23880	0.0030090	0.19976	0.0011660	0.16539	0.0025320	0.20511	0.016334
2445.0	0.23902	0.0029230	0.19994	0.0011010	0.16565	0.0024440	0.20474	0.016471
2450.0	0.23876	0.0029130	0.20021	0.0011660	0.16589	0.0025090	0.20525	0.016825
2455.0	0.23954	0.0028770	0.20067	0.0012930	0.16643	0.0025670	0.20532	0.017153
2460.0	0.23917	0.0031920	0.20070	0.0012200	0.16660	0.0022550	0.20570	0.016395
2465.0	0.23935	0.0033370	0.20121	0.0013290	0.16724	0.0025580	0.20554	0.016903
2470.0	0.23924	0.0033100	0.20123	0.0011500	0.16770	0.0025530	0.20577	0.016474
2475.0	0.24008	0.0033860	0.20219	0.0011670	0.16812	0.0022080	0.20609	0.017389
2480.0	0.24107	0.0036330	0.20306	0.0015290	0.16894	0.0024770	0.20757	0.016338
2485.0	0.24045	0.0033700	0.20291	0.0013590	0.16872	0.0027080	0.20735	0.016905
2490.0	0.24106	0.0035180	0.20390	0.0012860	0.16948	0.0026280	0.20794	0.016794
2495.0	0.24053	0.0032990	0.20356	0.0014070	0.16946	0.0024380	0.20808	0.016825
2500.0	0.24091	0.0032340	0.20443	0.0013070	0.17007	0.0023950	0.20830	0.017097
2505.0	0.23995	0.0033020	0.20380	0.0013150	0.17016	0.0026370	0.20798	0.016284
2510.0	0.24180	0.0031800	0.20493	0.0013950	0.17086	0.0027410	0.20881	0.017562
2515.0	0.24072	0.0031510	0.20408	0.0013330	0.17046	0.0026890	0.20853	0.016724
2520.0	0.24304	0.0030090	0.20591	0.0015000	0.17197	0.0028170	0.20938	0.017920
2525.0	0.24156	0.0030180	0.20501	0.0015760	0.17174	0.0026410	0.20888	0.017282
2530.0	0.24174	0.0030150	0.20477	0.0016360	0.17227	0.0026700	0.20898	0.016607
2535.0	0.24244	0.0029790	0.20541	0.0016750	0.17214	0.0028010	0.20974	0.017094
2540.0	0.24257	0.0029640	0.20605	0.0014620	0.17316	0.0028900	0.20996	0.017152
2545.0	0.24394	0.0030450	0.20759	0.0016490	0.17389	0.0030640	0.21086	0.017705
2550.0	0.24241	0.0029100	0.20650	0.0016860	0.17404	0.0030080	0.21118	0.015901
2555.0	0.24307	0.0026040	0.20751	0.0014870	0.17455	0.0029480	0.21041	0.017859
2560.0	0.24411	0.0023150	0.20877	0.0015220	0.17525	0.0023340	0.21197	0.017056
2565.0	0.24422	0.0031460	0.20908	0.0016990	0.17569	0.0032340	0.21220	0.016998
2570.0	0.24386	0.0027730	0.20884	0.0015910	0.17601	0.0027460	0.21228	0.016670
2575.0	0.24514	0.0031630	0.21012	0.0016730	0.17669	0.0027110	0.21237	0.017985
2580.0	0.24630	0.0033080	0.21121	0.0016050	0.17747	0.0028670	0.21401	0.017457
2585.0	0.24474	0.0035990	0.20954	0.0016970	0.17730	0.0032580	0.21328	0.016690
2590.0	0.24779	0.0037690	0.21249	0.0016700	0.17852	0.0030970	0.21419	0.019076
2595.0	0.24990	0.0033930	0.21456	0.0018430	0.17930	0.0027980	0.21525	0.020244
2600.0	0.25185	0.0034620	0.21649	0.0016980	0.17996	0.0031360	0.21618	0.021376
