Wavelength	14141 <10	sd	14141 10-20	sd	14141 20-45	sd	14141 <45	sd
300.00	0.12686	0.080170	0.093861	0.078811	0.082419	0.077265	0.10279	0.077580
305.00	0.13156	0.050808	0.097497	0.049518	0.082889	0.049492	0.10862	0.049533
310.00	0.13506	0.035027	0.10057	0.035256	0.085313	0.035814	0.11002	0.035109
315.00	0.13798	0.026854	0.10345	0.026750	0.088202	0.026769	0.11312	0.026675
320.00	0.14181	0.020767	0.10503	0.021067	0.089168	0.021057	0.11525	0.021131
325.00	0.14557	0.017298	0.10834	0.016862	0.090812	0.017170	0.11747	0.016811
330.00	0.15038	0.014248	0.11162	0.014164	0.092526	0.013895	0.12085	0.014305
335.00	0.15377	0.011575	0.11493	0.011812	0.094662	0.012079	0.12438	0.012261
340.00	0.15927	0.010296	0.11883	0.0099860	0.096912	0.010080	0.12667	0.0097540
345.00	0.16377	0.0086620	0.12140	0.0085230	0.099749	0.0083390	0.13057	0.0084530
350.00	0.16878	0.0071690	0.12639	0.0071390	0.10153	0.0070440	0.13449	0.0071360
355.00	0.17324	0.0060710	0.13034	0.0060730	0.10482	0.0059460	0.13862	0.0058860
360.00	0.17828	0.0053650	0.13489	0.0050700	0.10801	0.0049630	0.14256	0.0049740
365.00	0.18303	0.0046130	0.13842	0.0043790	0.11150	0.0042780	0.14646	0.0043110
370.00	0.18720	0.0041820	0.14251	0.0038970	0.11437	0.0037880	0.15019	0.0037840
375.00	0.19190	0.0037600	0.14606	0.0034470	0.11728	0.0033780	0.15342	0.0034520
380.00	0.19500	0.0038190	0.14885	0.0033850	0.12024	0.0033030	0.15750	0.0032660
385.00	0.19930	0.0039090	0.15230	0.0032950	0.12202	0.0032800	0.16028	0.0032940
390.00	0.20249	0.0040960	0.15550	0.0036380	0.12448	0.0036310	0.16382	0.0036920
395.00	0.20546	0.0048400	0.15857	0.0045630	0.12702	0.0046700	0.16734	0.0043920
400.00	0.20844	0.0029880	0.16208	0.0022740	0.13036	0.0023130	0.17000	0.0023250
405.00	0.21148	0.0028040	0.16453	0.0020000	0.13287	0.0020520	0.17274	0.0019560
410.00	0.21518	0.0027820	0.16766	0.0018650	0.13493	0.0020400	0.17528	0.0017500
415.00	0.21820	0.0027290	0.17024	0.0017900	0.13699	0.0020510	0.17798	0.0017070
420.00	0.22122	0.0027520	0.17274	0.0017380	0.13857	0.0015630	0.18014	0.0016940
425.00	0.22418	0.0026600	0.17497	0.0016370	0.14062	0.0019520	0.18253	0.0014770
430.00	0.22713	0.0026960	0.17755	0.0016680	0.14226	0.0021080	0.18478	0.0014360
435.00	0.23001	0.0027570	0.17979	0.0016980	0.14344	0.0019690	0.18670	0.0013730
440.00	0.23257	0.0028450	0.18193	0.0018590	0.14562	0.0020240	0.18919	0.0014010
445.00	0.23555	0.0027270	0.18396	0.0017530	0.14657	0.0020690	0.19061	0.0014920
450.00	0.23718	0.0028810	0.18581	0.0017260	0.14850	0.0018790	0.19282	0.0014770
455.00	0.24030	0.0029770	0.18791	0.0017800	0.14931	0.0014880	0.19444	0.0014980
460.00	0.24163	0.0028950	0.18928	0.0018610	0.15071	0.0011900	0.19625	0.0015760
465.00	0.24437	0.0029840	0.19127	0.0018920	0.15077	0.0016760	0.19774	0.0017210
470.00	0.24610	0.0030590	0.19255	0.0019390	0.15228	0.0014790	0.19957	0.0017860
475.00	0.24868	0.0029840	0.19441	0.0017960	0.15362	0.0021430	0.20118	0.0018580
480.00	0.25091	0.0031260	0.19597	0.0018220	0.15504	0.0019370	0.20275	0.0018560
485.00	0.25290	0.0031690	0.19735	0.0017930	0.15578	0.0017110	0.20421	0.0019280
490.00	0.25523	0.0031900	0.19903	0.0017840	0.15707	0.0013540	0.20577	0.0019500
495.00	0.25744	0.0032110	0.20061	0.0017950	0.15923	0.0015620	0.20762	0.0019860
500.00	0.25954	0.0031570	0.20195	0.0017780	0.16013	0.0017050	0.20862	0.0019680
505.00	0.26136	0.0031760	0.20315	0.0017520	0.15933	0.0015300	0.20969	0.0017030
510.00	0.26349	0.0032270	0.20483	0.0017490	0.16145	0.0018590	0.21154	0.0017140
515.00	0.26554	0.0032610	0.20675	0.0017300	0.16282	0.0018060	0.21345	0.0016330
520.00	0.26754	0.0034040	0.20833	0.0017390	0.16369	0.0022050	0.21498	0.0016480
525.00	0.27005	0.0033060	0.21005	0.0017760	0.16612	0.0019380	0.21663	0.0017110
530.00	0.27129	0.0033780	0.21134	0.0017700	0.16707	0.0020600	0.21799	0.0018620
535.00	0.27338	0.0032990	0.21304	0.0017940	0.16740	0.0017120	0.21900	0.0016180
540.00	0.27437	0.0033010	0.21404	0.0017650	0.16848	0.0016510	0.22049	0.0017680
545.00	0.27654	0.0034040	0.21551	0.0017660	0.16851	0.0019260	0.22169	0.0021230
550.00	0.27733	0.0033110	0.21671	0.0018340	0.16954	0.0016370	0.22280	0.0020930
555.00	0.27905	0.0032570	0.21846	0.0019450	0.17087	0.0020090	0.22378	0.0020540
560.00	0.28053	0.0034500	0.21995	0.0018650	0.17240	0.0019010	0.22536	0.0023320
565.00	0.28244	0.0033780	0.22117	0.0017950	0.17213	0.0019240	0.22618	0.0017430
570.00	0.28330	0.0032620	0.22249	0.0017940	0.17308	0.0021270	0.22746	0.0017770
575.00	0.28565	0.0032670	0.22394	0.0018590	0.17424	0.0020680	0.22867	0.0021030
580.00	0.28672	0.0035900	0.22489	0.0019230	0.17511	0.0015770	0.22995	0.0022790
585.00	0.28838	0.0035070	0.22635	0.0018750	0.17533	0.0024490	0.23086	0.0020860
590.00	0.28918	0.0036420	0.22728	0.0020180	0.17669	0.0025110	0.23157	0.0020460
595.00	0.29107	0.0036520	0.22889	0.0019440	0.17780	0.0024360	0.23285	0.0020100
600.00	0.29199	0.0036480	0.22982	0.0019850	0.17872	0.0023620	0.23374	0.0020580
605.00	0.29432	0.0036360	0.23097	0.0020810	0.17947	0.0022100	0.23507	0.0022210
610.00	0.29497	0.0036650	0.23203	0.0020410	0.18010	0.0021740	0.23582	0.0021870
615.00	0.29623	0.0038570	0.23334	0.0021450	0.18154	0.0018290	0.23736	0.0020580
620.00	0.29748	0.0038550	0.23440	0.0022150	0.18185	0.0015800	0.23806	0.0019820
625.00	0.29818	0.0039640	0.23539	0.0021660	0.18287	0.0018480	0.23941	0.0023670
630.00	0.29962	0.0038180	0.23633	0.0021490	0.18310	0.0020320	0.24018	0.0023640
635.00	0.30043	0.0039110	0.23727	0.0021990	0.18305	0.0015990	0.24122	0.0020570
640.00	0.30181	0.0037770	0.23827	0.0021950	0.18419	0.0015520	0.24204	0.0019940
645.00	0.30285	0.0039750	0.23915	0.0021930	0.18646	0.0014180	0.24328	0.0024200
650.00	0.30438	0.0039460	0.23998	0.0021420	0.18642	0.0015540	0.24406	0.0024870
655.00	0.30565	0.0041060	0.24122	0.0021940	0.18674	0.0019940	0.24540	0.0021280
660.00	0.30698	0.0039730	0.24183	0.0022690	0.18758	0.0015000	0.24593	0.0021580
665.00	0.30843	0.0038670	0.24281	0.0021650	0.18818	0.0012780	0.24701	0.0024240
670.00	0.30990	0.0039320	0.24369	0.0020840	0.18920	0.0015270	0.24799	0.0024410
675.00	0.31140	0.0040200	0.24457	0.0021240	0.19004	0.0015390	0.24892	0.0024890
680.00	0.31212	0.0040910	0.24528	0.0019890	0.19097	0.0016720	0.25006	0.0024540
685.00	0.31374	0.0041090	0.24608	0.0019690	0.19286	0.0017330	0.25077	0.0021800
690.00	0.31460	0.0042590	0.24713	0.0019780	0.19402	0.0014860	0.25176	0.0021990
695.00	0.31590	0.0044790	0.24804	0.0020830	0.19392	0.0018500	0.25253	0.0020390
700.00	0.31663	0.0041860	0.24882	0.0020290	0.19527	0.0019200	0.25369	0.0019380
705.00	0.31823	0.0042380	0.25003	0.0020200	0.19651	0.0019970	0.25481	0.0018250
710.00	0.31931	0.0041650	0.25095	0.0020950	0.19696	0.0022460	0.25567	0.0018970
715.00	0.32029	0.0042150	0.25149	0.0020930	0.19827	0.0017960	0.25657	0.0018560
720.00	0.32178	0.0042370	0.25301	0.0021290	0.19902	0.0019210	0.25733	0.0017700
725.00	0.32327	0.0042530	0.25355	0.0021440	0.19887	0.0021080	0.25874	0.0017480
730.00	0.32515	0.0041970	0.25506	0.0020430	0.19876	0.0023900	0.25920	0.0016690
735.00	0.32574	0.0042450	0.25581	0.0021890	0.20062	0.0022500	0.26020	0.0019090
740.00	0.32722	0.0042100	0.25682	0.0022980	0.19945	0.0023740	0.26050	0.0018200
745.00	0.32797	0.0042660	0.25769	0.0022220	0.20096	0.0023150	0.26197	0.0020360
750.00	0.32944	0.0044760	0.25899	0.0023830	0.20087	0.0024280	0.26232	0.0020720
755.00	0.32993	0.0044200	0.25924	0.0024430	0.20218	0.0025170	0.26318	0.0022140
760.00	0.33069	0.0044120	0.26017	0.0024190	0.20099	0.0027420	0.26359	0.0022030
765.00	0.33203	0.0044540	0.26062	0.0023710	0.20170	0.0024470	0.26376	0.0022710
770.00	0.33245	0.0044640	0.26110	0.0023800	0.20016	0.0025320	0.26472	0.0023020
775.00	0.33391	0.0044260	0.26171	0.0025550	0.19995	0.0019920	0.26484	0.0021820
780.00	0.33431	0.0044670	0.26185	0.0025220	0.19935	0.0020120	0.26562	0.0021850
785.00	0.33537	0.0046150	0.26204	0.0026800	0.19918	0.0020220	0.26580	0.0020840
790.00	0.33580	0.0046620	0.26169	0.0025490	0.19860	0.0019420	0.26593	0.0021350
795.00	0.33655	0.0046510	0.26168	0.0024100	0.19797	0.0020130	0.26550	0.0024410
800.00	0.33694	0.0046780	0.26102	0.0025330	0.19658	0.0022660	0.26535	0.0024660
805.00	0.33778	0.0048170	0.26058	0.0023460	0.19604	0.0018620	0.26509	0.0027240
810.00	0.33891	0.0047380	0.26005	0.0023250	0.19377	0.0019780	0.26402	0.0027060
815.00	0.33834	0.0046930	0.25919	0.0023500	0.19236	0.0021570	0.26396	0.0024010
820.00	0.33986	0.0047880	0.25901	0.0023060	0.19071	0.0018360	0.26257	0.0022810
825.00	0.33919	0.0048610	0.25784	0.0023240	0.18984	0.0018960	0.26286	0.0025880
830.00	0.34070	0.0048630	0.25738	0.0023510	0.18717	0.0020440	0.26097	0.0026430
835.00	0.34017	0.0049600	0.25650	0.0023320	0.18581	0.0019040	0.26041	0.0024120
840.00	0.34000	0.0050110	0.25534	0.0023600	0.18402	0.0018870	0.25941	0.0024330
845.00	0.34067	0.0051650	0.25438	0.0023340	0.18185	0.0019410	0.25788	0.0025730
850.00	0.33997	0.0045740	0.25369	0.0025640	0.17985	0.0023340	0.25735	0.0025710
855.00	0.33938	0.0044580	0.25181	0.0027070	0.17748	0.0021520	0.25560	0.0024790
860.00	0.33914	0.0043920	0.25078	0.0024230	0.17531	0.0020230	0.25496	0.0027410
865.00	0.33852	0.0045570	0.24911	0.0025100	0.17330	0.0019510	0.25294	0.0027440
870.00	0.33757	0.0043950	0.24762	0.0026670	0.17064	0.0020080	0.25145	0.0025730
875.00	0.33731	0.0037820	0.24611	0.0024960	0.16832	0.0022480	0.25023	0.0019380
880.00	0.33706	0.0040410	0.24430	0.0019720	0.16545	0.0020020	0.24866	0.0020540
885.00	0.33673	0.0038600	0.24311	0.0020570	0.16412	0.0020600	0.24815	0.0021970
890.00	0.33617	0.0035930	0.24150	0.0018830	0.16196	0.0018060	0.24652	0.0022920
895.00	0.33522	0.0038960	0.24089	0.0019680	0.16098	0.0017240	0.24598	0.0018400
900.00	0.33568	0.0034900	0.23925	0.0020020	0.15977	0.0018720	0.24437	0.0018500
905.00	0.33590	0.0036440	0.23827	0.0021680	0.15856	0.0021440	0.24409	0.0021400
910.00	0.33477	0.0039650	0.23806	0.0021700	0.15769	0.0021910	0.24367	0.0021220
915.00	0.33463	0.0036280	0.23723	0.0019500	0.15689	0.0022430	0.24335	0.0025500
920.00	0.33468	0.0037430	0.23667	0.0020070	0.15596	0.0022070	0.24227	0.0025690
925.00	0.33466	0.0035780	0.23589	0.0020590	0.15578	0.0019750	0.24246	0.0017630
930.00	0.33474	0.0034500	0.23644	0.0018590	0.15526	0.0017740	0.24212	0.0016660
935.00	0.33535	0.0034330	0.23644	0.0018750	0.15569	0.0020570	0.24245	0.0021790
940.00	0.33653	0.0034570	0.23713	0.0016960	0.15613	0.0019770	0.24254	0.0023230
945.00	0.33656	0.0035580	0.23767	0.0018660	0.15633	0.0018800	0.24344	0.0020930
950.00	0.33730	0.0036860	0.23848	0.0018360	0.15651	0.0016220	0.24413	0.0018700
955.00	0.33764	0.0039100	0.23941	0.0015630	0.15708	0.0015580	0.24500	0.0021310
960.00	0.33914	0.0033700	0.24041	0.0015210	0.15855	0.0017360	0.24649	0.0017940
965.00	0.34028	0.0035400	0.24161	0.0015250	0.15994	0.0014920	0.24743	0.0019970
970.00	0.34082	0.0034220	0.24331	0.0015040	0.16110	0.0015130	0.24879	0.0019640
975.00	0.34249	0.0034390	0.24566	0.0016490	0.16314	0.0016600	0.25065	0.0020390
980.00	0.34334	0.0037140	0.24741	0.0018150	0.16504	0.0018240	0.25207	0.0022740
985.00	0.34511	0.0034640	0.24987	0.0016850	0.16665	0.0016690	0.25413	0.0019200
990.00	0.34594	0.0038650	0.25185	0.0017400	0.16895	0.0015630	0.25594	0.0018450
995.00	0.34751	0.0034020	0.25401	0.0018590	0.17102	0.0014590	0.25769	0.0025050
1000.0	0.34891	0.0036750	0.25594	0.0017610	0.17263	0.0017030	0.25961	0.0024760
1005.0	0.35069	0.0039340	0.25861	0.0018420	0.17435	0.0016520	0.26193	0.0023280
1010.0	0.35149	0.0036760	0.26117	0.0017480	0.17706	0.0018630	0.26373	0.0026000
1015.0	0.35312	0.0040490	0.26328	0.0018030	0.17875	0.0025170	0.26586	0.0021740
1020.0	0.35478	0.0038830	0.26547	0.0020570	0.18128	0.0020380	0.26790	0.0022620
1025.0	0.35583	0.0039360	0.26787	0.0020340	0.18461	0.0020290	0.27012	0.0027900
1030.0	0.35703	0.0039670	0.27051	0.0019010	0.18746	0.0019820	0.27223	0.0027500
1035.0	0.35809	0.0040440	0.27264	0.0021000	0.18965	0.0020300	0.27420	0.0025130
1040.0	0.35931	0.0040000	0.27429	0.0020800	0.19219	0.0023710	0.27584	0.0025480
1045.0	0.36022	0.0036230	0.27638	0.0019080	0.19422	0.0021140	0.27762	0.0027500
1050.0	0.36166	0.0037110	0.27825	0.0021180	0.19709	0.0021230	0.27932	0.0028290
1055.0	0.36274	0.0038130	0.28024	0.0020550	0.19928	0.0019340	0.28133	0.0023170
1060.0	0.36429	0.0036440	0.28208	0.0022440	0.20228	0.0021730	0.28314	0.0025110
1065.0	0.36475	0.0038450	0.28397	0.0022940	0.20284	0.0021210	0.28497	0.0024620
1070.0	0.36553	0.0038930	0.28535	0.0021810	0.20472	0.0020560	0.28640	0.0026690
1075.0	0.36671	0.0035980	0.28693	0.0022950	0.20778	0.0020040	0.28812	0.0026870
1080.0	0.36741	0.0041210	0.28852	0.0023270	0.20944	0.0023660	0.28914	0.0024270
1085.0	0.36858	0.0040400	0.28987	0.0024190	0.21130	0.0024900	0.29088	0.0025650
1090.0	0.36942	0.0038910	0.29138	0.0023490	0.21299	0.0025440	0.29226	0.0023680
1095.0	0.37014	0.0038390	0.29226	0.0021970	0.21397	0.0026660	0.29312	0.0028420
1100.0	0.37116	0.0039890	0.29419	0.0021570	0.21529	0.0023790	0.29498	0.0026830
1105.0	0.37244	0.0039840	0.29501	0.0022720	0.21702	0.0025390	0.29565	0.0027110
1110.0	0.37300	0.0038530	0.29565	0.0024430	0.21857	0.0024320	0.29692	0.0027070
1115.0	0.37344	0.0036580	0.29741	0.0022410	0.21965	0.0027830	0.29783	0.0022520
1120.0	0.37428	0.0035800	0.29844	0.0024100	0.22141	0.0027380	0.29906	0.0024070
1125.0	0.37565	0.0040610	0.29928	0.0023290	0.22311	0.0021840	0.29988	0.0031800
1130.0	0.37628	0.0040750	0.30042	0.0023340	0.22407	0.0025260	0.30081	0.0031310
1135.0	0.37579	0.0034910	0.30095	0.0024490	0.22397	0.0024790	0.30133	0.0025010
1140.0	0.37698	0.0040030	0.30181	0.0023770	0.22580	0.0026130	0.30250	0.0025670
1145.0	0.37748	0.0040490	0.30292	0.0022380	0.22674	0.0023830	0.30325	0.0029490
1150.0	0.37846	0.0043690	0.30348	0.0019790	0.22819	0.0025170	0.30400	0.0028520
1155.0	0.38002	0.0042170	0.30441	0.0022540	0.22918	0.0025140	0.30475	0.0025200
1160.0	0.38019	0.0038970	0.30488	0.0020920	0.22963	0.0024020	0.30551	0.0022560
1165.0	0.38112	0.0038160	0.30562	0.0021210	0.23046	0.0022900	0.30562	0.0027080
1170.0	0.38116	0.0043320	0.30636	0.0020050	0.23121	0.0028900	0.30675	0.0026180
1175.0	0.38139	0.0040300	0.30753	0.0019900	0.23217	0.0025380	0.30745	0.0025570
1180.0	0.38258	0.0040580	0.30757	0.0022480	0.23295	0.0025020	0.30796	0.0024500
1185.0	0.38287	0.0041090	0.30839	0.0020390	0.23373	0.0026360	0.30859	0.0022640
1190.0	0.38389	0.0040810	0.30890	0.0018540	0.23458	0.0028680	0.30875	0.0025420
1195.0	0.38401	0.0038970	0.30994	0.0018900	0.23527	0.0029310	0.30963	0.0027040
1200.0	0.38439	0.0040000	0.31035	0.0018660	0.23576	0.0026020	0.31020	0.0025160
1205.0	0.38463	0.0042130	0.31122	0.0017330	0.23665	0.0027110	0.31104	0.0026830
1210.0	0.38516	0.0040680	0.31234	0.0019310	0.23736	0.0027990	0.31184	0.0026140
1215.0	0.38563	0.0039610	0.31290	0.0020370	0.23792	0.0029170	0.31206	0.0026470
1220.0	0.38669	0.0042650	0.31356	0.0020380	0.23858	0.0029690	0.31284	0.0030420
1225.0	0.38671	0.0042760	0.31416	0.0020790	0.23938	0.0027480	0.31326	0.0027680
1230.0	0.38715	0.0038470	0.31531	0.0020450	0.23973	0.0030430	0.31382	0.0031680
1235.0	0.38757	0.0040230	0.31577	0.0020220	0.24006	0.0029670	0.31429	0.0025950
1240.0	0.38819	0.0038560	0.31625	0.0021250	0.24056	0.0029640	0.31432	0.0025450
1245.0	0.38846	0.0039120	0.31748	0.0020750	0.24092	0.0033560	0.31519	0.0025810
1250.0	0.38942	0.0040660	0.31755	0.0019710	0.24135	0.0031640	0.31572	0.0030050
1255.0	0.39001	0.0040720	0.31923	0.0019600	0.24167	0.0034550	0.31640	0.0028420
1260.0	0.39014	0.0039890	0.31978	0.0020840	0.24208	0.0033480	0.31714	0.0027760
1265.0	0.39150	0.0043710	0.32028	0.0021590	0.24232	0.0035230	0.31787	0.0027080
1270.0	0.39245	0.0040210	0.32120	0.0022350	0.24279	0.0036100	0.31876	0.0027980
1275.0	0.39293	0.0042060	0.32192	0.0022130	0.24327	0.0030840	0.31920	0.0029190
1280.0	0.39324	0.0039850	0.32216	0.0021140	0.24393	0.0034500	0.31958	0.0030040
1285.0	0.39476	0.0041600	0.32321	0.0022250	0.24481	0.0033170	0.32021	0.0031860
1290.0	0.39549	0.0040710	0.32412	0.0023330	0.24578	0.0034270	0.32109	0.0031590
1295.0	0.39635	0.0040500	0.32462	0.0022990	0.24675	0.0034960	0.32140	0.0027360
1300.0	0.39690	0.0040060	0.32487	0.0021090	0.24767	0.0033800	0.32225	0.0029430
1305.0	0.39823	0.0041000	0.32634	0.0025220	0.24851	0.0039390	0.32277	0.0034660
1310.0	0.39878	0.0044440	0.32687	0.0024560	0.24922	0.0036560	0.32345	0.0033200
1315.0	0.39969	0.0039450	0.32736	0.0023510	0.25026	0.0033530	0.32428	0.0025100
1320.0	0.40038	0.0040660	0.32825	0.0022650	0.25132	0.0029820	0.32493	0.0026470
1325.0	0.40095	0.0038780	0.32907	0.0026100	0.25224	0.0036740	0.32579	0.0032170
1330.0	0.40147	0.0040780	0.32926	0.0026130	0.25295	0.0040050	0.32680	0.0030580
1335.0	0.40203	0.0040960	0.33056	0.0023440	0.25385	0.0030310	0.32720	0.0026360
1340.0	0.40251	0.0043980	0.33128	0.0021460	0.25447	0.0033010	0.32830	0.0028680
1345.0	0.40271	0.0040000	0.33186	0.0022260	0.25453	0.0033260	0.32832	0.0030620
1350.0	0.40321	0.0040750	0.33246	0.0022880	0.25494	0.0035010	0.32915	0.0032980
1355.0	0.40374	0.0041250	0.33200	0.0022980	0.25617	0.0033650	0.33025	0.0032850
1360.0	0.40473	0.0041270	0.33307	0.0020490	0.25713	0.0037660	0.33006	0.0031320
1365.0	0.40631	0.0041610	0.33449	0.0018430	0.25828	0.0036100	0.33087	0.0027920
1370.0	0.40696	0.0040790	0.33481	0.0022500	0.25903	0.0033850	0.33140	0.0029240
1375.0	0.40848	0.0042330	0.33573	0.0019550	0.26058	0.0034280	0.33239	0.0031160
1380.0	0.40893	0.0042990	0.33663	0.0022330	0.26136	0.0032350	0.33354	0.0033620
1385.0	0.40949	0.0045530	0.33845	0.0021740	0.26208	0.0035210	0.33378	0.0030080
1390.0	0.40996	0.0049400	0.33849	0.0020140	0.26231	0.0033920	0.33480	0.0026950
1395.0	0.41085	0.0045860	0.33956	0.0020030	0.26308	0.0037120	0.33586	0.0035500
1400.0	0.41035	0.0042540	0.34020	0.0018530	0.26330	0.0036770	0.33696	0.0034730
1405.0	0.41119	0.0039810	0.34110	0.0017480	0.26374	0.0032610	0.33710	0.0029390
1410.0	0.41175	0.0042410	0.34232	0.0022130	0.26463	0.0033960	0.33805	0.0028490
1415.0	0.41256	0.0044290	0.34213	0.0019340	0.26580	0.0037590	0.33818	0.0033050
1420.0	0.41379	0.0042060	0.34316	0.0017960	0.26696	0.0035100	0.33901	0.0030590
1425.0	0.41432	0.0043470	0.34439	0.0021250	0.26771	0.0037750	0.33983	0.0027820
1430.0	0.41524	0.0044530	0.34552	0.0019900	0.26842	0.0034390	0.34004	0.0030440
1435.0	0.41588	0.0042120	0.34639	0.0020110	0.26899	0.0032770	0.34071	0.0030980
1440.0	0.41638	0.0043460	0.34741	0.0019160	0.26924	0.0040350	0.34089	0.0031300
1445.0	0.41666	0.0041080	0.34795	0.0018900	0.26957	0.0041430	0.34221	0.0031240
1450.0	0.41762	0.0046150	0.34861	0.0021250	0.26949	0.0042580	0.34253	0.0033030
1455.0	0.41864	0.0040980	0.34976	0.0020590	0.26986	0.0039270	0.34310	0.0030280
1460.0	0.41871	0.0043370	0.34967	0.0022950	0.27025	0.0036100	0.34326	0.0030070
1465.0	0.41890	0.0046450	0.34992	0.0019490	0.27094	0.0038580	0.34396	0.0029250
1470.0	0.41958	0.0045550	0.35060	0.0020340	0.27133	0.0033450	0.34480	0.0026160
1475.0	0.42062	0.0046350	0.35080	0.0024420	0.27188	0.0036340	0.34531	0.0027350
1480.0	0.42057	0.0041650	0.35163	0.0022820	0.27240	0.0042770	0.34554	0.0027480
1485.0	0.42151	0.0043490	0.35227	0.0023900	0.27290	0.0038370	0.34622	0.0028870
1490.0	0.42248	0.0046760	0.35311	0.0022580	0.27305	0.0045510	0.34617	0.0030320
1495.0	0.42174	0.0046770	0.35302	0.0023150	0.27330	0.0042260	0.34690	0.0028150
1500.0	0.42257	0.0045040	0.35324	0.0024260	0.27360	0.0042730	0.34666	0.0027880
1505.0	0.42304	0.0042740	0.35380	0.0024940	0.27356	0.0038800	0.34825	0.0029830
1510.0	0.42423	0.0046660	0.35462	0.0024820	0.27359	0.0035530	0.34794	0.0032820
1515.0	0.42393	0.0042490	0.35417	0.0023820	0.27368	0.0037930	0.34791	0.0028200
1520.0	0.42436	0.0041940	0.35458	0.0024510	0.27386	0.0035000	0.34880	0.0025800
1525.0	0.42519	0.0042380	0.35510	0.0023370	0.27388	0.0035280	0.34859	0.0029710
1530.0	0.42504	0.0046370	0.35521	0.0024410	0.27395	0.0036470	0.34903	0.0030480
1535.0	0.42574	0.0046180	0.35589	0.0024480	0.27402	0.0035970	0.34940	0.0028670
1540.0	0.42579	0.0044740	0.35600	0.0023930	0.27405	0.0035810	0.34949	0.0027730
1545.0	0.42647	0.0046580	0.35561	0.0020140	0.27411	0.0031980	0.34987	0.0026350
1550.0	0.42652	0.0044670	0.35605	0.0021050	0.27427	0.0032410	0.35036	0.0028360
1555.0	0.42691	0.0047880	0.35637	0.0024020	0.27457	0.0037960	0.35012	0.0025070
1560.0	0.42858	0.0043850	0.35744	0.0018820	0.27455	0.0038200	0.35052	0.0029490
1565.0	0.42878	0.0042860	0.35733	0.0019790	0.27480	0.0037820	0.35035	0.0033090
1570.0	0.42856	0.0044020	0.35747	0.0018490	0.27495	0.0033280	0.35071	0.0031410
1575.0	0.42913	0.0046370	0.35778	0.0018770	0.27503	0.0043340	0.35110	0.0033830
1580.0	0.42916	0.0050580	0.35792	0.0019960	0.27510	0.0042990	0.35136	0.0029420
1585.0	0.42920	0.0049680	0.35830	0.0019170	0.27536	0.0035730	0.35118	0.0029180
1590.0	0.42950	0.0046870	0.35839	0.0020280	0.27531	0.0034570	0.35160	0.0030780
1595.0	0.43006	0.0046320	0.35906	0.0020980	0.27537	0.0035200	0.35170	0.0033790
1600.0	0.43036	0.0047340	0.35964	0.0019720	0.27545	0.0035610	0.35181	0.0034270
1605.0	0.43062	0.0043320	0.35983	0.0019070	0.27534	0.0044520	0.35183	0.0032570
1610.0	0.43093	0.0045140	0.35996	0.0018560	0.27520	0.0034260	0.35217	0.0031700
1615.0	0.43111	0.0045690	0.35978	0.0021260	0.27523	0.0032790	0.35137	0.0028680
1620.0	0.43180	0.0047120	0.36073	0.0020720	0.27523	0.0035620	0.35205	0.0030170
1625.0	0.43166	0.0045480	0.36053	0.0019950	0.27503	0.0042280	0.35256	0.0033270
1630.0	0.43153	0.0052060	0.36035	0.0022270	0.27483	0.0039410	0.35165	0.0033980
1635.0	0.43226	0.0047630	0.36071	0.0023270	0.27489	0.0035020	0.35194	0.0029470
1640.0	0.43244	0.0043770	0.36051	0.0023450	0.27487	0.0037520	0.35214	0.0030130
1645.0	0.43287	0.0045940	0.36113	0.0025820	0.27458	0.0044550	0.35282	0.0030990
1650.0	0.43178	0.0050610	0.36054	0.0023190	0.27451	0.0029880	0.35332	0.0034160
1655.0	0.43268	0.0050140	0.36071	0.0023660	0.27429	0.0028030	0.35249	0.0032760
1660.0	0.43299	0.0052850	0.36148	0.0024320	0.27411	0.0030700	0.35271	0.0031030
1665.0	0.43348	0.0046790	0.36166	0.0025560	0.27402	0.0029910	0.35213	0.0031490
1670.0	0.43420	0.0052490	0.36197	0.0023740	0.27407	0.0025470	0.35219	0.0034060
1675.0	0.43488	0.0057810	0.36188	0.0021790	0.27329	0.0016650	0.35119	0.0033710
1680.0	0.43546	0.0061250	0.36190	0.0020780	0.27294	0.0017090	0.35089	0.0033610
1685.0	0.43491	0.0058080	0.36171	0.0020250	0.27230	0.0017450	0.35079	0.0031540
1690.0	0.43597	0.0056010	0.36202	0.0019680	0.27150	0.0017550	0.35091	0.0030760
1695.0	0.43579	0.0055810	0.36234	0.0020290	0.27053	0.0016790	0.35132	0.0033220
1700.0	0.43695	0.0061710	0.36225	0.0021610	0.26994	0.0018670	0.35076	0.0034750
1705.0	0.43651	0.0058530	0.36250	0.0021540	0.26911	0.0023350	0.35165	0.0034540
1710.0	0.43793	0.0056000	0.36231	0.0021960	0.26848	0.0027770	0.35066	0.0031450
1715.0	0.43724	0.0057440	0.36279	0.0020750	0.26798	0.0022550	0.35097	0.0032950
1720.0	0.43778	0.0060570	0.36268	0.0019550	0.26770	0.0019180	0.35068	0.0030720
1725.0	0.43815	0.0058530	0.36232	0.0021150	0.26761	0.0028970	0.35145	0.0034230
1730.0	0.43828	0.0066890	0.36267	0.0020570	0.26753	0.0021840	0.35130	0.0032300
1735.0	0.43821	0.0063200	0.36239	0.0019410	0.26755	0.0032690	0.35098	0.0027690
1740.0	0.43847	0.0062460	0.36244	0.0019790	0.26731	0.0034050	0.35113	0.0029500
1745.0	0.43852	0.0062260	0.36207	0.0020910	0.26726	0.0030470	0.35043	0.0030990
1750.0	0.43913	0.0060590	0.36250	0.0019500	0.26661	0.0035400	0.35078	0.0030350
1755.0	0.43965	0.0059270	0.36244	0.0018870	0.26641	0.0036400	0.35092	0.0031410
1760.0	0.43961	0.0063000	0.36273	0.0021600	0.26590	0.0031590	0.35115	0.0035480
1765.0	0.43989	0.0059980	0.36244	0.0019990	0.26572	0.0025390	0.35083	0.0032300
1770.0	0.43968	0.0056320	0.36236	0.0021510	0.26530	0.0028210	0.35040	0.0031000
1775.0	0.44047	0.0061640	0.36227	0.0021010	0.26531	0.0029310	0.35042	0.0032940
1780.0	0.43981	0.0059580	0.36226	0.0020660	0.26505	0.0029090	0.35058	0.0034810
1785.0	0.44044	0.0062460	0.36281	0.0019640	0.26494	0.0027140	0.35029	0.0029530
1790.0	0.44047	0.0054880	0.36263	0.0021980	0.26450	0.0028420	0.35095	0.0031260
1795.0	0.44129	0.0056930	0.36289	0.0021350	0.26443	0.0024280	0.35088	0.0031110
1800.0	0.44144	0.0060690	0.36291	0.0021910	0.26422	0.0029930	0.35165	0.0031190
1805.0	0.44186	0.0064210	0.36315	0.0019740	0.26399	0.0032080	0.35139	0.0028760
1810.0	0.44219	0.0061980	0.36318	0.0022680	0.26360	0.0024720	0.35152	0.0029310
1815.0	0.44220	0.0059400	0.36379	0.0023450	0.26370	0.0026710	0.35170	0.0028640
1820.0	0.44221	0.0057390	0.36380	0.0022980	0.26350	0.0025030	0.35180	0.0028030
1825.0	0.44255	0.0060440	0.36301	0.0022430	0.26360	0.0030850	0.35206	0.0032890
1830.0	0.44254	0.0059680	0.36379	0.0021970	0.26356	0.0025050	0.35222	0.0032680
1835.0	0.44274	0.0058280	0.36459	0.0024610	0.26410	0.0032880	0.35161	0.0032990
1840.0	0.44263	0.0066610	0.36347	0.0026040	0.26382	0.0032150	0.35169	0.0032090
1845.0	0.44406	0.0065390	0.36428	0.0021880	0.26386	0.0027090	0.35133	0.0030290
1850.0	0.44300	0.0070350	0.36366	0.0024360	0.26366	0.0024080	0.35075	0.0035570
1855.0	0.44412	0.0066600	0.36429	0.0021070	0.26365	0.0029250	0.35028	0.0031880
1860.0	0.44441	0.0067330	0.36435	0.0022750	0.26252	0.0032300	0.35153	0.0030420
1865.0	0.44460	0.0069430	0.36505	0.0022190	0.26304	0.0027500	0.35118	0.0027560
1870.0	0.44347	0.0058830	0.36625	0.0024540	0.26330	0.0027720	0.35053	0.0029980
1875.0	0.44506	0.0059880	0.36454	0.0024950	0.26330	0.0027600	0.35088	0.0038160
1880.0	0.44617	0.0062620	0.36522	0.0024000	0.26316	0.0024460	0.35112	0.0036060
1885.0	0.44523	0.0059710	0.36546	0.0024030	0.26403	0.0027870	0.35005	0.0031420
1890.0	0.44548	0.0056720	0.36562	0.0022060	0.26332	0.0024760	0.35118	0.0028140
1895.0	0.44527	0.0055100	0.36562	0.0022040	0.26305	0.0029420	0.35212	0.0031060
1900.0	0.44514	0.0061760	0.36686	0.0024770	0.26331	0.0027660	0.35168	0.0033380
1905.0	0.44469	0.0060220	0.36608	0.0024900	0.26338	0.0029510	0.35175	0.0028510
1910.0	0.44643	0.0064770	0.36598	0.0023640	0.26302	0.0035800	0.35203	0.0029700
1915.0	0.44538	0.0061710	0.36596	0.0022830	0.26330	0.0032510	0.35211	0.0034900
1920.0	0.44589	0.0065760	0.36632	0.0024830	0.26334	0.0035210	0.35225	0.0037380
1925.0	0.44614	0.0066640	0.36651	0.0024930	0.26304	0.0038670	0.35068	0.0035460
1930.0	0.44711	0.0059850	0.36802	0.0025380	0.26287	0.0035940	0.35202	0.0028280
1935.0	0.44691	0.0058680	0.36740	0.0025080	0.26331	0.0038460	0.35241	0.0034610
1940.0	0.44727	0.0069720	0.36724	0.0025720	0.26329	0.0040320	0.35241	0.0032030
1945.0	0.44759	0.0069600	0.36792	0.0024240	0.26334	0.0035400	0.35296	0.0031150
1950.0	0.44767	0.0067440	0.36814	0.0023930	0.26360	0.0031950	0.35338	0.0032090
1955.0	0.44816	0.0067480	0.36875	0.0025100	0.26410	0.0038770	0.35370	0.0029960
1960.0	0.44843	0.0065090	0.36915	0.0024120	0.26414	0.0038380	0.35399	0.0032040
1965.0	0.44888	0.0067480	0.36948	0.0025170	0.26474	0.0032650	0.35441	0.0035070
1970.0	0.44942	0.0072900	0.36946	0.0026290	0.26541	0.0032300	0.35552	0.0033210
1975.0	0.45035	0.0072070	0.37023	0.0025730	0.26546	0.0032310	0.35552	0.0031730
1980.0	0.45016	0.0070660	0.37070	0.0026090	0.26568	0.0031610	0.35607	0.0033590
1985.0	0.45127	0.0074120	0.37111	0.0025410	0.26610	0.0027420	0.35624	0.0031470
1990.0	0.45074	0.0071800	0.37170	0.0023910	0.26619	0.0031510	0.35776	0.0033000
1995.0	0.45167	0.0072300	0.37218	0.0024960	0.26628	0.0040540	0.35732	0.0029130
2000.0	0.45184	0.0072850	0.37242	0.0026920	0.26629	0.0037450	0.35818	0.0030640
2005.0	0.45274	0.0077210	0.37310	0.0026200	0.26765	0.0028410	0.35829	0.0034300
2010.0	0.45319	0.0076150	0.37317	0.0029250	0.26883	0.0032660	0.35889	0.0033440
2015.0	0.45458	0.0076050	0.37425	0.0027010	0.26912	0.0035800	0.35923	0.0033720
2020.0	0.45357	0.0071790	0.37459	0.0026800	0.26912	0.0030290	0.35981	0.0032090
2025.0	0.45504	0.0071810	0.37560	0.0028030	0.27066	0.0027790	0.36077	0.0031400
2030.0	0.45432	0.0080890	0.37535	0.0029610	0.27023	0.0029960	0.36099	0.0032580
2035.0	0.45531	0.0080530	0.37648	0.0029400	0.27107	0.0036350	0.36178	0.0033370
2040.0	0.45649	0.0084190	0.37689	0.0029200	0.27043	0.0031180	0.36290	0.0032530
2045.0	0.45610	0.0086470	0.37650	0.0028260	0.27185	0.0032030	0.36205	0.0032810
2050.0	0.45630	0.0081030	0.37716	0.0026000	0.27239	0.0031800	0.36327	0.0031020
2055.0	0.45724	0.0074330	0.37818	0.0028200	0.27298	0.0032190	0.36397	0.0034690
2060.0	0.45784	0.0084200	0.37842	0.0024860	0.27338	0.0028520	0.36446	0.0034800
2065.0	0.45778	0.0089280	0.37960	0.0028790	0.27468	0.0033250	0.36369	0.0034120
2070.0	0.45779	0.0088290	0.37890	0.0026070	0.27444	0.0034370	0.36489	0.0033030
2075.0	0.45831	0.0086840	0.37991	0.0026280	0.27617	0.0029000	0.36581	0.0034250
2080.0	0.45886	0.0093170	0.38104	0.0028040	0.27590	0.0028290	0.36615	0.0040010
2085.0	0.45946	0.0088330	0.38154	0.0028180	0.27601	0.0030340	0.36740	0.0038830
2090.0	0.46013	0.0085900	0.38257	0.0029500	0.27688	0.0027570	0.36818	0.0037680
2095.0	0.46020	0.0087000	0.38275	0.0027390	0.27796	0.0032020	0.36926	0.0036450
2100.0	0.46114	0.0078940	0.38417	0.0028940	0.27936	0.0030820	0.36874	0.0032730
2105.0	0.46059	0.0073730	0.38409	0.0023790	0.27996	0.0025520	0.36964	0.0030970
2110.0	0.46253	0.0084310	0.38552	0.0022870	0.28071	0.0024180	0.36993	0.0029930
2115.0	0.46239	0.0083640	0.38570	0.0023120	0.28191	0.0021060	0.37046	0.0032980
2120.0	0.46342	0.0083580	0.38686	0.0024020	0.28254	0.0020670	0.37120	0.0032410
2125.0	0.46333	0.0081770	0.38745	0.0024880	0.28434	0.0020700	0.37262	0.0033130
2130.0	0.46483	0.0088340	0.38925	0.0022960	0.28470	0.0018940	0.37325	0.0033200
2135.0	0.46477	0.0089380	0.38948	0.0024060	0.28673	0.0019980	0.37382	0.0033730
2140.0	0.46512	0.0087200	0.39002	0.0023270	0.28661	0.0019710	0.37403	0.0035200
2145.0	0.46448	0.0088120	0.39073	0.0023970	0.28742	0.0020010	0.37569	0.0036890
2150.0	0.46564	0.0087030	0.39140	0.0024480	0.28681	0.0019630	0.37547	0.0037450
2155.0	0.46581	0.0087010	0.39255	0.0024080	0.28801	0.0025400	0.37633	0.0025390
2160.0	0.46609	0.0090680	0.39320	0.0023430	0.28927	0.0025310	0.37698	0.0026160
2165.0	0.46639	0.0090180	0.39350	0.0022840	0.28979	0.0023020	0.37781	0.0031530
2170.0	0.46696	0.0091540	0.39436	0.0022080	0.29026	0.0020920	0.37872	0.0034510
2175.0	0.46782	0.0093150	0.39605	0.0022520	0.29095	0.0028790	0.37892	0.0028780
2180.0	0.46833	0.0081900	0.39677	0.0024360	0.29168	0.0030890	0.37970	0.0031250
2185.0	0.46928	0.0085880	0.39729	0.0025410	0.29269	0.0023860	0.38079	0.0032170
2190.0	0.46836	0.0087220	0.39836	0.0025670	0.29352	0.0023800	0.38194	0.0033360
2195.0	0.46990	0.0088540	0.39949	0.0024660	0.29512	0.0024430	0.38267	0.0031090
2200.0	0.47049	0.0095880	0.39978	0.0026520	0.29610	0.0021830	0.38339	0.0029240
2205.0	0.47054	0.0093530	0.40128	0.0023350	0.29782	0.0025460	0.38382	0.0031680
2210.0	0.47153	0.0098570	0.40253	0.0024650	0.29799	0.0026650	0.38483	0.0028610
2215.0	0.47270	0.0095860	0.40296	0.0024000	0.29960	0.0024190	0.38565	0.0034850
2220.0	0.47304	0.0090990	0.40424	0.0025830	0.30051	0.0033120	0.38681	0.0031630
2225.0	0.47356	0.0093530	0.40538	0.0024070	0.30180	0.0028580	0.38704	0.0027540
2230.0	0.47381	0.0088790	0.40573	0.0025150	0.30204	0.0032390	0.38827	0.0032990
2235.0	0.47437	0.0088160	0.40659	0.0025490	0.30337	0.0032310	0.38822	0.0034490
2240.0	0.47440	0.0096390	0.40712	0.0024230	0.30495	0.0027830	0.39008	0.0031990
2245.0	0.47536	0.0092320	0.40880	0.0023980	0.30661	0.0029620	0.39033	0.0029300
2250.0	0.47594	0.0094280	0.40995	0.0024000	0.30855	0.0029510	0.39130	0.0030680
2255.0	0.47655	0.0096140	0.41027	0.0026430	0.31078	0.0034260	0.39278	0.0031180
2260.0	0.47748	0.0091810	0.41178	0.0024900	0.31094	0.0033050	0.39359	0.0034500
2265.0	0.47849	0.0090970	0.41309	0.0024910	0.31180	0.0029390	0.39472	0.0033060
2270.0	0.47912	0.0089470	0.41396	0.0026230	0.31274	0.0035970	0.39543	0.0033010
2275.0	0.48015	0.0090960	0.41490	0.0024060	0.31528	0.0033310	0.39602	0.0029210
2280.0	0.48100	0.0092920	0.41627	0.0026210	0.31617	0.0035380	0.39693	0.0030820
2285.0	0.48127	0.0092520	0.41724	0.0024970	0.31561	0.0034990	0.39824	0.0032330
2290.0	0.48185	0.0094940	0.41804	0.0026640	0.31687	0.0037190	0.39951	0.0034510
2295.0	0.48224	0.0095330	0.41912	0.0026050	0.31761	0.0036600	0.40039	0.0030570
2300.0	0.48345	0.0093920	0.42005	0.0026510	0.31880	0.0046800	0.40078	0.0028000
2305.0	0.48451	0.0094470	0.42172	0.0025400	0.31964	0.0047370	0.40177	0.0032460
2310.0	0.48393	0.0099190	0.42213	0.0028760	0.32074	0.0041850	0.40251	0.0032990
2315.0	0.48360	0.0095520	0.42207	0.0027400	0.32193	0.0040720	0.40268	0.0031620
2320.0	0.48426	0.0096950	0.42202	0.0029080	0.32258	0.0049660	0.40285	0.0037080
2325.0	0.48428	0.0098010	0.42317	0.0026150	0.32345	0.0044450	0.40394	0.0029300
2330.0	0.48563	0.0095720	0.42440	0.0028230	0.32433	0.0044630	0.40376	0.0032160
2335.0	0.48498	0.0094590	0.42460	0.0027930	0.32518	0.0046670	0.40510	0.0034650
2340.0	0.48605	0.0093920	0.42612	0.0029960	0.32610	0.0046020	0.40537	0.0034460
2345.0	0.48563	0.0097850	0.42599	0.0029590	0.32727	0.0044890	0.40678	0.0035500
2350.0	0.48776	0.0099880	0.42704	0.0031560	0.32762	0.0050460	0.40688	0.0035950
2355.0	0.48622	0.0097300	0.42727	0.0028610	0.32859	0.0052770	0.40670	0.0034540
2360.0	0.48689	0.0093590	0.42731	0.0028250	0.32920	0.0043070	0.40759	0.0034960
2365.0	0.48644	0.0096550	0.42785	0.0031980	0.32990	0.0050640	0.40832	0.0044090
2370.0	0.48727	0.010055	0.42849	0.0029640	0.33064	0.0041260	0.40841	0.0038020
2375.0	0.48723	0.0098810	0.42923	0.0031490	0.33203	0.0053580	0.40928	0.0040660
2380.0	0.48891	0.0093940	0.42965	0.0030230	0.33306	0.0044140	0.40977	0.0036230
2385.0	0.48913	0.0095800	0.43069	0.0031190	0.33402	0.0060380	0.41118	0.0036050
2390.0	0.49078	0.0094830	0.43197	0.0028300	0.33562	0.0059660	0.41192	0.0036600
2395.0	0.49021	0.0097830	0.43253	0.0028510	0.33719	0.0055490	0.41221	0.0039140
2400.0	0.49135	0.0094430	0.43380	0.0030590	0.33801	0.0058930	0.41377	0.0040960
2405.0	0.49165	0.0091510	0.43417	0.0029940	0.33883	0.0066610	0.41395	0.0043140
2410.0	0.49222	0.0093970	0.43455	0.0028910	0.34016	0.0066900	0.41515	0.0040100
2415.0	0.49318	0.0097020	0.43592	0.0031680	0.34089	0.0059640	0.41598	0.0036780
2420.0	0.49151	0.0096100	0.43536	0.0031000	0.34137	0.0055430	0.41600	0.0036840
2425.0	0.49443	0.0098320	0.43676	0.0030480	0.34093	0.0063950	0.41607	0.0039660
2430.0	0.49352	0.010091	0.43638	0.0032010	0.34295	0.0054780	0.41752	0.0037710
2435.0	0.49362	0.0094990	0.43719	0.0034400	0.34294	0.0063440	0.41857	0.0042630
2440.0	0.49325	0.0090960	0.43819	0.0032000	0.34308	0.0054280	0.41851	0.0037790
2445.0	0.49398	0.010189	0.43888	0.0030530	0.34410	0.0057760	0.41943	0.0036740
2450.0	0.49465	0.0090890	0.43906	0.0029770	0.34467	0.0057100	0.41982	0.0037750
2455.0	0.49446	0.0087150	0.43952	0.0026050	0.34463	0.0058060	0.42005	0.0035950
2460.0	0.49552	0.0090020	0.44074	0.0027240	0.34556	0.0050230	0.42070	0.0035350
2465.0	0.49540	0.0090980	0.44117	0.0026890	0.34683	0.0046980	0.42199	0.0041920
2470.0	0.49516	0.0096320	0.44189	0.0029160	0.34713	0.0049300	0.42322	0.0041160
2475.0	0.49566	0.0096780	0.44239	0.0026030	0.34825	0.0039620	0.42382	0.0033860
2480.0	0.49593	0.0098530	0.44339	0.0028590	0.34784	0.0040620	0.42530	0.0038080
2485.0	0.49571	0.0094500	0.44447	0.0027180	0.34892	0.0042510	0.42694	0.0047240
2490.0	0.49616	0.0093680	0.44485	0.0028910	0.34900	0.0037720	0.42674	0.0046490
2495.0	0.49560	0.0091830	0.44561	0.0028200	0.34871	0.0043040	0.42823	0.0036780
2500.0	0.49781	0.0099710	0.44592	0.0024090	0.35155	0.0038990	0.42767	0.0037540
2505.0	0.49731	0.0094150	0.44703	0.0028340	0.35106	0.0043490	0.43008	0.0039970
2510.0	0.49781	0.0093910	0.44756	0.0027170	0.35205	0.0045320	0.42982	0.0039640
2515.0	0.49784	0.0086370	0.44928	0.0028310	0.35226	0.0031810	0.43182	0.0044590
2520.0	0.49819	0.010856	0.44897	0.0027730	0.35274	0.0035950	0.43195	0.0043190
2525.0	0.49836	0.010131	0.44995	0.0028000	0.35314	0.0036190	0.43318	0.0037310
2530.0	0.49916	0.0098110	0.45088	0.0030830	0.35467	0.0037560	0.43322	0.0042570
2535.0	0.49938	0.0093570	0.45060	0.0032700	0.35485	0.0043120	0.43506	0.0051260
2540.0	0.50029	0.0099320	0.45228	0.0033000	0.35599	0.0044680	0.43520	0.0044100
2545.0	0.50150	0.010243	0.45355	0.0035360	0.35828	0.0038090	0.43429	0.0037250
2550.0	0.50175	0.010397	0.45446	0.0034340	0.35814	0.0038690	0.43644	0.0044050
2555.0	0.50207	0.010313	0.45482	0.0034020	0.35867	0.0046500	0.43789	0.0047380
2560.0	0.50355	0.0092270	0.45543	0.0036450	0.36040	0.0036040	0.43615	0.0050510
2565.0	0.50357	0.011566	0.45617	0.0060100	0.36103	0.0055610	0.43737	0.0069800
2570.0	0.50350	0.011438	0.45685	0.0049280	0.36102	0.0047520	0.43826	0.0058060
2575.0	0.50356	0.010884	0.45724	0.0053460	0.36140	0.0055740	0.43932	0.0063820
2580.0	0.50497	0.010221	0.45804	0.0047400	0.36338	0.0057340	0.43724	0.0059000
2585.0	0.50392	0.011281	0.45989	0.0056210	0.36183	0.0060020	0.44288	0.0055310
2590.0	0.50612	0.012375	0.46043	0.0061000	0.36585	0.0058510	0.43881	0.0062280
2595.0	0.50766	0.011799	0.46064	0.0063400	0.36903	0.0063500	0.44262	0.0067790
2600.0	0.51339	0.011861	0.45968	0.0054530	0.36883	0.0057840	0.44348	0.0065700
