Wavelength	14163 <10	sd	14163 10-20	sd	14163 20-45	sd	14163 <45	sd
300.00	0.072126	0.056420	0.047771	0.054760	0.042040	0.012707	0.058895	0.055672
305.00	0.076592	0.037115	0.054474	0.037413	0.041553	0.0084460	0.060845	0.037395
310.00	0.078475	0.026047	0.055180	0.027033	0.041384	0.0060100	0.064580	0.026621
315.00	0.079528	0.019956	0.057895	0.019913	0.042045	0.0047270	0.066236	0.019741
320.00	0.081070	0.015764	0.058131	0.015688	0.042372	0.0036730	0.067014	0.015845
325.00	0.081936	0.012819	0.058678	0.012776	0.042851	0.0030100	0.067277	0.012705
330.00	0.082864	0.010220	0.059725	0.010485	0.043965	0.0026090	0.068559	0.010510
335.00	0.084550	0.0088230	0.061082	0.0086670	0.044782	0.0022370	0.069080	0.0085260
340.00	0.086224	0.0073650	0.061276	0.0071810	0.045422	0.0018770	0.069606	0.0073630
345.00	0.087435	0.0061420	0.062254	0.0062210	0.046287	0.0016630	0.071335	0.0061520
350.00	0.088582	0.0052470	0.063875	0.0051660	0.047375	0.0014850	0.072483	0.0051680
355.00	0.090552	0.0043690	0.064768	0.0041810	0.048413	0.0013530	0.073439	0.0043770
360.00	0.092939	0.0037050	0.065807	0.0036320	0.049608	0.0012040	0.075077	0.0037010
365.00	0.094900	0.0031170	0.067226	0.0031130	0.050697	0.0011350	0.076506	0.0031260
370.00	0.096914	0.0027060	0.068954	0.0027040	0.051847	0.0010660	0.078125	0.0026650
375.00	0.098509	0.0024850	0.070285	0.0023590	0.052752	0.0010400	0.079774	0.0024610
380.00	0.10060	0.0023040	0.071704	0.0022660	0.053993	0.0011030	0.080986	0.0022460
385.00	0.10251	0.0023040	0.073223	0.0022590	0.055090	0.0010370	0.082537	0.0022240
390.00	0.10439	0.0025570	0.074427	0.0024800	0.056089	0.0010960	0.084259	0.0025160
395.00	0.10653	0.0031430	0.075756	0.0031070	0.057375	0.0014200	0.086119	0.0032010
400.00	0.10821	0.0066880	0.076824	0.0066960	0.058452	0.0018430	0.087120	0.0066380
405.00	0.10999	0.010596	0.078014	0.010250	0.059370	0.0020760	0.088211	0.010490
410.00	0.11167	0.017228	0.079200	0.017203	0.060321	0.0013590	0.089199	0.017246
415.00	0.11339	0.00099300	0.080369	0.00089400	0.061336	0.0012480	0.090320	0.0010890
420.00	0.11497	0.00095300	0.081461	0.00082200	0.062268	0.0012090	0.091619	0.0010140
425.00	0.11678	0.00091400	0.082631	0.00074800	0.063283	0.0011880	0.093017	0.00098300
430.00	0.11879	0.00095000	0.083807	0.00078600	0.064133	0.0011550	0.093900	0.0010240
435.00	0.11958	0.00098700	0.084756	0.00076400	0.065009	0.0011420	0.096021	0.0010560
440.00	0.12229	0.0010010	0.086117	0.00080300	0.065913	0.0011570	0.096091	0.0010930
445.00	0.12290	0.00087600	0.086829	0.00074300	0.066847	0.0012330	0.098316	0.0010920
450.00	0.12515	0.00082400	0.088055	0.00068500	0.067693	0.0012090	0.098975	0.00098400
455.00	0.12630	0.00081800	0.088929	0.00067800	0.068569	0.0012320	0.10018	0.00096000
460.00	0.12775	0.00081500	0.089973	0.00067600	0.069446	0.0012840	0.10140	0.00090500
465.00	0.12940	0.00089200	0.091079	0.00069200	0.070290	0.0012440	0.10239	0.00094700
470.00	0.13068	0.00087000	0.092065	0.00067200	0.071248	0.0012820	0.10369	0.0010880
475.00	0.13227	0.00084500	0.092984	0.00066100	0.072097	0.0012790	0.10453	0.0011180
480.00	0.13347	0.00083800	0.093966	0.00068100	0.073042	0.0013410	0.10584	0.00099100
485.00	0.13505	0.00088700	0.095003	0.00068000	0.074050	0.0013610	0.10676	0.00099200
490.00	0.13639	0.00087800	0.095869	0.00069200	0.074923	0.0013890	0.10790	0.0010550
495.00	0.13797	0.00091800	0.096932	0.00070600	0.075719	0.0014250	0.10902	0.0011200
500.00	0.13918	0.00092300	0.097767	0.00069900	0.076886	0.0014520	0.11020	0.0011180
505.00	0.14053	0.00082500	0.098518	0.00069900	0.077500	0.0014610	0.11089	0.0011200
510.00	0.14188	0.00087600	0.099564	0.00070400	0.078490	0.0014950	0.11216	0.0011580
515.00	0.14322	0.00092900	0.10057	0.00075000	0.079620	0.0015190	0.11315	0.0012190
520.00	0.14438	0.00095100	0.10151	0.00077200	0.080618	0.0015470	0.11426	0.0013770
525.00	0.14594	0.00088100	0.10248	0.00076000	0.081565	0.0015680	0.11520	0.0013540
530.00	0.14727	0.00088900	0.10350	0.00076200	0.082506	0.0016160	0.11638	0.0012220
535.00	0.14867	0.00095300	0.10438	0.00075300	0.083319	0.0015660	0.11745	0.0012140
540.00	0.14985	0.00092400	0.10522	0.00078500	0.084107	0.0015920	0.11843	0.0010650
545.00	0.15113	0.00099300	0.10603	0.00080600	0.084929	0.0015530	0.11933	0.0010790
550.00	0.15267	0.0010120	0.10701	0.00084300	0.085643	0.0016220	0.12019	0.0012020
555.00	0.15328	0.0011340	0.10768	0.00093300	0.086298	0.0015950	0.12168	0.0012620
560.00	0.15542	0.0010700	0.10871	0.00085200	0.087094	0.0015500	0.12163	0.0014070
565.00	0.15548	0.0010430	0.10914	0.00091200	0.087756	0.0016370	0.12354	0.0014100
570.00	0.15816	0.0010370	0.11051	0.00085200	0.088422	0.0016090	0.12332	0.0013640
575.00	0.15857	0.00093600	0.11098	0.00087300	0.088992	0.0015970	0.12497	0.0013580
580.00	0.16012	0.00091100	0.11200	0.00083300	0.089590	0.0016600	0.12535	0.0012110
585.00	0.16110	0.00097600	0.11267	0.00087100	0.090086	0.0016380	0.12619	0.0012600
590.00	0.16227	0.00095300	0.11349	0.00084400	0.090645	0.0016070	0.12734	0.0012260
595.00	0.16364	0.00093100	0.11440	0.00086300	0.091106	0.0016460	0.12800	0.0012060
600.00	0.16454	0.00098000	0.11509	0.00087100	0.091394	0.0016580	0.12901	0.0014210
605.00	0.16614	0.00096400	0.11609	0.00084900	0.091688	0.0016360	0.12948	0.0014100
610.00	0.16710	0.00095900	0.11691	0.00088000	0.092431	0.0016420	0.13086	0.0015690
615.00	0.16852	0.00095300	0.11781	0.00085800	0.093008	0.0016170	0.13158	0.0015740
620.00	0.16947	0.00099400	0.11861	0.00090500	0.093537	0.0017180	0.13302	0.0016420
625.00	0.17066	0.0010530	0.11949	0.00093600	0.094085	0.0017070	0.13376	0.0016460
630.00	0.17159	0.00099400	0.12020	0.00091400	0.094607	0.0017220	0.13507	0.0017910
635.00	0.17290	0.0010410	0.12113	0.00092000	0.095062	0.0017110	0.13573	0.0017680
640.00	0.17379	0.0010300	0.12188	0.00095500	0.095437	0.0017470	0.13687	0.0019440
645.00	0.17504	0.0010130	0.12264	0.00091200	0.095656	0.0017130	0.13743	0.0018800
650.00	0.17611	0.0010020	0.12338	0.00090300	0.095811	0.0017420	0.13851	0.0019110
655.00	0.17728	0.0010550	0.12425	0.00094100	0.095986	0.0017450	0.13897	0.0019620
660.00	0.17817	0.0010530	0.12491	0.00096800	0.096130	0.0018350	0.13995	0.0019490
665.00	0.17932	0.0010400	0.12572	0.00095500	0.096283	0.0017460	0.14050	0.0019800
670.00	0.18013	0.0010150	0.12644	0.00095900	0.096539	0.0017920	0.14169	0.0017300
675.00	0.18147	0.0010440	0.12739	0.00097400	0.096748	0.0017770	0.14229	0.0017030
680.00	0.18231	0.0010690	0.12812	0.00099600	0.097026	0.0018080	0.14295	0.0021070
685.00	0.18286	0.0011720	0.12877	0.00099100	0.097281	0.0018260	0.14424	0.0020750
690.00	0.18531	0.0012830	0.13000	0.0010830	0.097635	0.0018370	0.14412	0.0019340
695.00	0.18447	0.0011500	0.13016	0.00099500	0.098044	0.0018250	0.14606	0.0019370
700.00	0.18743	0.0012330	0.13157	0.00099100	0.098211	0.0018310	0.14567	0.0020800
705.00	0.18740	0.0011050	0.13206	0.00095600	0.098613	0.0019000	0.14723	0.0020830
710.00	0.18873	0.0012970	0.13292	0.0013220	0.099068	0.0026810	0.14756	0.0019630
715.00	0.18968	0.0013760	0.13368	0.0014540	0.099332	0.0027760	0.14852	0.0018990
720.00	0.19090	0.0014120	0.13425	0.0014800	0.099948	0.0027900	0.14920	0.0017760
725.00	0.19222	0.0013940	0.13502	0.0013940	0.10049	0.0028140	0.14968	0.0020000
730.00	0.19271	0.0014450	0.13595	0.0014130	0.10071	0.0027890	0.15092	0.0020040
735.00	0.19351	0.0016830	0.13661	0.0017740	0.10095	0.0037450	0.15147	0.0023170
740.00	0.19486	0.0018400	0.13761	0.0017140	0.10185	0.0035260	0.15161	0.0021550
745.00	0.19695	0.0016790	0.13817	0.0018280	0.10193	0.0038970	0.15297	0.0024850
750.00	0.19732	0.0020080	0.13911	0.0020280	0.10221	0.0037420	0.15400	0.0025510
755.00	0.19871	0.0020090	0.13957	0.0020550	0.10225	0.0038560	0.15461	0.0025490
760.00	0.19832	0.0019930	0.13995	0.0021090	0.10263	0.0040650	0.15543	0.0026770
765.00	0.20062	0.0021830	0.14062	0.0021580	0.10297	0.0036920	0.15540	0.0028010
770.00	0.20044	0.0019470	0.14028	0.0023400	0.10273	0.0038800	0.15731	0.0025340
775.00	0.20226	0.0021870	0.14185	0.0023600	0.10322	0.0043730	0.15733	0.0025920
780.00	0.20266	0.0024190	0.14163	0.0023240	0.10341	0.0041020	0.15839	0.0030060
785.00	0.20366	0.0022290	0.14291	0.0024270	0.10347	0.0037340	0.15759	0.0031400
790.00	0.20496	0.0024910	0.14306	0.0023210	0.10298	0.0039110	0.15943	0.0028090
795.00	0.20567	0.0023440	0.14356	0.0025800	0.10316	0.0040450	0.15967	0.0031520
800.00	0.20603	0.0025040	0.14357	0.0026910	0.10312	0.0037900	0.16024	0.0029700
805.00	0.20731	0.0031620	0.14411	0.0033240	0.10276	0.0043820	0.16081	0.0037770
810.00	0.20888	0.0030290	0.14466	0.0030580	0.10264	0.0047500	0.16114	0.0038220
815.00	0.20956	0.0030400	0.14496	0.0032830	0.10221	0.0046160	0.16197	0.0037680
820.00	0.20966	0.0028910	0.14469	0.0035540	0.10195	0.0045140	0.16102	0.0041280
825.00	0.21098	0.0029830	0.14432	0.0033530	0.10124	0.0045350	0.16155	0.0038920
830.00	0.21123	0.0033380	0.14518	0.0031740	0.10151	0.0045970	0.16201	0.0039460
835.00	0.21165	0.0028060	0.14477	0.0030350	0.10115	0.0044140	0.16260	0.0033240
840.00	0.21244	0.0028130	0.14469	0.0027850	0.10044	0.0043830	0.16257	0.0031630
845.00	0.21280	0.0027250	0.14482	0.0028020	0.099686	0.0042140	0.16229	0.0030330
850.00	0.21374	0.0025940	0.14550	0.0030400	0.098836	0.0042370	0.16247	0.0027270
855.00	0.21408	0.0022940	0.14480	0.0023610	0.098096	0.0038400	0.16218	0.0030230
860.00	0.21455	0.0025120	0.14493	0.0025710	0.097907	0.0037160	0.16278	0.0030750
865.00	0.21465	0.0021990	0.14468	0.0024550	0.097252	0.0039010	0.16246	0.0028910
870.00	0.21525	0.0018320	0.14448	0.0019600	0.096661	0.0036970	0.16210	0.0027770
875.00	0.21625	0.0024980	0.14418	0.0025580	0.095978	0.0038740	0.16253	0.0027940
880.00	0.21584	0.0023010	0.14454	0.0022830	0.095538	0.0039860	0.16310	0.0027670
885.00	0.21662	0.0021290	0.14380	0.0020730	0.094806	0.0037550	0.16323	0.0025540
890.00	0.21710	0.0020640	0.14340	0.0020560	0.094533	0.0037260	0.16277	0.0023040
895.00	0.21746	0.0019230	0.14375	0.0023490	0.094605	0.0036960	0.16315	0.0024420
900.00	0.21779	0.0021400	0.14423	0.0022950	0.093696	0.0034910	0.16325	0.0020170
905.00	0.21875	0.0022330	0.14359	0.0024110	0.093758	0.0038100	0.16236	0.0027240
910.00	0.21912	0.0023050	0.14367	0.0025670	0.093756	0.0038210	0.16368	0.0030170
915.00	0.21982	0.0022980	0.14390	0.0023670	0.093433	0.0035060	0.16361	0.0025170
920.00	0.21941	0.0022120	0.14403	0.0024570	0.094339	0.0033850	0.16454	0.0026240
925.00	0.22057	0.0020720	0.14421	0.0023110	0.093788	0.0035540	0.16420	0.0022720
930.00	0.22124	0.0021370	0.14397	0.0023880	0.093747	0.0036130	0.16475	0.0025120
935.00	0.22242	0.0020920	0.14467	0.0021680	0.093806	0.0033600	0.16518	0.0024950
940.00	0.22226	0.0021460	0.14449	0.0022670	0.093773	0.0034380	0.16620	0.0021040
945.00	0.22273	0.0018420	0.14538	0.0021740	0.093936	0.0033090	0.16625	0.0022300
950.00	0.22271	0.0020320	0.14585	0.0022650	0.094575	0.0030860	0.16753	0.0021360
955.00	0.22576	0.0025950	0.14728	0.0027820	0.094458	0.0037160	0.16683	0.0028940
960.00	0.22607	0.0023290	0.14791	0.0024090	0.094821	0.0037560	0.16830	0.0026520
965.00	0.22713	0.0025180	0.14771	0.0026660	0.095115	0.0035980	0.16890	0.0026220
970.00	0.22692	0.0021380	0.14927	0.0026570	0.095959	0.0038560	0.16942	0.0024780
975.00	0.22754	0.0022280	0.14997	0.0025610	0.096103	0.0035620	0.17045	0.0026260
980.00	0.22896	0.0022930	0.15039	0.0024090	0.097248	0.0033980	0.17081	0.0030310
985.00	0.22952	0.0022330	0.15186	0.0027510	0.097866	0.0035740	0.17175	0.0028830
990.00	0.23083	0.0022470	0.15224	0.0023460	0.098987	0.0036520	0.17299	0.0032670
995.00	0.23125	0.0023080	0.15297	0.0021310	0.099537	0.0037640	0.17351	0.0030860
1000.0	0.23328	0.0021150	0.15425	0.0026050	0.10004	0.0037310	0.17407	0.0033280
1005.0	0.23444	0.0030570	0.15569	0.0033600	0.10134	0.0041440	0.17550	0.0039850
1010.0	0.23499	0.0028550	0.15618	0.0031030	0.10197	0.0045110	0.17672	0.0033960
1015.0	0.23588	0.0028740	0.15737	0.0028660	0.10295	0.0039600	0.17774	0.0035880
1020.0	0.23659	0.0029230	0.15861	0.0028390	0.10395	0.0041000	0.17836	0.0029520
1025.0	0.23800	0.0027090	0.16030	0.0032060	0.10545	0.0038760	0.17961	0.0032800
1030.0	0.24023	0.0028580	0.16071	0.0025040	0.10546	0.0042580	0.18094	0.0038340
1035.0	0.24038	0.0028440	0.16163	0.0029830	0.10669	0.0042790	0.18170	0.0029720
1040.0	0.24141	0.0027370	0.16286	0.0029950	0.10757	0.0039430	0.18244	0.0031630
1045.0	0.24200	0.0026510	0.16396	0.0031140	0.10908	0.0044090	0.18408	0.0029980
1050.0	0.24375	0.0028180	0.16494	0.0029520	0.10965	0.0047130	0.18448	0.0027390
1055.0	0.24364	0.0028660	0.16572	0.0031640	0.11037	0.0041800	0.18552	0.0029120
1060.0	0.24535	0.0024900	0.16696	0.0030070	0.11135	0.0043800	0.18578	0.0029090
1065.0	0.24538	0.0025970	0.16730	0.0025640	0.11236	0.0045430	0.18723	0.0031810
1070.0	0.24691	0.0024250	0.16859	0.0030460	0.11330	0.0045580	0.18778	0.0031890
1075.0	0.24654	0.0025080	0.16946	0.0029280	0.11460	0.0039530	0.18912	0.0028750
1080.0	0.24870	0.0025450	0.17072	0.0024230	0.11524	0.0045170	0.19006	0.0035130
1085.0	0.25001	0.0025950	0.17123	0.0026660	0.11595	0.0041680	0.19113	0.0034680
1090.0	0.25096	0.0024680	0.17224	0.0027530	0.11662	0.0043820	0.19127	0.0031240
1095.0	0.25098	0.0024460	0.17339	0.0025480	0.11744	0.0041220	0.19191	0.0030550
1100.0	0.25299	0.0024330	0.17373	0.0026870	0.11846	0.0043460	0.19383	0.0031320
1105.0	0.25274	0.0024670	0.17457	0.0026350	0.11892	0.0043830	0.19419	0.0029020
1110.0	0.25332	0.0025190	0.17553	0.0025580	0.11994	0.0042310	0.19497	0.0033950
1115.0	0.25476	0.0022340	0.17617	0.0026130	0.12050	0.0045400	0.19571	0.0031290
1120.0	0.25606	0.0021370	0.17703	0.0027060	0.12150	0.0042070	0.19725	0.0032750
1125.0	0.25718	0.0022580	0.17836	0.0026270	0.12242	0.0044020	0.19737	0.0037190
1130.0	0.25699	0.0025980	0.17827	0.0024850	0.12338	0.0048430	0.19805	0.0027810
1135.0	0.25731	0.0025760	0.17966	0.0027860	0.12438	0.0047500	0.19867	0.0031020
1140.0	0.25813	0.0023280	0.18012	0.0026580	0.12464	0.0048920	0.19957	0.0032910
1145.0	0.25892	0.0024550	0.18051	0.0027140	0.12512	0.0046430	0.19988	0.0035640
1150.0	0.26058	0.0023550	0.18195	0.0023960	0.12598	0.0044820	0.20100	0.0031200
1155.0	0.26346	0.0025820	0.18199	0.0027580	0.12630	0.0047590	0.20173	0.0040790
1160.0	0.26114	0.0026360	0.18339	0.0028950	0.12734	0.0049700	0.20261	0.0037930
1165.0	0.26347	0.0024400	0.18398	0.0027810	0.12761	0.0045250	0.20279	0.0037790
1170.0	0.26324	0.0022500	0.18425	0.0026550	0.12860	0.0047560	0.20415	0.0039390
1175.0	0.26523	0.0027020	0.18494	0.0029770	0.12939	0.0050110	0.20364	0.0042120
1180.0	0.26495	0.0025570	0.18544	0.0026430	0.12959	0.0044890	0.20509	0.0038550
1185.0	0.26551	0.0024000	0.18650	0.0028000	0.13036	0.0050730	0.20538	0.0037150
1190.0	0.26677	0.0026320	0.18709	0.0030670	0.13190	0.0049850	0.20691	0.0034880
1195.0	0.26747	0.0023500	0.18817	0.0029180	0.13108	0.0050010	0.20678	0.0036380
1200.0	0.26761	0.0024870	0.18865	0.0030780	0.13242	0.0049170	0.20826	0.0035470
1205.0	0.26848	0.0025730	0.18949	0.0027500	0.13258	0.0049960	0.20879	0.0035000
1210.0	0.26956	0.0024890	0.19019	0.0031010	0.13339	0.0051730	0.21031	0.0033680
1215.0	0.27165	0.0027850	0.19119	0.0031030	0.13318	0.0053110	0.20971	0.0034330
1220.0	0.27030	0.0025140	0.19146	0.0031750	0.13409	0.0050200	0.21013	0.0028980
1225.0	0.27221	0.0027300	0.19239	0.0030680	0.13371	0.0053580	0.21083	0.0030260
1230.0	0.27202	0.0026590	0.19280	0.0032420	0.13427	0.0053280	0.21258	0.0027230
1235.0	0.27281	0.0024080	0.19365	0.0031390	0.13443	0.0055080	0.21192	0.0029980
1240.0	0.27427	0.0025380	0.19389	0.0027380	0.13470	0.0050700	0.21283	0.0026740
1245.0	0.27498	0.0020020	0.19522	0.0029060	0.13565	0.0049750	0.21395	0.0022090
1250.0	0.27586	0.0021700	0.19600	0.0030510	0.13594	0.0049580	0.21423	0.0023960
1255.0	0.27649	0.0018580	0.19641	0.0026230	0.13638	0.0047750	0.21505	0.0024970
1260.0	0.27713	0.0021250	0.19688	0.0032340	0.13620	0.0049770	0.21497	0.0021260
1265.0	0.27813	0.0019280	0.19805	0.0028890	0.13690	0.0049070	0.21566	0.0026990
1270.0	0.27938	0.0018440	0.19810	0.0027940	0.13780	0.0050990	0.21639	0.0030270
1275.0	0.27946	0.0021870	0.19963	0.0024260	0.13831	0.0051930	0.21741	0.0032340
1280.0	0.27995	0.0021160	0.20010	0.0028040	0.13856	0.0053420	0.21812	0.0029550
1285.0	0.28058	0.0019910	0.20064	0.0025840	0.13930	0.0051270	0.21913	0.0031050
1290.0	0.28133	0.0020300	0.20124	0.0027710	0.13977	0.0052770	0.21941	0.0028190
1295.0	0.28277	0.0021190	0.20241	0.0025530	0.14038	0.0052810	0.21993	0.0028100
1300.0	0.28360	0.0018090	0.20294	0.0024850	0.14054	0.0055160	0.22055	0.0036340
1305.0	0.28396	0.0018380	0.20358	0.0027280	0.14093	0.0057310	0.22157	0.0032500
1310.0	0.28500	0.0021430	0.20465	0.0026530	0.14190	0.0049080	0.22230	0.0034620
1315.0	0.28549	0.0018690	0.20467	0.0029410	0.14204	0.0049720	0.22320	0.0036450
1320.0	0.28766	0.0019160	0.20575	0.0026510	0.14280	0.0054240	0.22376	0.0033460
1325.0	0.28747	0.0019900	0.20667	0.0027660	0.14355	0.0054130	0.22476	0.0027470
1330.0	0.28847	0.0019420	0.20744	0.0029710	0.14395	0.0052170	0.22522	0.0029890
1335.0	0.28935	0.0018020	0.20858	0.0026550	0.14483	0.0058700	0.22596	0.0025440
1340.0	0.29004	0.0018050	0.20910	0.0025160	0.14548	0.0051380	0.22681	0.0025840
1345.0	0.29054	0.0020020	0.20968	0.0026610	0.14578	0.0053680	0.22716	0.0029970
1350.0	0.29169	0.0019870	0.21081	0.0027900	0.14684	0.0056040	0.22793	0.0032140
1355.0	0.29091	0.0018660	0.21095	0.0029640	0.14770	0.0057820	0.22896	0.0035300
1360.0	0.29246	0.0019750	0.21139	0.0026290	0.14825	0.0058440	0.22951	0.0039210
1365.0	0.29397	0.0019090	0.21225	0.0031390	0.14809	0.0055770	0.22991	0.0029810
1370.0	0.29426	0.0018760	0.21365	0.0030420	0.14874	0.0057180	0.23085	0.0029450
1375.0	0.29575	0.0021330	0.21339	0.0032290	0.14900	0.0057240	0.23085	0.0025230
1380.0	0.29564	0.0018650	0.21448	0.0028740	0.15008	0.0058610	0.23239	0.0027550
1385.0	0.29681	0.0020840	0.21592	0.0029360	0.15085	0.0058340	0.23110	0.0033060
1390.0	0.29785	0.0017730	0.21670	0.0027810	0.15179	0.0058390	0.23350	0.0030060
1395.0	0.29795	0.0018790	0.21738	0.0029680	0.15220	0.0055830	0.23485	0.0024890
1400.0	0.29874	0.0017950	0.21814	0.0026360	0.15288	0.0056860	0.23493	0.0023040
1405.0	0.29939	0.0018710	0.21882	0.0030940	0.15378	0.0056450	0.23646	0.0027410
1410.0	0.30032	0.0018870	0.21982	0.0024120	0.15375	0.0060710	0.23701	0.0027140
1415.0	0.30078	0.0018170	0.22022	0.0029090	0.15454	0.0056370	0.23739	0.0033200
1420.0	0.30192	0.0019020	0.22073	0.0028290	0.15518	0.0056870	0.23815	0.0034530
1425.0	0.30197	0.0019930	0.22142	0.0030350	0.15501	0.0059190	0.23835	0.0033050
1430.0	0.30330	0.0018790	0.22203	0.0030260	0.15598	0.0060120	0.23909	0.0032740
1435.0	0.30386	0.0018820	0.22290	0.0027190	0.15669	0.0059430	0.23929	0.0038640
1440.0	0.30481	0.0017130	0.22361	0.0033070	0.15664	0.0062060	0.24095	0.0041180
1445.0	0.30505	0.0019010	0.22418	0.0030300	0.15793	0.0059500	0.24094	0.0042850
1450.0	0.30500	0.0021970	0.22471	0.0032860	0.15824	0.0057800	0.24179	0.0038610
1455.0	0.30699	0.0020650	0.22535	0.0029820	0.15837	0.0063180	0.24200	0.0037130
1460.0	0.30617	0.0021580	0.22509	0.0034710	0.15917	0.0059000	0.24248	0.0031630
1465.0	0.30787	0.0020750	0.22650	0.0032660	0.15978	0.0055970	0.24353	0.0031440
1470.0	0.30900	0.0019870	0.22787	0.0031000	0.16086	0.0058720	0.24453	0.0034800
1475.0	0.30970	0.0020440	0.22832	0.0031200	0.16112	0.0059830	0.24422	0.0040640
1480.0	0.30934	0.0019250	0.22772	0.0032990	0.16098	0.0059250	0.24553	0.0036860
1485.0	0.31129	0.0018760	0.22968	0.0029920	0.16147	0.0060850	0.24529	0.0040910
1490.0	0.31143	0.0019380	0.23046	0.0032970	0.16212	0.0054190	0.24710	0.0040420
1495.0	0.31190	0.0021700	0.23102	0.0035030	0.16227	0.0062040	0.24697	0.0042300
1500.0	0.31233	0.0021750	0.23092	0.0033630	0.16272	0.0062280	0.24741	0.0046670
1505.0	0.31326	0.0019940	0.23170	0.0033940	0.16304	0.0058510	0.24827	0.0041280
1510.0	0.31342	0.0021630	0.23224	0.0030510	0.16433	0.0061790	0.24837	0.0042780
1515.0	0.31347	0.0022440	0.23291	0.0037850	0.16409	0.0061270	0.24920	0.0038570
1520.0	0.31524	0.0018900	0.23357	0.0033560	0.16471	0.0061720	0.25034	0.0032560
1525.0	0.31522	0.0021070	0.23386	0.0031130	0.16502	0.0069260	0.25074	0.0034310
1530.0	0.31633	0.0019100	0.23442	0.0035450	0.16531	0.0065780	0.25115	0.0037320
1535.0	0.31622	0.0019840	0.23453	0.0033690	0.16548	0.0063440	0.25173	0.0044870
1540.0	0.31722	0.0021060	0.23561	0.0038780	0.16654	0.0064160	0.25190	0.0042860
1545.0	0.31789	0.0020080	0.23600	0.0034160	0.16702	0.0061390	0.25225	0.0044710
1550.0	0.31832	0.0021350	0.23647	0.0037640	0.16759	0.0061610	0.25253	0.0049240
1555.0	0.31836	0.0021790	0.23704	0.0039570	0.16742	0.0062650	0.25364	0.0041310
1560.0	0.31954	0.0022380	0.23838	0.0035180	0.16797	0.0063450	0.25450	0.0040240
1565.0	0.31929	0.0020790	0.23737	0.0038410	0.16807	0.0061130	0.25386	0.0037630
1570.0	0.31957	0.0019690	0.23775	0.0038060	0.16927	0.0065310	0.25504	0.0035060
1575.0	0.32076	0.0022420	0.23871	0.0036130	0.16972	0.0065920	0.25504	0.0038480
1580.0	0.32201	0.0019690	0.23906	0.0034370	0.16983	0.0062740	0.25578	0.0041420
1585.0	0.32201	0.0022060	0.23995	0.0035760	0.17015	0.0065010	0.25608	0.0041420
1590.0	0.32227	0.0023450	0.23968	0.0034690	0.17061	0.0062010	0.25615	0.0043110
1595.0	0.32288	0.0024050	0.24123	0.0034890	0.17159	0.0065460	0.25749	0.0041740
1600.0	0.32350	0.0023720	0.24056	0.0034580	0.17154	0.0063920	0.25655	0.0039980
1605.0	0.32394	0.0022430	0.24127	0.0040070	0.17258	0.0062480	0.25734	0.0044190
1610.0	0.32493	0.0022430	0.24124	0.0035350	0.17195	0.0062920	0.25778	0.0046750
1615.0	0.32482	0.0023090	0.24167	0.0038940	0.17292	0.0065320	0.25848	0.0046950
1620.0	0.32493	0.0024210	0.24256	0.0036720	0.17315	0.0069300	0.25872	0.0047190
1625.0	0.32548	0.0023450	0.24254	0.0034370	0.17348	0.0064250	0.26027	0.0039500
1630.0	0.32604	0.0023620	0.24282	0.0038620	0.17374	0.0063120	0.26037	0.0038650
1635.0	0.32552	0.0024120	0.24309	0.0038940	0.17496	0.0066950	0.25948	0.0039720
1640.0	0.32661	0.0021720	0.24340	0.0037510	0.17400	0.0067580	0.25952	0.0035180
1645.0	0.32724	0.0022900	0.24451	0.0039220	0.17482	0.0061950	0.26011	0.0039170
1650.0	0.32675	0.0024340	0.24363	0.0037470	0.17521	0.0064620	0.26093	0.0038950
1655.0	0.32842	0.0023480	0.24523	0.0039300	0.17564	0.0063100	0.26095	0.0038970
1660.0	0.32876	0.0022780	0.24541	0.0039290	0.17592	0.0064870	0.26114	0.0041540
1665.0	0.32903	0.0023140	0.24604	0.0036910	0.17612	0.0060160	0.26157	0.0044000
1670.0	0.32986	0.0024020	0.24629	0.0037580	0.17584	0.0060650	0.26208	0.0046000
1675.0	0.33008	0.0022090	0.24601	0.0036010	0.17578	0.0059310	0.26208	0.0038520
1680.0	0.33081	0.0023250	0.24705	0.0037130	0.17629	0.0060880	0.26289	0.0040200
1685.0	0.33100	0.0021440	0.24683	0.0034550	0.17618	0.0059110	0.26359	0.0037800
1690.0	0.33192	0.0023810	0.24717	0.0034840	0.17604	0.0060750	0.26369	0.0041600
1695.0	0.33178	0.0024330	0.24734	0.0037390	0.17678	0.0058280	0.26345	0.0042630
1700.0	0.33227	0.0023570	0.24810	0.0034680	0.17655	0.0061750	0.26407	0.0039500
1705.0	0.33283	0.0024240	0.24840	0.0030650	0.17689	0.0057910	0.26463	0.0041150
1710.0	0.33254	0.0023380	0.24889	0.0031610	0.17674	0.0058410	0.26421	0.0038030
1715.0	0.33303	0.0024120	0.24913	0.0037510	0.17701	0.0057330	0.26452	0.0041660
1720.0	0.33337	0.0023680	0.24921	0.0035080	0.17647	0.0059790	0.26512	0.0040170
1725.0	0.33383	0.0023080	0.24974	0.0034950	0.17699	0.0058920	0.26519	0.0041160
1730.0	0.33490	0.0024010	0.24997	0.0035490	0.17712	0.0063690	0.26602	0.0040910
1735.0	0.33432	0.0022420	0.24956	0.0033060	0.17717	0.0058470	0.26575	0.0038540
1740.0	0.33431	0.0024260	0.24989	0.0033060	0.17724	0.0058920	0.26530	0.0042740
1745.0	0.33526	0.0022430	0.25024	0.0032760	0.17756	0.0062560	0.26636	0.0035390
1750.0	0.33600	0.0023880	0.25141	0.0033570	0.17834	0.0058020	0.26663	0.0034040
1755.0	0.33620	0.0021320	0.25227	0.0030310	0.17853	0.0058460	0.26664	0.0031560
1760.0	0.33668	0.0021330	0.25149	0.0030660	0.17861	0.0059160	0.26709	0.0034510
1765.0	0.33716	0.0020630	0.25217	0.0031710	0.17860	0.0060910	0.26759	0.0033850
1770.0	0.33755	0.0021220	0.25175	0.0029130	0.17849	0.0061200	0.26768	0.0037370
1775.0	0.33792	0.0022230	0.25249	0.0031300	0.17872	0.0058180	0.26766	0.0036640
1780.0	0.33708	0.0022380	0.25220	0.0032020	0.17897	0.0062680	0.26812	0.0036590
1785.0	0.33763	0.0020850	0.25244	0.0031310	0.17913	0.0055950	0.26782	0.0041090
1790.0	0.33786	0.0023080	0.25291	0.0030010	0.17982	0.0060540	0.26816	0.0041100
1795.0	0.33803	0.0023470	0.25358	0.0033000	0.17977	0.0062700	0.26839	0.0041820
1800.0	0.33919	0.0025610	0.25352	0.0031230	0.18013	0.0056750	0.26864	0.0036090
1805.0	0.33912	0.0022770	0.25417	0.0028130	0.17961	0.0062450	0.26850	0.0042010
1810.0	0.33955	0.0025280	0.25439	0.0031890	0.18021	0.0061640	0.26891	0.0042080
1815.0	0.34060	0.0025650	0.25432	0.0029980	0.18038	0.0060140	0.26946	0.0040510
1820.0	0.33998	0.0024000	0.25554	0.0033070	0.18050	0.0057410	0.27010	0.0042030
1825.0	0.34083	0.0027610	0.25506	0.0033890	0.17955	0.0060010	0.26955	0.0038410
1830.0	0.34056	0.0024170	0.25595	0.0033080	0.18029	0.0064720	0.26922	0.0036510
1835.0	0.34129	0.0023380	0.25586	0.0033280	0.18067	0.0065590	0.27056	0.0042490
1840.0	0.34187	0.0025670	0.25578	0.0041250	0.18018	0.0062780	0.27019	0.0041050
1845.0	0.34249	0.0025080	0.25663	0.0035830	0.18027	0.0060510	0.27003	0.0036400
1850.0	0.34226	0.0027250	0.25609	0.0037050	0.18025	0.0061510	0.27031	0.0043260
1855.0	0.34312	0.0025430	0.25792	0.0036460	0.17999	0.0062010	0.27017	0.0032300
1860.0	0.34212	0.0024970	0.25717	0.0040240	0.18022	0.0060700	0.27041	0.0039720
1865.0	0.34370	0.0024270	0.25808	0.0030670	0.18066	0.0064430	0.27092	0.0032880
1870.0	0.34096	0.0027210	0.25741	0.0035010	0.18099	0.0068010	0.27266	0.0043630
1875.0	0.34512	0.0027920	0.25798	0.0035610	0.18132	0.0059320	0.27027	0.0038750
1880.0	0.34432	0.0029150	0.25817	0.0035170	0.18173	0.0058650	0.27053	0.0039040
1885.0	0.34561	0.0028730	0.25934	0.0038810	0.18198	0.0061920	0.27200	0.0033620
1890.0	0.34451	0.0030110	0.25863	0.0032840	0.18240	0.0064050	0.27300	0.0043350
1895.0	0.34530	0.0027760	0.25947	0.0032650	0.18252	0.0062570	0.27230	0.0037900
1900.0	0.34448	0.0027760	0.25933	0.0035380	0.18256	0.0062890	0.27362	0.0039350
1905.0	0.34589	0.0028800	0.25986	0.0038890	0.18250	0.0063320	0.27264	0.0039280
1910.0	0.34632	0.0023200	0.25964	0.0035770	0.18265	0.0062270	0.27273	0.0033710
1915.0	0.34699	0.0025650	0.26026	0.0037090	0.18266	0.0065680	0.27306	0.0037120
1920.0	0.34582	0.0026870	0.26093	0.0033720	0.18309	0.0063790	0.27388	0.0038070
1925.0	0.34727	0.0025170	0.26179	0.0032040	0.18244	0.0061980	0.27328	0.0032870
1930.0	0.34776	0.0028320	0.26216	0.0036470	0.18417	0.0064290	0.27407	0.0035430
1935.0	0.34848	0.0027550	0.26193	0.0034370	0.18413	0.0060140	0.27455	0.0034070
1940.0	0.34877	0.0027510	0.26259	0.0033140	0.18454	0.0062000	0.27405	0.0036400
1945.0	0.34909	0.0025050	0.26339	0.0035260	0.18559	0.0064860	0.27569	0.0032750
1950.0	0.34913	0.0024960	0.26370	0.0037600	0.18541	0.0064280	0.27541	0.0035780
1955.0	0.34899	0.0026160	0.26373	0.0032520	0.18564	0.0062630	0.27659	0.0031210
1960.0	0.34995	0.0027090	0.26480	0.0030000	0.18621	0.0066470	0.27675	0.0031430
1965.0	0.34964	0.0026980	0.26483	0.0037700	0.18719	0.0066250	0.27686	0.0039130
1970.0	0.35085	0.0028220	0.26505	0.0034980	0.18726	0.0069340	0.27702	0.0033750
1975.0	0.35050	0.0028250	0.26573	0.0036360	0.18757	0.0062810	0.27716	0.0034110
1980.0	0.35157	0.0028420	0.26624	0.0035460	0.18791	0.0062600	0.27754	0.0039720
1985.0	0.35156	0.0027700	0.26599	0.0033540	0.18808	0.0066620	0.27750	0.0034730
1990.0	0.35276	0.0025760	0.26720	0.0038730	0.18864	0.0069320	0.27773	0.0038710
1995.0	0.35270	0.0031690	0.26756	0.0036610	0.18877	0.0065680	0.27832	0.0045790
2000.0	0.35284	0.0029980	0.26862	0.0037850	0.18857	0.0065330	0.27881	0.0036440
2005.0	0.35332	0.0029310	0.26890	0.0042090	0.18865	0.0067810	0.27977	0.0040810
2010.0	0.35331	0.0032890	0.26953	0.0041950	0.18958	0.0068640	0.27954	0.0041190
2015.0	0.35358	0.0030480	0.26881	0.0036850	0.19041	0.0063990	0.28034	0.0040070
2020.0	0.35479	0.0028570	0.26941	0.0036370	0.18996	0.0066470	0.27988	0.0038620
2025.0	0.35376	0.0030920	0.27024	0.0042900	0.19073	0.0062170	0.28087	0.0038620
2030.0	0.35485	0.0028260	0.27090	0.0035850	0.19089	0.0069610	0.28191	0.0034720
2035.0	0.35463	0.0028420	0.27168	0.0040410	0.19137	0.0068350	0.28225	0.0037240
2040.0	0.35611	0.0028550	0.27268	0.0039080	0.19137	0.0070980	0.28282	0.0043730
2045.0	0.35534	0.0026690	0.27276	0.0040370	0.19183	0.0072200	0.28277	0.0036010
2050.0	0.35635	0.0030430	0.27332	0.0045500	0.19245	0.0071120	0.28314	0.0041660
2055.0	0.35706	0.0030030	0.27341	0.0041390	0.19209	0.0069030	0.28213	0.0034900
2060.0	0.35696	0.0032480	0.27385	0.0035680	0.19202	0.0074750	0.28210	0.0036820
2065.0	0.35623	0.0032080	0.27369	0.0041650	0.19322	0.0075420	0.28358	0.0037490
2070.0	0.35881	0.0033090	0.27472	0.0044400	0.19329	0.0071080	0.28264	0.0035000
2075.0	0.35845	0.0032270	0.27542	0.0042110	0.19320	0.0070880	0.28407	0.0042410
2080.0	0.35993	0.0035940	0.27656	0.0037730	0.19445	0.0075750	0.28476	0.0044110
2085.0	0.35879	0.0038650	0.27641	0.0041780	0.19415	0.0071520	0.28571	0.0044150
2090.0	0.35948	0.0032460	0.27711	0.0037140	0.19478	0.0074620	0.28643	0.0038430
2095.0	0.36007	0.0032220	0.27841	0.0044080	0.19481	0.0084170	0.28679	0.0039370
2100.0	0.36112	0.0032340	0.27801	0.0039700	0.19562	0.0074520	0.28743	0.0040350
2105.0	0.36023	0.0025400	0.27894	0.0036090	0.19545	0.0072390	0.28794	0.0026820
2110.0	0.36171	0.0026270	0.28023	0.0037920	0.19659	0.0076900	0.28801	0.0031280
2115.0	0.36236	0.0026290	0.28074	0.0036030	0.19665	0.0076000	0.28909	0.0033780
2120.0	0.36241	0.0025670	0.28040	0.0035880	0.19707	0.0076680	0.28855	0.0037810
2125.0	0.36284	0.0028850	0.28103	0.0039750	0.19752	0.0074890	0.28984	0.0036560
2130.0	0.36318	0.0027400	0.28140	0.0038650	0.19871	0.0075100	0.29037	0.0032830
2135.0	0.36371	0.0025900	0.28148	0.0039820	0.19876	0.0077140	0.29073	0.0038330
2140.0	0.36340	0.0024760	0.28339	0.0037300	0.19898	0.0071080	0.29109	0.0034020
2145.0	0.36399	0.0025240	0.28410	0.0040990	0.19931	0.0071230	0.29201	0.0035460
2150.0	0.36458	0.0025240	0.28425	0.0036920	0.19965	0.0078220	0.29288	0.0036120
2155.0	0.36400	0.0025500	0.28452	0.0037160	0.19997	0.0073780	0.29351	0.0030330
2160.0	0.36522	0.0022860	0.28490	0.0030080	0.20022	0.0075580	0.29351	0.0030010
2165.0	0.36600	0.0021310	0.28551	0.0030170	0.20123	0.0078090	0.29357	0.0035400
2170.0	0.36648	0.0025680	0.28647	0.0031270	0.20145	0.0073300	0.29523	0.0033870
2175.0	0.36688	0.0024940	0.28747	0.0036110	0.20173	0.0073940	0.29471	0.0031590
2180.0	0.36732	0.0027420	0.28782	0.0036760	0.20325	0.0079540	0.29512	0.0035880
2185.0	0.36765	0.0028240	0.28864	0.0037790	0.20211	0.0073230	0.29567	0.0036260
2190.0	0.36859	0.0029830	0.28900	0.0037830	0.20294	0.0080480	0.29668	0.0036390
2195.0	0.36966	0.0030040	0.28987	0.0037300	0.20390	0.0078300	0.29706	0.0036450
2200.0	0.36867	0.0030510	0.29037	0.0038870	0.20380	0.0077260	0.29869	0.0037110
2205.0	0.37054	0.0027450	0.29218	0.0035580	0.20524	0.0079730	0.29850	0.0039160
2210.0	0.37034	0.0027550	0.29274	0.0038670	0.20520	0.0079330	0.29993	0.0038990
2215.0	0.37088	0.0027170	0.29273	0.0034420	0.20628	0.0080700	0.29961	0.0038490
2220.0	0.37064	0.0023930	0.29269	0.0035890	0.20698	0.0084030	0.30130	0.0041300
2225.0	0.37306	0.0026950	0.29428	0.0036230	0.20759	0.0075560	0.30046	0.0038310
2230.0	0.37178	0.0026790	0.29416	0.0044210	0.20792	0.0078950	0.30229	0.0034590
2235.0	0.37271	0.0024620	0.29481	0.0044730	0.20796	0.0082500	0.30156	0.0032010
2240.0	0.37260	0.0024610	0.29542	0.0044020	0.20907	0.0077410	0.30195	0.0034450
2245.0	0.37360	0.0023110	0.29617	0.0039790	0.20914	0.0074020	0.30286	0.0030490
2250.0	0.37463	0.0024210	0.29736	0.0041400	0.21058	0.0079690	0.30400	0.0037670
2255.0	0.37514	0.0023050	0.29823	0.0040810	0.20994	0.0080880	0.30305	0.0036710
2260.0	0.37591	0.0025930	0.29819	0.0044650	0.21164	0.0082310	0.30415	0.0034150
2265.0	0.37563	0.0026710	0.29889	0.0041230	0.21205	0.0076680	0.30516	0.0040550
2270.0	0.37635	0.0032080	0.30032	0.0042110	0.21273	0.0076890	0.30566	0.0036840
2275.0	0.37710	0.0028610	0.30072	0.0047610	0.21343	0.0078180	0.30719	0.0043070
2280.0	0.37833	0.0025620	0.30150	0.0042410	0.21436	0.0081490	0.30662	0.0037150
2285.0	0.37787	0.0026890	0.30206	0.0042350	0.21572	0.0086290	0.30832	0.0038250
2290.0	0.38025	0.0028180	0.30353	0.0042400	0.21587	0.0084600	0.30775	0.0036060
2295.0	0.37951	0.0026210	0.30384	0.0044960	0.21702	0.0085810	0.30891	0.0037250
2300.0	0.38041	0.0025250	0.30508	0.0047030	0.21787	0.0085820	0.30999	0.0033600
2305.0	0.38116	0.0025890	0.30617	0.0047600	0.21863	0.0080900	0.30954	0.0037630
2310.0	0.38099	0.0025300	0.30611	0.0045760	0.21894	0.0084350	0.31002	0.0032450
2315.0	0.38102	0.0029820	0.30656	0.0049860	0.21951	0.0080360	0.31050	0.0030780
2320.0	0.38184	0.0028460	0.30650	0.0047160	0.22092	0.0084640	0.31046	0.0035800
2325.0	0.38040	0.0025010	0.30600	0.0041190	0.22090	0.0089230	0.31139	0.0030200
2330.0	0.38239	0.0026590	0.30760	0.0044000	0.22237	0.0088470	0.31211	0.0029730
2335.0	0.38267	0.0029410	0.30892	0.0046650	0.22202	0.0087840	0.31218	0.0030310
2340.0	0.38337	0.0028730	0.30894	0.0051240	0.22296	0.0091980	0.31332	0.0033810
2345.0	0.38319	0.0030840	0.31016	0.0046380	0.22322	0.0087160	0.31283	0.0036620
2350.0	0.38407	0.0030030	0.30991	0.0053940	0.22535	0.0084530	0.31380	0.0038540
2355.0	0.38456	0.0032200	0.31104	0.0048780	0.22406	0.0088710	0.31426	0.0043250
2360.0	0.38509	0.0027090	0.31209	0.0045710	0.22559	0.0089280	0.31450	0.0038710
2365.0	0.38440	0.0032340	0.31162	0.0048150	0.22554	0.0091960	0.31481	0.0035850
2370.0	0.38537	0.0026460	0.31216	0.0050630	0.22659	0.0085290	0.31478	0.0043800
2375.0	0.38484	0.0027330	0.31261	0.0048860	0.22775	0.0088830	0.31635	0.0031950
2380.0	0.38567	0.0029350	0.31321	0.0047740	0.22890	0.0091240	0.31592	0.0033120
2385.0	0.38570	0.0027670	0.31457	0.0057080	0.22908	0.0089980	0.31657	0.0031120
2390.0	0.38631	0.0029150	0.31555	0.0050520	0.22964	0.0094780	0.31700	0.0034710
2395.0	0.38701	0.0028680	0.31565	0.0047660	0.23025	0.0093770	0.31784	0.0033660
2400.0	0.38636	0.0032630	0.31617	0.0048680	0.23164	0.0094060	0.31798	0.0035960
2405.0	0.38754	0.0032450	0.31681	0.0049730	0.23171	0.0091240	0.31803	0.0037070
2410.0	0.38858	0.0036100	0.31746	0.0052470	0.23201	0.0093850	0.31905	0.0034810
2415.0	0.38899	0.0031880	0.31839	0.0046830	0.23342	0.0090380	0.32035	0.0041060
2420.0	0.38980	0.0035170	0.31908	0.0049630	0.23317	0.0089060	0.32110	0.0043790
2425.0	0.39020	0.0031000	0.32002	0.0049470	0.23430	0.0088700	0.32037	0.0040860
2430.0	0.39097	0.0031180	0.31963	0.0049040	0.23509	0.0088860	0.32204	0.0038990
2435.0	0.39072	0.0034350	0.31994	0.0052910	0.23625	0.010012	0.32192	0.0039540
2440.0	0.39099	0.0030810	0.32085	0.0051330	0.23627	0.0094880	0.32175	0.0037620
2445.0	0.39134	0.0036120	0.32138	0.0053950	0.23758	0.0088150	0.32276	0.0037440
2450.0	0.39183	0.0031220	0.32225	0.0052180	0.23793	0.0092540	0.32249	0.0041830
2455.0	0.39158	0.0023760	0.32216	0.0050940	0.23817	0.0086010	0.32266	0.0030730
2460.0	0.39224	0.0028130	0.32288	0.0052870	0.23955	0.0096400	0.32291	0.0029890
2465.0	0.39194	0.0024910	0.32317	0.0051020	0.24043	0.0092620	0.32321	0.0031600
2470.0	0.39216	0.0027780	0.32308	0.0050830	0.24181	0.0094970	0.32400	0.0029770
2475.0	0.39264	0.0023580	0.32416	0.0047680	0.24184	0.0092140	0.32462	0.0029510
2480.0	0.39382	0.0022550	0.32519	0.0055620	0.24359	0.0095710	0.32541	0.0030890
2485.0	0.39346	0.0022940	0.32519	0.0055700	0.24534	0.0097370	0.32539	0.0034390
2490.0	0.39356	0.0029020	0.32628	0.0054950	0.24521	0.0097370	0.32534	0.0036580
2495.0	0.39475	0.0027550	0.32715	0.0056640	0.24686	0.0096120	0.32667	0.0034730
2500.0	0.39542	0.0028320	0.32722	0.0051820	0.24714	0.0096070	0.32722	0.0033070
2505.0	0.39522	0.0033000	0.32875	0.0054490	0.24839	0.0099910	0.32789	0.0030270
2510.0	0.39608	0.0029430	0.32828	0.0050420	0.24839	0.010247	0.32828	0.0033750
2515.0	0.39573	0.0030300	0.32901	0.0052660	0.24927	0.010156	0.32832	0.0030940
2520.0	0.39589	0.0030230	0.32894	0.0060190	0.25006	0.010227	0.32913	0.0031400
2525.0	0.39614	0.0033310	0.33011	0.0059350	0.25076	0.0099610	0.32952	0.0039630
2530.0	0.39479	0.0028920	0.33015	0.0051280	0.25110	0.0099810	0.33066	0.0037740
2535.0	0.39555	0.0031190	0.33148	0.0057300	0.25233	0.010484	0.32909	0.0035730
2540.0	0.39762	0.0031610	0.33170	0.0057000	0.25298	0.010921	0.33038	0.0034040
2545.0	0.39734	0.0036600	0.33220	0.0058680	0.25243	0.010230	0.33002	0.0036790
2550.0	0.39776	0.0033700	0.33371	0.0053550	0.25454	0.010952	0.33233	0.0035330
2555.0	0.40110	0.0032800	0.33396	0.0060580	0.25516	0.010632	0.32943	0.0038020
2560.0	0.39527	0.0034720	0.33382	0.0064380	0.25476	0.010771	0.33563	0.0039700
2565.0	0.39991	0.0048120	0.33434	0.0072620	0.25562	0.012533	0.32984	0.0054640
2570.0	0.40022	0.0036480	0.33482	0.0062060	0.25658	0.010413	0.33130	0.0038080
2575.0	0.39930	0.0038670	0.33490	0.0064110	0.25697	0.011120	0.33302	0.0050360
2580.0	0.40127	0.0043290	0.33655	0.0063750	0.25676	0.010635	0.33259	0.0049910
2585.0	0.39855	0.0050410	0.33542	0.0077410	0.26018	0.012782	0.33542	0.0057880
2590.0	0.40543	0.0047990	0.33800	0.0064090	0.25841	0.010568	0.33092	0.0052910
2595.0	0.39679	0.0058080	0.33538	0.0083950	0.25727	0.012963	0.33729	0.0065400
2600.0	0.40926	0.0048410	0.33956	0.0058330	0.25886	0.0092090	0.33079	0.0051650
