   3.0000000e+02   8.5094000e-02   6.7225000e-02   5.0431000e-02   7.2402000e-02
   3.0500000e+02   8.8280000e-02   6.9359000e-02   5.4260000e-02   7.5342000e-02
   3.1000000e+02   9.0670000e-02   7.2261000e-02   5.6157000e-02   8.0165000e-02
   3.1500000e+02   9.2292000e-02   7.3531000e-02   5.6851000e-02   8.0264000e-02
   3.2000000e+02   9.3072000e-02   7.4636000e-02   5.9633000e-02   8.1233000e-02
   3.2500000e+02   9.5422000e-02   7.5486000e-02   5.9634000e-02   8.3602000e-02
   3.3000000e+02   9.6462000e-02   7.6568000e-02   6.0041000e-02   8.4083000e-02
   3.3500000e+02   9.8251000e-02   7.7497000e-02   6.1543000e-02   8.5054000e-02
   3.4000000e+02   1.0056000e-01   7.9167000e-02   6.1785000e-02   8.6388000e-02
   3.4500000e+02   1.0123000e-01   8.0789000e-02   6.2461000e-02   8.7785000e-02
   3.5000000e+02   1.0382000e-01   8.2022000e-02   6.3410000e-02   8.8983000e-02
   3.5500000e+02   1.0588000e-01   8.3122000e-02   6.3981000e-02   9.1092000e-02
   3.6000000e+02   1.0895000e-01   8.5157000e-02   6.4493000e-02   9.3068000e-02
   3.6500000e+02   1.1118000e-01   8.7062000e-02   6.5159000e-02   9.5562000e-02
   3.7000000e+02   1.1362000e-01   8.8814000e-02   6.6353000e-02   9.7193000e-02
   3.7500000e+02   1.1612000e-01   9.0206000e-02   6.7843000e-02   9.9124000e-02
   3.8000000e+02   1.1898000e-01   9.1771000e-02   6.9127000e-02   1.0096000e-01
   3.8500000e+02   1.2137000e-01   9.3627000e-02   6.9979000e-02   1.0308000e-01
   3.9000000e+02   1.2345000e-01   9.4937000e-02   7.1294000e-02   1.0566000e-01
   3.9500000e+02   1.2655000e-01   9.7073000e-02   7.2285000e-02   1.0796000e-01
   4.0000000e+02   1.2887000e-01   9.8728000e-02   7.3003000e-02   1.0884000e-01
   4.0500000e+02   1.3163000e-01   1.0037000e-01   7.4258000e-02   1.1006000e-01
   4.1000000e+02   1.3357000e-01   1.0179000e-01   7.5207000e-02   1.1229000e-01
   4.1500000e+02   1.3609000e-01   1.0321000e-01   7.6320000e-02   1.1381000e-01
   4.2000000e+02   1.3827000e-01   1.0481000e-01   7.7008000e-02   1.1565000e-01
   4.2500000e+02   1.4096000e-01   1.0651000e-01   7.8553000e-02   1.1748000e-01
   4.3000000e+02   1.4313000e-01   1.0800000e-01   7.9709000e-02   1.1934000e-01
   4.3500000e+02   1.4562000e-01   1.0946000e-01   8.0183000e-02   1.2104000e-01
   4.4000000e+02   1.4794000e-01   1.1114000e-01   8.0970000e-02   1.2261000e-01
   4.4500000e+02   1.4983000e-01   1.1239000e-01   8.2089000e-02   1.2420000e-01
   4.5000000e+02   1.5235000e-01   1.1393000e-01   8.2762000e-02   1.2555000e-01
   4.5500000e+02   1.5408000e-01   1.1528000e-01   8.3611000e-02   1.2714000e-01
   4.6000000e+02   1.5625000e-01   1.1670000e-01   8.4122000e-02   1.2828000e-01
   4.6500000e+02   1.5822000e-01   1.1797000e-01   8.4701000e-02   1.3003000e-01
   4.7000000e+02   1.6027000e-01   1.1942000e-01   8.5537000e-02   1.3128000e-01
   4.7500000e+02   1.6214000e-01   1.2080000e-01   8.6690000e-02   1.3272000e-01
   4.8000000e+02   1.6442000e-01   1.2224000e-01   8.7725000e-02   1.3417000e-01
   4.8500000e+02   1.6612000e-01   1.2347000e-01   8.8798000e-02   1.3543000e-01
   4.9000000e+02   1.6832000e-01   1.2492000e-01   8.9675000e-02   1.3683000e-01
   4.9500000e+02   1.7017000e-01   1.2624000e-01   9.0406000e-02   1.3820000e-01
   5.0000000e+02   1.7214000e-01   1.2759000e-01   9.1057000e-02   1.3947000e-01
   5.0500000e+02   1.7422000e-01   1.2892000e-01   9.2236000e-02   1.4094000e-01
   5.1000000e+02   1.7613000e-01   1.3028000e-01   9.2929000e-02   1.4218000e-01
   5.1500000e+02   1.7823000e-01   1.3170000e-01   9.4180000e-02   1.4366000e-01
   5.2000000e+02   1.7989000e-01   1.3293000e-01   9.5087000e-02   1.4485000e-01
   5.2500000e+02   1.8218000e-01   1.3440000e-01   9.5867000e-02   1.4595000e-01
   5.3000000e+02   1.8335000e-01   1.3541000e-01   9.6675000e-02   1.4790000e-01
   5.3500000e+02   1.8601000e-01   1.3700000e-01   9.7733000e-02   1.4885000e-01
   5.4000000e+02   1.8706000e-01   1.3785000e-01   9.8701000e-02   1.5070000e-01
   5.4500000e+02   1.8957000e-01   1.3933000e-01   9.9599000e-02   1.5164000e-01
   5.5000000e+02   1.9085000e-01   1.4035000e-01   1.0054000e-01   1.5340000e-01
   5.5500000e+02   1.9298000e-01   1.4166000e-01   1.0065000e-01   1.5435000e-01
   5.6000000e+02   1.9410000e-01   1.4271000e-01   1.0146000e-01   1.5589000e-01
   5.6500000e+02   1.9617000e-01   1.4407000e-01   1.0143000e-01   1.5658000e-01
   5.7000000e+02   1.9745000e-01   1.4520000e-01   1.0204000e-01   1.5818000e-01
   5.7500000e+02   1.9939000e-01   1.4639000e-01   1.0257000e-01   1.5915000e-01
   5.8000000e+02   2.0064000e-01   1.4742000e-01   1.0313000e-01   1.6026000e-01
   5.8500000e+02   2.0244000e-01   1.4864000e-01   1.0376000e-01   1.6145000e-01
   5.9000000e+02   2.0402000e-01   1.4971000e-01   1.0441000e-01   1.6251000e-01
   5.9500000e+02   2.0522000e-01   1.5070000e-01   1.0548000e-01   1.6362000e-01
   6.0000000e+02   2.0719000e-01   1.5203000e-01   1.0612000e-01   1.6454000e-01
   6.0500000e+02   2.0869000e-01   1.5311000e-01   1.0701000e-01   1.6555000e-01
   6.1000000e+02   2.1048000e-01   1.5434000e-01   1.0785000e-01   1.6676000e-01
   6.1500000e+02   2.1169000e-01   1.5536000e-01   1.0884000e-01   1.6827000e-01
   6.2000000e+02   2.1362000e-01   1.5648000e-01   1.0974000e-01   1.6927000e-01
   6.2500000e+02   2.1478000e-01   1.5756000e-01   1.1077000e-01   1.7060000e-01
   6.3000000e+02   2.1661000e-01   1.5867000e-01   1.1127000e-01   1.7182000e-01
   6.3500000e+02   2.1792000e-01   1.5972000e-01   1.1145000e-01   1.7305000e-01
   6.4000000e+02   2.1933000e-01   1.6078000e-01   1.1195000e-01   1.7367000e-01
   6.4500000e+02   2.2074000e-01   1.6178000e-01   1.1233000e-01   1.7507000e-01
   6.5000000e+02   2.2227000e-01   1.6291000e-01   1.1296000e-01   1.7579000e-01
   6.5500000e+02   2.2359000e-01   1.6390000e-01   1.1376000e-01   1.7718000e-01
   6.6000000e+02   2.2513000e-01   1.6482000e-01   1.1445000e-01   1.7785000e-01
   6.6500000e+02   2.2629000e-01   1.6589000e-01   1.1503000e-01   1.7899000e-01
   6.7000000e+02   2.2798000e-01   1.6707000e-01   1.1600000e-01   1.7995000e-01
   6.7500000e+02   2.2902000e-01   1.6784000e-01   1.1689000e-01   1.8081000e-01
   6.8000000e+02   2.3063000e-01   1.6912000e-01   1.1774000e-01   1.8173000e-01
   6.8500000e+02   2.3176000e-01   1.6996000e-01   1.1895000e-01   1.8264000e-01
   6.9000000e+02   2.3268000e-01   1.7069000e-01   1.1960000e-01   1.8364000e-01
   6.9500000e+02   2.3487000e-01   1.7200000e-01   1.2012000e-01   1.8429000e-01
   7.0000000e+02   2.3546000e-01   1.7281000e-01   1.2116000e-01   1.8598000e-01
   7.0500000e+02   2.3734000e-01   1.7387000e-01   1.2197000e-01   1.8632000e-01
   7.1000000e+02   2.3798000e-01   1.7457000e-01   1.2267000e-01   1.8765000e-01
   7.1500000e+02   2.3978000e-01   1.7556000e-01   1.2246000e-01   1.8825000e-01
   7.2000000e+02   2.4081000e-01   1.7652000e-01   1.2294000e-01   1.8982000e-01
   7.2500000e+02   2.4210000e-01   1.7721000e-01   1.2317000e-01   1.9126000e-01
   7.3000000e+02   2.4291000e-01   1.7802000e-01   1.2389000e-01   1.9244000e-01
   7.3500000e+02   2.4435000e-01   1.7906000e-01   1.2431000e-01   1.9328000e-01
   7.4000000e+02   2.4522000e-01   1.7992000e-01   1.2477000e-01   1.9427000e-01
   7.4500000e+02   2.4644000e-01   1.8074000e-01   1.2578000e-01   1.9508000e-01
   7.5000000e+02   2.4817000e-01   1.8183000e-01   1.2646000e-01   1.9595000e-01
   7.5500000e+02   2.4880000e-01   1.8246000e-01   1.2755000e-01   1.9730000e-01
   7.6000000e+02   2.5049000e-01   1.8341000e-01   1.2777000e-01   1.9761000e-01
   7.6500000e+02   2.5117000e-01   1.8421000e-01   1.2754000e-01   1.9879000e-01
   7.7000000e+02   2.5291000e-01   1.8523000e-01   1.2786000e-01   1.9892000e-01
   7.7500000e+02   2.5350000e-01   1.8579000e-01   1.2861000e-01   2.0030000e-01
   7.8000000e+02   2.5521000e-01   1.8677000e-01   1.2933000e-01   2.0057000e-01
   7.8500000e+02   2.5554000e-01   1.8720000e-01   1.2983000e-01   2.0181000e-01
   7.9000000e+02   2.5716000e-01   1.8793000e-01   1.2984000e-01   2.0210000e-01
   7.9500000e+02   2.5789000e-01   1.8867000e-01   1.3078000e-01   2.0326000e-01
   8.0000000e+02   2.5922000e-01   1.8917000e-01   1.3120000e-01   2.0402000e-01
   8.0500000e+02   2.6033000e-01   1.9005000e-01   1.3140000e-01   2.0465000e-01
   8.1000000e+02   2.6135000e-01   1.9041000e-01   1.3192000e-01   2.0532000e-01
   8.1500000e+02   2.6201000e-01   1.9112000e-01   1.3201000e-01   2.0542000e-01
   8.2000000e+02   2.6298000e-01   1.9163000e-01   1.3232000e-01   2.0645000e-01
   8.2500000e+02   2.6427000e-01   1.9210000e-01   1.3240000e-01   2.0656000e-01
   8.3000000e+02   2.6452000e-01   1.9196000e-01   1.3250000e-01   2.0777000e-01
   8.3500000e+02   2.6608000e-01   1.9311000e-01   1.3282000e-01   2.0783000e-01
   8.4000000e+02   2.6682000e-01   1.9280000e-01   1.3319000e-01   2.0885000e-01
   8.4500000e+02   2.6721000e-01   1.9342000e-01   1.3349000e-01   2.0881000e-01
   8.5000000e+02   2.6840000e-01   1.9363000e-01   1.3363000e-01   2.0994000e-01
   8.5500000e+02   2.6871000e-01   1.9335000e-01   1.3359000e-01   2.0954000e-01
   8.6000000e+02   2.6963000e-01   1.9350000e-01   1.3404000e-01   2.0996000e-01
   8.6500000e+02   2.7069000e-01   1.9442000e-01   1.3333000e-01   2.1095000e-01
   8.7000000e+02   2.7071000e-01   1.9492000e-01   1.3360000e-01   2.1071000e-01
   8.7500000e+02   2.7121000e-01   1.9479000e-01   1.3381000e-01   2.1126000e-01
   8.8000000e+02   2.7203000e-01   1.9524000e-01   1.3457000e-01   2.1176000e-01
   8.8500000e+02   2.7313000e-01   1.9485000e-01   1.3430000e-01   2.1180000e-01
   8.9000000e+02   2.7429000e-01   1.9480000e-01   1.3449000e-01   2.1188000e-01
   8.9500000e+02   2.7464000e-01   1.9556000e-01   1.3514000e-01   2.1340000e-01
   9.0000000e+02   2.7483000e-01   1.9628000e-01   1.3497000e-01   2.1315000e-01
   9.0500000e+02   2.7609000e-01   1.9666000e-01   1.3560000e-01   2.1396000e-01
   9.1000000e+02   2.7685000e-01   1.9693000e-01   1.3568000e-01   2.1450000e-01
   9.1500000e+02   2.7705000e-01   1.9714000e-01   1.3587000e-01   2.1516000e-01
   9.2000000e+02   2.7850000e-01   1.9739000e-01   1.3666000e-01   2.1568000e-01
   9.2500000e+02   2.7917000e-01   1.9768000e-01   1.3710000e-01   2.1590000e-01
   9.3000000e+02   2.8070000e-01   1.9903000e-01   1.3698000e-01   2.1638000e-01
   9.3500000e+02   2.8054000e-01   1.9887000e-01   1.3680000e-01   2.1759000e-01
   9.4000000e+02   2.8181000e-01   1.9972000e-01   1.3751000e-01   2.1745000e-01
   9.4500000e+02   2.8273000e-01   1.9962000e-01   1.3810000e-01   2.1923000e-01
   9.5000000e+02   2.8374000e-01   2.0117000e-01   1.3880000e-01   2.1897000e-01
   9.5500000e+02   2.8439000e-01   2.0135000e-01   1.3899000e-01   2.2033000e-01
   9.6000000e+02   2.8525000e-01   2.0239000e-01   1.3959000e-01   2.2048000e-01
   9.6500000e+02   2.8637000e-01   2.0348000e-01   1.3986000e-01   2.2176000e-01
   9.7000000e+02   2.8705000e-01   2.0397000e-01   1.4059000e-01   2.2262000e-01
   9.7500000e+02   2.8818000e-01   2.0461000e-01   1.4131000e-01   2.2338000e-01
   9.8000000e+02   2.8927000e-01   2.0529000e-01   1.4222000e-01   2.2401000e-01
   9.8500000e+02   2.8988000e-01   2.0663000e-01   1.4282000e-01   2.2527000e-01
   9.9000000e+02   2.9112000e-01   2.0772000e-01   1.4342000e-01   2.2603000e-01
   9.9500000e+02   2.9205000e-01   2.0882000e-01   1.4419000e-01   2.2666000e-01
   1.0000000e+03   2.9230000e-01   2.0899000e-01   1.4477000e-01   2.2705000e-01
   1.0050000e+03   2.9377000e-01   2.1013000e-01   1.4536000e-01   2.2808000e-01
   1.0100000e+03   2.9453000e-01   2.1089000e-01   1.4629000e-01   2.2975000e-01
   1.0150000e+03   2.9585000e-01   2.1225000e-01   1.4698000e-01   2.3015000e-01
   1.0200000e+03   2.9660000e-01   2.1326000e-01   1.4792000e-01   2.3156000e-01
   1.0250000e+03   2.9858000e-01   2.1414000e-01   1.4827000e-01   2.3218000e-01
   1.0300000e+03   2.9912000e-01   2.1534000e-01   1.4909000e-01   2.3313000e-01
   1.0350000e+03   3.0039000e-01   2.1613000e-01   1.4947000e-01   2.3359000e-01
   1.0400000e+03   3.0115000e-01   2.1725000e-01   1.5018000e-01   2.3536000e-01
   1.0450000e+03   3.0215000e-01   2.1781000e-01   1.5067000e-01   2.3571000e-01
   1.0500000e+03   3.0292000e-01   2.1876000e-01   1.5149000e-01   2.3735000e-01
   1.0550000e+03   3.0448000e-01   2.2019000e-01   1.5188000e-01   2.3768000e-01
   1.0600000e+03   3.0517000e-01   2.2083000e-01   1.5260000e-01   2.3865000e-01
   1.0650000e+03   3.0571000e-01   2.2165000e-01   1.5393000e-01   2.3887000e-01
   1.0700000e+03   3.0701000e-01   2.2245000e-01   1.5433000e-01   2.4036000e-01
   1.0750000e+03   3.0841000e-01   2.2416000e-01   1.5463000e-01   2.4107000e-01
   1.0800000e+03   3.0881000e-01   2.2496000e-01   1.5497000e-01   2.4195000e-01
   1.0850000e+03   3.1017000e-01   2.2548000e-01   1.5636000e-01   2.4321000e-01
   1.0900000e+03   3.1075000e-01   2.2643000e-01   1.5681000e-01   2.4389000e-01
   1.0950000e+03   3.1174000e-01   2.2714000e-01   1.5706000e-01   2.4451000e-01
   1.1000000e+03   3.1270000e-01   2.2823000e-01   1.5806000e-01   2.4540000e-01
   1.1050000e+03   3.1397000e-01   2.2939000e-01   1.5837000e-01   2.4635000e-01
   1.1100000e+03   3.1483000e-01   2.3005000e-01   1.5945000e-01   2.4750000e-01
   1.1150000e+03   3.1578000e-01   2.3063000e-01   1.6045000e-01   2.4824000e-01
   1.1200000e+03   3.1705000e-01   2.3178000e-01   1.6086000e-01   2.4939000e-01
   1.1250000e+03   3.1785000e-01   2.3302000e-01   1.6111000e-01   2.4952000e-01
   1.1300000e+03   3.1828000e-01   2.3378000e-01   1.6142000e-01   2.5042000e-01
   1.1350000e+03   3.1933000e-01   2.3431000e-01   1.6292000e-01   2.5220000e-01
   1.1400000e+03   3.2034000e-01   2.3530000e-01   1.6324000e-01   2.5239000e-01
   1.1450000e+03   3.2146000e-01   2.3626000e-01   1.6387000e-01   2.5325000e-01
   1.1500000e+03   3.2274000e-01   2.3701000e-01   1.6416000e-01   2.5382000e-01
   1.1550000e+03   3.2289000e-01   2.3823000e-01   1.6519000e-01   2.5467000e-01
   1.1600000e+03   3.2390000e-01   2.3900000e-01   1.6624000e-01   2.5574000e-01
   1.1650000e+03   3.2519000e-01   2.3995000e-01   1.6691000e-01   2.5673000e-01
   1.1700000e+03   3.2649000e-01   2.4081000e-01   1.6782000e-01   2.5737000e-01
   1.1750000e+03   3.2668000e-01   2.4094000e-01   1.6828000e-01   2.5805000e-01
   1.1800000e+03   3.2839000e-01   2.4240000e-01   1.6866000e-01   2.5906000e-01
   1.1850000e+03   3.2807000e-01   2.4313000e-01   1.6905000e-01   2.6004000e-01
   1.1900000e+03   3.2971000e-01   2.4429000e-01   1.6954000e-01   2.6079000e-01
   1.1950000e+03   3.3067000e-01   2.4487000e-01   1.7084000e-01   2.6128000e-01
   1.2000000e+03   3.3118000e-01   2.4560000e-01   1.7094000e-01   2.6155000e-01
   1.2050000e+03   3.3267000e-01   2.4578000e-01   1.7191000e-01   2.6309000e-01
   1.2100000e+03   3.3297000e-01   2.4772000e-01   1.7208000e-01   2.6450000e-01
   1.2150000e+03   3.3361000e-01   2.4820000e-01   1.7290000e-01   2.6477000e-01
   1.2200000e+03   3.3511000e-01   2.4981000e-01   1.7338000e-01   2.6566000e-01
   1.2250000e+03   3.3607000e-01   2.4976000e-01   1.7417000e-01   2.6687000e-01
   1.2300000e+03   3.3660000e-01   2.5029000e-01   1.7430000e-01   2.6650000e-01
   1.2350000e+03   3.3764000e-01   2.5145000e-01   1.7554000e-01   2.6851000e-01
   1.2400000e+03   3.3809000e-01   2.5213000e-01   1.7603000e-01   2.6849000e-01
   1.2450000e+03   3.3874000e-01   2.5322000e-01   1.7648000e-01   2.6906000e-01
   1.2500000e+03   3.3986000e-01   2.5337000e-01   1.7648000e-01   2.7040000e-01
   1.2550000e+03   3.4144000e-01   2.5466000e-01   1.7785000e-01   2.7079000e-01
   1.2600000e+03   3.4181000e-01   2.5574000e-01   1.7782000e-01   2.7183000e-01
   1.2650000e+03   3.4269000e-01   2.5583000e-01   1.7877000e-01   2.7243000e-01
   1.2700000e+03   3.4288000e-01   2.5688000e-01   1.7980000e-01   2.7325000e-01
   1.2750000e+03   3.4436000e-01   2.5747000e-01   1.7962000e-01   2.7335000e-01
   1.2800000e+03   3.4427000e-01   2.5829000e-01   1.8101000e-01   2.7422000e-01
   1.2850000e+03   3.4579000e-01   2.5948000e-01   1.8137000e-01   2.7502000e-01
   1.2900000e+03   3.4657000e-01   2.6027000e-01   1.8200000e-01   2.7621000e-01
   1.2950000e+03   3.4769000e-01   2.6069000e-01   1.8241000e-01   2.7618000e-01
   1.3000000e+03   3.4779000e-01   2.6126000e-01   1.8354000e-01   2.7715000e-01
   1.3050000e+03   3.4947000e-01   2.6287000e-01   1.8359000e-01   2.7767000e-01
   1.3100000e+03   3.4964000e-01   2.6345000e-01   1.8471000e-01   2.7892000e-01
   1.3150000e+03   3.5142000e-01   2.6459000e-01   1.8534000e-01   2.7881000e-01
   1.3200000e+03   3.5186000e-01   2.6482000e-01   1.8617000e-01   2.7939000e-01
   1.3250000e+03   3.5263000e-01   2.6606000e-01   1.8703000e-01   2.8055000e-01
   1.3300000e+03   3.5363000e-01   2.6677000e-01   1.8743000e-01   2.8131000e-01
   1.3350000e+03   3.5472000e-01   2.6895000e-01   1.8823000e-01   2.8247000e-01
   1.3400000e+03   3.5519000e-01   2.6888000e-01   1.8907000e-01   2.8339000e-01
   1.3450000e+03   3.5623000e-01   2.6999000e-01   1.8997000e-01   2.8405000e-01
   1.3500000e+03   3.5636000e-01   2.7024000e-01   1.9060000e-01   2.8509000e-01
   1.3550000e+03   3.5771000e-01   2.7095000e-01   1.9108000e-01   2.8558000e-01
   1.3600000e+03   3.5864000e-01   2.7202000e-01   1.9191000e-01   2.8642000e-01
   1.3650000e+03   3.5960000e-01   2.7387000e-01   1.9267000e-01   2.8684000e-01
   1.3700000e+03   3.6047000e-01   2.7368000e-01   1.9313000e-01   2.8753000e-01
   1.3750000e+03   3.6124000e-01   2.7557000e-01   1.9386000e-01   2.8791000e-01
   1.3800000e+03   3.6200000e-01   2.7596000e-01   1.9507000e-01   2.8883000e-01
   1.3850000e+03   3.6276000e-01   2.7766000e-01   1.9541000e-01   2.8966000e-01
   1.3900000e+03   3.6347000e-01   2.7825000e-01   1.9603000e-01   2.9065000e-01
   1.3950000e+03   3.6417000e-01   2.7859000e-01   1.9678000e-01   2.9147000e-01
   1.4000000e+03   3.6500000e-01   2.7941000e-01   1.9768000e-01   2.9257000e-01
   1.4050000e+03   3.6561000e-01   2.7999000e-01   1.9816000e-01   2.9343000e-01
   1.4100000e+03   3.6636000e-01   2.8170000e-01   1.9876000e-01   2.9418000e-01
   1.4150000e+03   3.6709000e-01   2.8142000e-01   1.9983000e-01   2.9507000e-01
   1.4200000e+03   3.6808000e-01   2.8287000e-01   2.0054000e-01   2.9584000e-01
   1.4250000e+03   3.6927000e-01   2.8348000e-01   2.0136000e-01   2.9657000e-01
   1.4300000e+03   3.7005000e-01   2.8501000e-01   2.0169000e-01   2.9674000e-01
   1.4350000e+03   3.6997000e-01   2.8576000e-01   2.0233000e-01   2.9707000e-01
   1.4400000e+03   3.7152000e-01   2.8640000e-01   2.0327000e-01   2.9884000e-01
   1.4450000e+03   3.7172000e-01   2.8668000e-01   2.0351000e-01   2.9889000e-01
   1.4500000e+03   3.7285000e-01   2.8773000e-01   2.0459000e-01   2.9953000e-01
   1.4550000e+03   3.7300000e-01   2.8849000e-01   2.0490000e-01   3.0097000e-01
   1.4600000e+03   3.7477000e-01   2.8991000e-01   2.0591000e-01   3.0130000e-01
   1.4650000e+03   3.7487000e-01   2.9060000e-01   2.0620000e-01   3.0238000e-01
   1.4700000e+03   3.7522000e-01   2.9165000e-01   2.0666000e-01   3.0323000e-01
   1.4750000e+03   3.7690000e-01   2.9227000e-01   2.0750000e-01   3.0402000e-01
   1.4800000e+03   3.7761000e-01   2.9283000e-01   2.0825000e-01   3.0390000e-01
   1.4850000e+03   3.7801000e-01   2.9337000e-01   2.0894000e-01   3.0513000e-01
   1.4900000e+03   3.7841000e-01   2.9385000e-01   2.0910000e-01   3.0565000e-01
   1.4950000e+03   3.7977000e-01   2.9468000e-01   2.0992000e-01   3.0644000e-01
   1.5000000e+03   3.8099000e-01   2.9548000e-01   2.1132000e-01   3.0691000e-01
   1.5050000e+03   3.8138000e-01   2.9601000e-01   2.1153000e-01   3.0792000e-01
   1.5100000e+03   3.8197000e-01   2.9697000e-01   2.1203000e-01   3.0784000e-01
   1.5150000e+03   3.8265000e-01   2.9787000e-01   2.1257000e-01   3.0992000e-01
   1.5200000e+03   3.8370000e-01   2.9892000e-01   2.1323000e-01   3.1012000e-01
   1.5250000e+03   3.8375000e-01   2.9882000e-01   2.1339000e-01   3.1052000e-01
   1.5300000e+03   3.8511000e-01   2.9982000e-01   2.1390000e-01   3.1070000e-01
   1.5350000e+03   3.8541000e-01   3.0022000e-01   2.1535000e-01   3.1192000e-01
   1.5400000e+03   3.8593000e-01   3.0084000e-01   2.1595000e-01   3.1276000e-01
   1.5450000e+03   3.8654000e-01   3.0153000e-01   2.1648000e-01   3.1253000e-01
   1.5500000e+03   3.8715000e-01   3.0249000e-01   2.1648000e-01   3.1375000e-01
   1.5550000e+03   3.8831000e-01   3.0323000e-01   2.1746000e-01   3.1384000e-01
   1.5600000e+03   3.8831000e-01   3.0375000e-01   2.1784000e-01   3.1548000e-01
   1.5650000e+03   3.8989000e-01   3.0458000e-01   2.1840000e-01   3.1542000e-01
   1.5700000e+03   3.8991000e-01   3.0494000e-01   2.1868000e-01   3.1684000e-01
   1.5750000e+03   3.9066000e-01   3.0496000e-01   2.1965000e-01   3.1613000e-01
   1.5800000e+03   3.9172000e-01   3.0607000e-01   2.2061000e-01   3.1737000e-01
   1.5850000e+03   3.9242000e-01   3.0709000e-01   2.2025000e-01   3.1820000e-01
   1.5900000e+03   3.9235000e-01   3.0835000e-01   2.2064000e-01   3.1816000e-01
   1.5950000e+03   3.9333000e-01   3.0795000e-01   2.2091000e-01   3.1867000e-01
   1.6000000e+03   3.9334000e-01   3.0843000e-01   2.2157000e-01   3.1957000e-01
   1.6050000e+03   3.9473000e-01   3.0956000e-01   2.2240000e-01   3.1946000e-01
   1.6100000e+03   3.9459000e-01   3.0992000e-01   2.2316000e-01   3.2063000e-01
   1.6150000e+03   3.9533000e-01   3.1002000e-01   2.2350000e-01   3.2075000e-01
   1.6200000e+03   3.9547000e-01   3.1014000e-01   2.2410000e-01   3.2214000e-01
   1.6250000e+03   3.9700000e-01   3.1080000e-01   2.2433000e-01   3.2249000e-01
   1.6300000e+03   3.9690000e-01   3.1084000e-01   2.2485000e-01   3.2319000e-01
   1.6350000e+03   3.9767000e-01   3.1243000e-01   2.2500000e-01   3.2304000e-01
   1.6400000e+03   3.9835000e-01   3.1237000e-01   2.2572000e-01   3.2295000e-01
   1.6450000e+03   3.9888000e-01   3.1303000e-01   2.2618000e-01   3.2379000e-01
   1.6500000e+03   3.9966000e-01   3.1371000e-01   2.2677000e-01   3.2423000e-01
   1.6550000e+03   4.0007000e-01   3.1390000e-01   2.2718000e-01   3.2560000e-01
   1.6600000e+03   4.0026000e-01   3.1450000e-01   2.2798000e-01   3.2486000e-01
   1.6650000e+03   4.0098000e-01   3.1507000e-01   2.2913000e-01   3.2572000e-01
   1.6700000e+03   4.0174000e-01   3.1602000e-01   2.2917000e-01   3.2681000e-01
   1.6750000e+03   4.0157000e-01   3.1662000e-01   2.2951000e-01   3.2805000e-01
   1.6800000e+03   4.0332000e-01   3.1719000e-01   2.3008000e-01   3.2867000e-01
   1.6850000e+03   4.0282000e-01   3.1725000e-01   2.3063000e-01   3.2811000e-01
   1.6900000e+03   4.0449000e-01   3.1839000e-01   2.3081000e-01   3.2851000e-01
   1.6950000e+03   4.0411000e-01   3.1872000e-01   2.3103000e-01   3.3012000e-01
   1.7000000e+03   4.0495000e-01   3.1839000e-01   2.3142000e-01   3.3001000e-01
   1.7050000e+03   4.0618000e-01   3.1909000e-01   2.3191000e-01   3.3039000e-01
   1.7100000e+03   4.0698000e-01   3.2004000e-01   2.3207000e-01   3.3079000e-01
   1.7150000e+03   4.0673000e-01   3.2054000e-01   2.3304000e-01   3.3157000e-01
   1.7200000e+03   4.0768000e-01   3.2089000e-01   2.3383000e-01   3.3189000e-01
   1.7250000e+03   4.0782000e-01   3.2103000e-01   2.3361000e-01   3.3247000e-01
   1.7300000e+03   4.0767000e-01   3.2175000e-01   2.3462000e-01   3.3296000e-01
   1.7350000e+03   4.0845000e-01   3.2208000e-01   2.3476000e-01   3.3332000e-01
   1.7400000e+03   4.0903000e-01   3.2202000e-01   2.3506000e-01   3.3318000e-01
   1.7450000e+03   4.0957000e-01   3.2272000e-01   2.3600000e-01   3.3397000e-01
   1.7500000e+03   4.1026000e-01   3.2360000e-01   2.3562000e-01   3.3415000e-01
   1.7550000e+03   4.1130000e-01   3.2448000e-01   2.3566000e-01   3.3473000e-01
   1.7600000e+03   4.1115000e-01   3.2449000e-01   2.3627000e-01   3.3534000e-01
   1.7650000e+03   4.1144000e-01   3.2437000e-01   2.3697000e-01   3.3615000e-01
   1.7700000e+03   4.1215000e-01   3.2526000e-01   2.3702000e-01   3.3591000e-01
   1.7750000e+03   4.1243000e-01   3.2564000e-01   2.3738000e-01   3.3613000e-01
   1.7800000e+03   4.1251000e-01   3.2525000e-01   2.3721000e-01   3.3646000e-01
   1.7850000e+03   4.1309000e-01   3.2600000e-01   2.3821000e-01   3.3709000e-01
   1.7900000e+03   4.1436000e-01   3.2663000e-01   2.3898000e-01   3.3732000e-01
   1.7950000e+03   4.1494000e-01   3.2740000e-01   2.3900000e-01   3.3852000e-01
   1.8000000e+03   4.1464000e-01   3.2705000e-01   2.3951000e-01   3.3863000e-01
   1.8050000e+03   4.1518000e-01   3.2763000e-01   2.3994000e-01   3.3935000e-01
   1.8100000e+03   4.1543000e-01   3.2792000e-01   2.4014000e-01   3.4041000e-01
   1.8150000e+03   4.1634000e-01   3.2886000e-01   2.4075000e-01   3.4042000e-01
   1.8200000e+03   4.1601000e-01   3.2869000e-01   2.4141000e-01   3.4165000e-01
   1.8250000e+03   4.1689000e-01   3.2943000e-01   2.4141000e-01   3.4020000e-01
   1.8300000e+03   4.1699000e-01   3.2982000e-01   2.4220000e-01   3.4205000e-01
   1.8350000e+03   4.1801000e-01   3.3050000e-01   2.4276000e-01   3.4312000e-01
   1.8400000e+03   4.1851000e-01   3.3043000e-01   2.4316000e-01   3.4276000e-01
   1.8450000e+03   4.1987000e-01   3.3195000e-01   2.4373000e-01   3.4179000e-01
   1.8500000e+03   4.1925000e-01   3.3151000e-01   2.4366000e-01   3.4294000e-01
   1.8550000e+03   4.2088000e-01   3.3252000e-01   2.4388000e-01   3.4347000e-01
   1.8600000e+03   4.2008000e-01   3.3303000e-01   2.4396000e-01   3.4445000e-01
   1.8650000e+03   4.2136000e-01   3.3356000e-01   2.4497000e-01   3.4453000e-01
   1.8700000e+03   4.2117000e-01   3.3334000e-01   2.4595000e-01   3.4442000e-01
   1.8750000e+03   4.2228000e-01   3.3539000e-01   2.4588000e-01   3.4526000e-01
   1.8800000e+03   4.2262000e-01   3.3570000e-01   2.4596000e-01   3.4602000e-01
   1.8850000e+03   4.2227000e-01   3.3535000e-01   2.4666000e-01   3.4543000e-01
   1.8900000e+03   4.2341000e-01   3.3558000e-01   2.4689000e-01   3.4660000e-01
   1.8950000e+03   4.2343000e-01   3.3650000e-01   2.4732000e-01   3.4767000e-01
   1.9000000e+03   4.2250000e-01   3.3575000e-01   2.4787000e-01   3.4758000e-01
   1.9050000e+03   4.2380000e-01   3.3722000e-01   2.4862000e-01   3.4790000e-01
   1.9100000e+03   4.2468000e-01   3.3790000e-01   2.4844000e-01   3.4847000e-01
   1.9150000e+03   4.2480000e-01   3.3834000e-01   2.4903000e-01   3.4819000e-01
   1.9200000e+03   4.2495000e-01   3.3928000e-01   2.5010000e-01   3.4833000e-01
   1.9250000e+03   4.2632000e-01   3.3967000e-01   2.5027000e-01   3.4916000e-01
   1.9300000e+03   4.2596000e-01   3.3934000e-01   2.5052000e-01   3.4890000e-01
   1.9350000e+03   4.2747000e-01   3.4055000e-01   2.5119000e-01   3.5043000e-01
   1.9400000e+03   4.2764000e-01   3.4045000e-01   2.5186000e-01   3.5100000e-01
   1.9450000e+03   4.2729000e-01   3.4136000e-01   2.5171000e-01   3.5087000e-01
   1.9500000e+03   4.2826000e-01   3.4196000e-01   2.5266000e-01   3.5173000e-01
   1.9550000e+03   4.2904000e-01   3.4201000e-01   2.5303000e-01   3.5271000e-01
   1.9600000e+03   4.2928000e-01   3.4296000e-01   2.5349000e-01   3.5317000e-01
   1.9650000e+03   4.2893000e-01   3.4295000e-01   2.5405000e-01   3.5312000e-01
   1.9700000e+03   4.3027000e-01   3.4422000e-01   2.5476000e-01   3.5426000e-01
   1.9750000e+03   4.2989000e-01   3.4468000e-01   2.5449000e-01   3.5416000e-01
   1.9800000e+03   4.3129000e-01   3.4459000e-01   2.5555000e-01   3.5543000e-01
   1.9850000e+03   4.3147000e-01   3.4533000e-01   2.5599000e-01   3.5594000e-01
   1.9900000e+03   4.3197000e-01   3.4604000e-01   2.5627000e-01   3.5563000e-01
   1.9950000e+03   4.3171000e-01   3.4650000e-01   2.5660000e-01   3.5670000e-01
   2.0000000e+03   4.3297000e-01   3.4757000e-01   2.5677000e-01   3.5696000e-01
   2.0050000e+03   4.3341000e-01   3.4789000e-01   2.5711000e-01   3.5688000e-01
   2.0100000e+03   4.3358000e-01   3.4808000e-01   2.5778000e-01   3.5714000e-01
   2.0150000e+03   4.3378000e-01   3.4906000e-01   2.5813000e-01   3.5797000e-01
   2.0200000e+03   4.3438000e-01   3.4854000e-01   2.5894000e-01   3.5824000e-01
   2.0250000e+03   4.3528000e-01   3.4946000e-01   2.5879000e-01   3.5913000e-01
   2.0300000e+03   4.3521000e-01   3.5004000e-01   2.6006000e-01   3.5924000e-01
   2.0350000e+03   4.3562000e-01   3.5070000e-01   2.6032000e-01   3.5947000e-01
   2.0400000e+03   4.3614000e-01   3.5131000e-01   2.6049000e-01   3.6039000e-01
   2.0450000e+03   4.3589000e-01   3.5219000e-01   2.6105000e-01   3.6052000e-01
   2.0500000e+03   4.3763000e-01   3.5167000e-01   2.6168000e-01   3.6035000e-01
   2.0550000e+03   4.3732000e-01   3.5238000e-01   2.6230000e-01   3.6151000e-01
   2.0600000e+03   4.3751000e-01   3.5367000e-01   2.6213000e-01   3.6158000e-01
   2.0650000e+03   4.3848000e-01   3.5384000e-01   2.6365000e-01   3.6163000e-01
   2.0700000e+03   4.3876000e-01   3.5458000e-01   2.6354000e-01   3.6262000e-01
   2.0750000e+03   4.3877000e-01   3.5580000e-01   2.6388000e-01   3.6329000e-01
   2.0800000e+03   4.3898000e-01   3.5562000e-01   2.6503000e-01   3.6310000e-01
   2.0850000e+03   4.4017000e-01   3.5617000e-01   2.6565000e-01   3.6519000e-01
   2.0900000e+03   4.4072000e-01   3.5660000e-01   2.6546000e-01   3.6459000e-01
   2.0950000e+03   4.4178000e-01   3.5764000e-01   2.6704000e-01   3.6525000e-01
   2.1000000e+03   4.4170000e-01   3.5849000e-01   2.6648000e-01   3.6428000e-01
   2.1050000e+03   4.4246000e-01   3.5859000e-01   2.6761000e-01   3.6561000e-01
   2.1100000e+03   4.4328000e-01   3.5978000e-01   2.6787000e-01   3.6643000e-01
   2.1150000e+03   4.4391000e-01   3.6040000e-01   2.6829000e-01   3.6736000e-01
   2.1200000e+03   4.4437000e-01   3.6048000e-01   2.6831000e-01   3.6759000e-01
   2.1250000e+03   4.4504000e-01   3.6161000e-01   2.6972000e-01   3.6836000e-01
   2.1300000e+03   4.4556000e-01   3.6202000e-01   2.7098000e-01   3.6856000e-01
   2.1350000e+03   4.4594000e-01   3.6267000e-01   2.7095000e-01   3.6911000e-01
   2.1400000e+03   4.4570000e-01   3.6329000e-01   2.7159000e-01   3.6951000e-01
   2.1450000e+03   4.4657000e-01   3.6422000e-01   2.7181000e-01   3.7080000e-01
   2.1500000e+03   4.4710000e-01   3.6453000e-01   2.7229000e-01   3.7076000e-01
   2.1550000e+03   4.4723000e-01   3.6496000e-01   2.7371000e-01   3.7194000e-01
   2.1600000e+03   4.4858000e-01   3.6557000e-01   2.7416000e-01   3.7274000e-01
   2.1650000e+03   4.4890000e-01   3.6627000e-01   2.7438000e-01   3.7308000e-01
   2.1700000e+03   4.4900000e-01   3.6639000e-01   2.7510000e-01   3.7401000e-01
   2.1750000e+03   4.4951000e-01   3.6742000e-01   2.7512000e-01   3.7486000e-01
   2.1800000e+03   4.4990000e-01   3.6861000e-01   2.7605000e-01   3.7486000e-01
   2.1850000e+03   4.5109000e-01   3.6887000e-01   2.7699000e-01   3.7613000e-01
   2.1900000e+03   4.5058000e-01   3.6952000e-01   2.7723000e-01   3.7590000e-01
   2.1950000e+03   4.5106000e-01   3.7014000e-01   2.7761000e-01   3.7686000e-01
   2.2000000e+03   4.5154000e-01   3.7099000e-01   2.7827000e-01   3.7726000e-01
   2.2050000e+03   4.5237000e-01   3.7043000e-01   2.7936000e-01   3.7879000e-01
   2.2100000e+03   4.5174000e-01   3.7130000e-01   2.7917000e-01   3.7887000e-01
   2.2150000e+03   4.5336000e-01   3.7305000e-01   2.7979000e-01   3.7900000e-01
   2.2200000e+03   4.5325000e-01   3.7329000e-01   2.8071000e-01   3.7950000e-01
   2.2250000e+03   4.5435000e-01   3.7391000e-01   2.8138000e-01   3.8069000e-01
   2.2300000e+03   4.5481000e-01   3.7504000e-01   2.8169000e-01   3.8100000e-01
   2.2350000e+03   4.5541000e-01   3.7570000e-01   2.8202000e-01   3.8167000e-01
   2.2400000e+03   4.5518000e-01   3.7616000e-01   2.8326000e-01   3.8270000e-01
   2.2450000e+03   4.5640000e-01   3.7665000e-01   2.8321000e-01   3.8240000e-01
   2.2500000e+03   4.5653000e-01   3.7685000e-01   2.8396000e-01   3.8331000e-01
   2.2550000e+03   4.5687000e-01   3.7800000e-01   2.8415000e-01   3.8370000e-01
   2.2600000e+03   4.5761000e-01   3.7721000e-01   2.8537000e-01   3.8341000e-01
   2.2650000e+03   4.5775000e-01   3.7944000e-01   2.8591000e-01   3.8426000e-01
   2.2700000e+03   4.5859000e-01   3.7997000e-01   2.8576000e-01   3.8544000e-01
   2.2750000e+03   4.5891000e-01   3.7977000e-01   2.8691000e-01   3.8582000e-01
   2.2800000e+03   4.5882000e-01   3.8053000e-01   2.8681000e-01   3.8645000e-01
   2.2850000e+03   4.5981000e-01   3.8098000e-01   2.8796000e-01   3.8682000e-01
   2.2900000e+03   4.5928000e-01   3.8139000e-01   2.8848000e-01   3.8752000e-01
   2.2950000e+03   4.5980000e-01   3.8251000e-01   2.8897000e-01   3.8809000e-01
   2.3000000e+03   4.5981000e-01   3.8301000e-01   2.8847000e-01   3.8849000e-01
   2.3050000e+03   4.6149000e-01   3.8437000e-01   2.8980000e-01   3.8914000e-01
   2.3100000e+03   4.6286000e-01   3.8417000e-01   2.9037000e-01   3.8898000e-01
   2.3150000e+03   4.6183000e-01   3.8509000e-01   2.9077000e-01   3.8963000e-01
   2.3200000e+03   4.6231000e-01   3.8481000e-01   2.9135000e-01   3.9002000e-01
   2.3250000e+03   4.6347000e-01   3.8573000e-01   2.9232000e-01   3.9031000e-01
   2.3300000e+03   4.6324000e-01   3.8632000e-01   2.9275000e-01   3.9094000e-01
   2.3350000e+03   4.6445000e-01   3.8745000e-01   2.9340000e-01   3.9168000e-01
   2.3400000e+03   4.6503000e-01   3.8765000e-01   2.9322000e-01   3.9213000e-01
   2.3450000e+03   4.6476000e-01   3.8798000e-01   2.9468000e-01   3.9203000e-01
   2.3500000e+03   4.6441000e-01   3.8794000e-01   2.9532000e-01   3.9243000e-01
   2.3550000e+03   4.6425000e-01   3.8870000e-01   2.9567000e-01   3.9283000e-01
   2.3600000e+03   4.6519000e-01   3.8862000e-01   2.9632000e-01   3.9346000e-01
   2.3650000e+03   4.6547000e-01   3.8932000e-01   2.9633000e-01   3.9351000e-01
   2.3700000e+03   4.6580000e-01   3.9037000e-01   2.9676000e-01   3.9417000e-01
   2.3750000e+03   4.6555000e-01   3.9048000e-01   2.9776000e-01   3.9449000e-01
   2.3800000e+03   4.6640000e-01   3.9161000e-01   2.9800000e-01   3.9526000e-01
   2.3850000e+03   4.6660000e-01   3.9155000e-01   2.9851000e-01   3.9466000e-01
   2.3900000e+03   4.6690000e-01   3.9312000e-01   2.9894000e-01   3.9712000e-01
   2.3950000e+03   4.6814000e-01   3.9360000e-01   2.9981000e-01   3.9651000e-01
   2.4000000e+03   4.6640000e-01   3.9421000e-01   3.0020000e-01   3.9744000e-01
   2.4050000e+03   4.6873000e-01   3.9416000e-01   3.0071000e-01   3.9670000e-01
   2.4100000e+03   4.6804000e-01   3.9539000e-01   3.0222000e-01   3.9927000e-01
   2.4150000e+03   4.6972000e-01   3.9509000e-01   3.0218000e-01   3.9978000e-01
   2.4200000e+03   4.6939000e-01   3.9629000e-01   3.0231000e-01   4.0040000e-01
   2.4250000e+03   4.7015000e-01   3.9753000e-01   3.0224000e-01   3.9817000e-01
   2.4300000e+03   4.7040000e-01   3.9760000e-01   3.0357000e-01   3.9972000e-01
   2.4350000e+03   4.7101000e-01   3.9800000e-01   3.0453000e-01   4.0062000e-01
   2.4400000e+03   4.7134000e-01   3.9848000e-01   3.0427000e-01   4.0060000e-01
   2.4450000e+03   4.7146000e-01   4.0000000e-01   3.0535000e-01   4.0195000e-01
   2.4500000e+03   4.7151000e-01   3.9997000e-01   3.0494000e-01   4.0267000e-01
   2.4550000e+03   4.7251000e-01   4.0016000e-01   3.0502000e-01   4.0230000e-01
   2.4600000e+03   4.7250000e-01   4.0003000e-01   3.0665000e-01   4.0366000e-01
   2.4650000e+03   4.7303000e-01   4.0011000e-01   3.0680000e-01   4.0313000e-01
   2.4700000e+03   4.7336000e-01   4.0135000e-01   3.0723000e-01   4.0549000e-01
   2.4750000e+03   4.7363000e-01   4.0194000e-01   3.0750000e-01   4.0434000e-01
   2.4800000e+03   4.7435000e-01   4.0189000e-01   3.0849000e-01   4.0571000e-01
   2.4850000e+03   4.7308000e-01   4.0150000e-01   3.0872000e-01   4.0623000e-01
   2.4900000e+03   4.7376000e-01   4.0201000e-01   3.0888000e-01   4.0622000e-01
   2.4950000e+03   4.7367000e-01   4.0288000e-01   3.1023000e-01   4.0707000e-01
   2.5000000e+03   4.7421000e-01   4.0410000e-01   3.1077000e-01   4.0689000e-01
   2.5050000e+03   4.7360000e-01   4.0266000e-01   3.0993000e-01   4.0760000e-01
   2.5100000e+03   4.7432000e-01   4.0479000e-01   3.1151000e-01   4.0757000e-01
   2.5150000e+03   4.7298000e-01   4.0270000e-01   3.1156000e-01   4.1007000e-01
   2.5200000e+03   4.7576000e-01   4.0400000e-01   3.1189000e-01   4.0762000e-01
   2.5250000e+03   4.7449000e-01   4.0414000e-01   3.1287000e-01   4.0957000e-01
   2.5300000e+03   4.7578000e-01   4.0534000e-01   3.1277000e-01   4.1129000e-01
   2.5350000e+03   4.7446000e-01   4.0461000e-01   3.1329000e-01   4.1073000e-01
   2.5400000e+03   4.7548000e-01   4.0583000e-01   3.1319000e-01   4.1089000e-01
   2.5450000e+03   4.7610000e-01   4.0694000e-01   3.1565000e-01   4.0979000e-01
   2.5500000e+03   4.7539000e-01   4.0644000e-01   3.1418000e-01   4.1172000e-01
   2.5550000e+03   4.7529000e-01   4.0659000e-01   3.1498000e-01   4.1205000e-01
   2.5600000e+03   4.7664000e-01   4.0808000e-01   3.1536000e-01   4.1082000e-01
   2.5650000e+03   4.7706000e-01   4.0856000e-01   3.1600000e-01   4.1197000e-01
   2.5700000e+03   4.7793000e-01   4.0904000e-01   3.1656000e-01   4.1321000e-01
   2.5750000e+03   4.7785000e-01   4.0916000e-01   3.1692000e-01   4.1331000e-01
   2.5800000e+03   4.7976000e-01   4.1094000e-01   3.1785000e-01   4.1243000e-01
   2.5850000e+03   4.7856000e-01   4.0939000e-01   3.1885000e-01   4.1248000e-01
   2.5900000e+03   4.8050000e-01   4.1149000e-01   3.1911000e-01   4.1335000e-01
   2.5950000e+03   4.8247000e-01   4.1341000e-01   3.1962000e-01   4.1427000e-01
   2.6000000e+03   4.8674000e-01   4.1489000e-01   3.1972000e-01   4.1461000e-01
