   3.0000000e+02   2.2102000e-01   2.0329000e-01   1.5986000e-01   2.0642000e-01
   3.0500000e+02   2.2217000e-01   2.0765000e-01   1.6309000e-01   2.1152000e-01
   3.1000000e+02   2.2463000e-01   2.0861000e-01   1.6725000e-01   2.1523000e-01
   3.1500000e+02   2.2809000e-01   2.1412000e-01   1.6916000e-01   2.1947000e-01
   3.2000000e+02   2.3234000e-01   2.1795000e-01   1.7270000e-01   2.2488000e-01
   3.2500000e+02   2.3647000e-01   2.2073000e-01   1.7697000e-01   2.2828000e-01
   3.3000000e+02   2.4239000e-01   2.2651000e-01   1.7998000e-01   2.3380000e-01
   3.3500000e+02   2.4752000e-01   2.3263000e-01   1.8487000e-01   2.3957000e-01
   3.4000000e+02   2.5305000e-01   2.3766000e-01   1.8966000e-01   2.4503000e-01
   3.4500000e+02   2.5769000e-01   2.4262000e-01   1.9459000e-01   2.4926000e-01
   3.5000000e+02   2.6311000e-01   2.4802000e-01   1.9910000e-01   2.5466000e-01
   3.5500000e+02   2.6757000e-01   2.5354000e-01   2.0420000e-01   2.5889000e-01
   3.6000000e+02   2.7340000e-01   2.5901000e-01   2.0980000e-01   2.6416000e-01
   3.6500000e+02   2.7806000e-01   2.6359000e-01   2.1331000e-01   2.6796000e-01
   3.7000000e+02   2.8276000e-01   2.6853000e-01   2.1742000e-01   2.7205000e-01
   3.7500000e+02   2.8749000e-01   2.7198000e-01   2.2108000e-01   2.7566000e-01
   3.8000000e+02   2.9182000e-01   2.7653000e-01   2.2515000e-01   2.7972000e-01
   3.8500000e+02   2.9531000e-01   2.8015000e-01   2.2862000e-01   2.8399000e-01
   3.9000000e+02   2.9949000e-01   2.8370000e-01   2.3185000e-01   2.8754000e-01
   3.9500000e+02   3.0243000e-01   2.8732000e-01   2.3524000e-01   2.9155000e-01
   4.0000000e+02   3.0768000e-01   2.8969000e-01   2.3797000e-01   2.9416000e-01
   4.0500000e+02   3.1128000e-01   2.9267000e-01   2.4076000e-01   2.9677000e-01
   4.1000000e+02   3.1410000e-01   2.9516000e-01   2.4327000e-01   2.9915000e-01
   4.1500000e+02   3.1709000e-01   2.9763000e-01   2.4547000e-01   3.0204000e-01
   4.2000000e+02   3.2028000e-01   3.0046000e-01   2.4733000e-01   3.0421000e-01
   4.2500000e+02   3.2280000e-01   3.0282000e-01   2.4933000e-01   3.0678000e-01
   4.3000000e+02   3.2585000e-01   3.0557000e-01   2.5121000e-01   3.0898000e-01
   4.3500000e+02   3.2866000e-01   3.0838000e-01   2.5330000e-01   3.1137000e-01
   4.4000000e+02   3.3105000e-01   3.1062000e-01   2.5463000e-01   3.1280000e-01
   4.4500000e+02   3.3354000e-01   3.1329000e-01   2.5603000e-01   3.1479000e-01
   4.5000000e+02   3.3576000e-01   3.1483000e-01   2.5749000e-01   3.1636000e-01
   4.5500000e+02   3.3752000e-01   3.1560000e-01   2.5882000e-01   3.1832000e-01
   4.6000000e+02   3.4009000e-01   3.1795000e-01   2.6057000e-01   3.2038000e-01
   4.6500000e+02   3.4242000e-01   3.2037000e-01   2.6184000e-01   3.2193000e-01
   4.7000000e+02   3.4426000e-01   3.2174000e-01   2.6344000e-01   3.2370000e-01
   4.7500000e+02   3.4635000e-01   3.2363000e-01   2.6469000e-01   3.2545000e-01
   4.8000000e+02   3.4832000e-01   3.2489000e-01   2.6619000e-01   3.2713000e-01
   4.8500000e+02   3.5060000e-01   3.2681000e-01   2.6774000e-01   3.2936000e-01
   4.9000000e+02   3.5244000e-01   3.2821000e-01   2.6888000e-01   3.3093000e-01
   4.9500000e+02   3.5407000e-01   3.2965000e-01   2.7038000e-01   3.3286000e-01
   5.0000000e+02   3.5640000e-01   3.3159000e-01   2.7169000e-01   3.3464000e-01
   5.0500000e+02   3.5813000e-01   3.3264000e-01   2.7248000e-01   3.3628000e-01
   5.1000000e+02   3.5964000e-01   3.3469000e-01   2.7461000e-01   3.3852000e-01
   5.1500000e+02   3.6176000e-01   3.3637000e-01   2.7645000e-01   3.4027000e-01
   5.2000000e+02   3.6323000e-01   3.3814000e-01   2.7832000e-01   3.4251000e-01
   5.2500000e+02   3.6526000e-01   3.3882000e-01   2.7941000e-01   3.4390000e-01
   5.3000000e+02   3.6697000e-01   3.4094000e-01   2.8087000e-01   3.4545000e-01
   5.3500000e+02   3.6867000e-01   3.4272000e-01   2.8237000e-01   3.4741000e-01
   5.4000000e+02   3.7007000e-01   3.4449000e-01   2.8362000e-01   3.4957000e-01
   5.4500000e+02   3.7180000e-01   3.4546000e-01   2.8482000e-01   3.5124000e-01
   5.5000000e+02   3.7312000e-01   3.4692000e-01   2.8583000e-01   3.5292000e-01
   5.5500000e+02   3.7483000e-01   3.4883000e-01   2.8740000e-01   3.5468000e-01
   5.6000000e+02   3.7632000e-01   3.5030000e-01   2.8869000e-01   3.5599000e-01
   5.6500000e+02   3.7803000e-01   3.5096000e-01   2.8985000e-01   3.5715000e-01
   5.7000000e+02   3.7922000e-01   3.5262000e-01   2.9158000e-01   3.5908000e-01
   5.7500000e+02   3.8089000e-01   3.5386000e-01   2.9317000e-01   3.6024000e-01
   5.8000000e+02   3.8235000e-01   3.5506000e-01   2.9394000e-01   3.6156000e-01
   5.8500000e+02   3.8401000e-01   3.5631000e-01   2.9544000e-01   3.6233000e-01
   5.9000000e+02   3.8528000e-01   3.5771000e-01   2.9629000e-01   3.6347000e-01
   5.9500000e+02   3.8656000e-01   3.5815000e-01   2.9708000e-01   3.6480000e-01
   6.0000000e+02   3.8787000e-01   3.5958000e-01   2.9826000e-01   3.6629000e-01
   6.0500000e+02   3.8926000e-01   3.6063000e-01   2.9960000e-01   3.6635000e-01
   6.1000000e+02   3.9027000e-01   3.6172000e-01   3.0058000e-01   3.6836000e-01
   6.1500000e+02   3.9160000e-01   3.6230000e-01   3.0195000e-01   3.6935000e-01
   6.2000000e+02   3.9222000e-01   3.6417000e-01   3.0297000e-01   3.7014000e-01
   6.2500000e+02   3.9379000e-01   3.6484000e-01   3.0410000e-01   3.7179000e-01
   6.3000000e+02   3.9518000e-01   3.6593000e-01   3.0489000e-01   3.7257000e-01
   6.3500000e+02   3.9668000e-01   3.6709000e-01   3.0594000e-01   3.7413000e-01
   6.4000000e+02   3.9780000e-01   3.6854000e-01   3.0707000e-01   3.7503000e-01
   6.4500000e+02   3.9877000e-01   3.6906000e-01   3.0781000e-01   3.7582000e-01
   6.5000000e+02   3.9995000e-01   3.7011000e-01   3.0868000e-01   3.7635000e-01
   6.5500000e+02   4.0163000e-01   3.7134000e-01   3.0916000e-01   3.7657000e-01
   6.6000000e+02   4.0236000e-01   3.7247000e-01   3.1015000e-01   3.7785000e-01
   6.6500000e+02   4.0441000e-01   3.7343000e-01   3.1085000e-01   3.7821000e-01
   6.7000000e+02   4.0498000e-01   3.7419000e-01   3.1170000e-01   3.7855000e-01
   6.7500000e+02   4.0650000e-01   3.7510000e-01   3.1260000e-01   3.7962000e-01
   6.8000000e+02   4.0800000e-01   3.7609000e-01   3.1343000e-01   3.8004000e-01
   6.8500000e+02   4.0925000e-01   3.7702000e-01   3.1405000e-01   3.8073000e-01
   6.9000000e+02   4.1000000e-01   3.7816000e-01   3.1387000e-01   3.8087000e-01
   6.9500000e+02   4.1138000e-01   3.7874000e-01   3.1485000e-01   3.8165000e-01
   7.0000000e+02   4.1243000e-01   3.7975000e-01   3.1513000e-01   3.8210000e-01
   7.0500000e+02   4.1342000e-01   3.8043000e-01   3.1614000e-01   3.8313000e-01
   7.1000000e+02   4.1488000e-01   3.8179000e-01   3.1666000e-01   3.8392000e-01
   7.1500000e+02   4.1659000e-01   3.8276000e-01   3.1712000e-01   3.8407000e-01
   7.2000000e+02   4.1726000e-01   3.8339000e-01   3.1718000e-01   3.8425000e-01
   7.2500000e+02   4.1749000e-01   3.8449000e-01   3.1734000e-01   3.8444000e-01
   7.3000000e+02   4.1850000e-01   3.8549000e-01   3.1734000e-01   3.8445000e-01
   7.3500000e+02   4.1955000e-01   3.8635000e-01   3.1789000e-01   3.8504000e-01
   7.4000000e+02   4.2035000e-01   3.8724000e-01   3.1764000e-01   3.8546000e-01
   7.4500000e+02   4.2157000e-01   3.8799000e-01   3.1771000e-01   3.8575000e-01
   7.5000000e+02   4.2229000e-01   3.8869000e-01   3.1814000e-01   3.8664000e-01
   7.5500000e+02   4.2384000e-01   3.8951000e-01   3.1767000e-01   3.8651000e-01
   7.6000000e+02   4.2399000e-01   3.8977000e-01   3.1799000e-01   3.8750000e-01
   7.6500000e+02   4.2578000e-01   3.9078000e-01   3.1724000e-01   3.8733000e-01
   7.7000000e+02   4.2600000e-01   3.9080000e-01   3.1710000e-01   3.8763000e-01
   7.7500000e+02   4.2710000e-01   3.9135000e-01   3.1650000e-01   3.8795000e-01
   7.8000000e+02   4.2795000e-01   3.9187000e-01   3.1607000e-01   3.8853000e-01
   7.8500000e+02   4.2855000e-01   3.9245000e-01   3.1543000e-01   3.8921000e-01
   7.9000000e+02   4.2962000e-01   3.9269000e-01   3.1417000e-01   3.8939000e-01
   7.9500000e+02   4.2987000e-01   3.9331000e-01   3.1385000e-01   3.9003000e-01
   8.0000000e+02   4.3080000e-01   3.9340000e-01   3.1190000e-01   3.9067000e-01
   8.0500000e+02   4.3125000e-01   3.9375000e-01   3.1071000e-01   3.9069000e-01
   8.1000000e+02   4.3203000e-01   3.9381000e-01   3.1006000e-01   3.9109000e-01
   8.1500000e+02   4.3248000e-01   3.9310000e-01   3.0853000e-01   3.9145000e-01
   8.2000000e+02   4.3267000e-01   3.9311000e-01   3.0696000e-01   3.9187000e-01
   8.2500000e+02   4.3323000e-01   3.9318000e-01   3.0587000e-01   3.9131000e-01
   8.3000000e+02   4.3373000e-01   3.9313000e-01   3.0412000e-01   3.9095000e-01
   8.3500000e+02   4.3373000e-01   3.9261000e-01   3.0284000e-01   3.9019000e-01
   8.4000000e+02   4.3425000e-01   3.9221000e-01   3.0154000e-01   3.8953000e-01
   8.4500000e+02   4.3387000e-01   3.9093000e-01   2.9980000e-01   3.8917000e-01
   8.5000000e+02   4.3442000e-01   3.9119000e-01   2.9878000e-01   3.8905000e-01
   8.5500000e+02   4.3506000e-01   3.9093000e-01   2.9634000e-01   3.8752000e-01
   8.6000000e+02   4.3541000e-01   3.9006000e-01   2.9463000e-01   3.8680000e-01
   8.6500000e+02   4.3469000e-01   3.8886000e-01   2.9343000e-01   3.8615000e-01
   8.7000000e+02   4.3519000e-01   3.8833000e-01   2.9187000e-01   3.8575000e-01
   8.7500000e+02   4.3481000e-01   3.8613000e-01   2.9008000e-01   3.8514000e-01
   8.8000000e+02   4.3456000e-01   3.8626000e-01   2.8901000e-01   3.8399000e-01
   8.8500000e+02   4.3507000e-01   3.8686000e-01   2.8770000e-01   3.8331000e-01
   8.9000000e+02   4.3517000e-01   3.8583000e-01   2.8674000e-01   3.8291000e-01
   8.9500000e+02   4.3515000e-01   3.8483000e-01   2.8526000e-01   3.8264000e-01
   9.0000000e+02   4.3479000e-01   3.8436000e-01   2.8455000e-01   3.8215000e-01
   9.0500000e+02   4.3450000e-01   3.8394000e-01   2.8345000e-01   3.8109000e-01
   9.1000000e+02   4.3560000e-01   3.8292000e-01   2.8301000e-01   3.8100000e-01
   9.1500000e+02   4.3472000e-01   3.8418000e-01   2.8168000e-01   3.8072000e-01
   9.2000000e+02   4.3506000e-01   3.8404000e-01   2.8171000e-01   3.8143000e-01
   9.2500000e+02   4.3552000e-01   3.8426000e-01   2.8137000e-01   3.8091000e-01
   9.3000000e+02   4.3572000e-01   3.8461000e-01   2.8141000e-01   3.8098000e-01
   9.3500000e+02   4.3594000e-01   3.8417000e-01   2.8108000e-01   3.8138000e-01
   9.4000000e+02   4.3711000e-01   3.8457000e-01   2.8091000e-01   3.8211000e-01
   9.4500000e+02   4.3766000e-01   3.8562000e-01   2.8100000e-01   3.8228000e-01
   9.5000000e+02   4.3812000e-01   3.8600000e-01   2.8144000e-01   3.8245000e-01
   9.5500000e+02   4.3814000e-01   3.8690000e-01   2.8152000e-01   3.8287000e-01
   9.6000000e+02   4.3940000e-01   3.8768000e-01   2.8234000e-01   3.8406000e-01
   9.6500000e+02   4.3991000e-01   3.8830000e-01   2.8290000e-01   3.8464000e-01
   9.7000000e+02   4.4061000e-01   3.8882000e-01   2.8360000e-01   3.8515000e-01
   9.7500000e+02   4.4113000e-01   3.8907000e-01   2.8450000e-01   3.8555000e-01
   9.8000000e+02   4.4187000e-01   3.8965000e-01   2.8511000e-01   3.8735000e-01
   9.8500000e+02   4.4245000e-01   3.9168000e-01   2.8650000e-01   3.8795000e-01
   9.9000000e+02   4.4412000e-01   3.9300000e-01   2.8781000e-01   3.8946000e-01
   9.9500000e+02   4.4398000e-01   3.9350000e-01   2.8856000e-01   3.8945000e-01
   1.0000000e+03   4.4512000e-01   3.9394000e-01   2.8960000e-01   3.9059000e-01
   1.0050000e+03   4.4590000e-01   3.9610000e-01   2.9060000e-01   3.9130000e-01
   1.0100000e+03   4.4739000e-01   3.9712000e-01   2.9235000e-01   3.9326000e-01
   1.0150000e+03   4.4676000e-01   3.9884000e-01   2.9377000e-01   3.9331000e-01
   1.0200000e+03   4.4874000e-01   3.9952000e-01   2.9465000e-01   3.9547000e-01
   1.0250000e+03   4.4943000e-01   4.0107000e-01   2.9654000e-01   3.9582000e-01
   1.0300000e+03   4.5018000e-01   4.0172000e-01   2.9788000e-01   3.9767000e-01
   1.0350000e+03   4.5053000e-01   4.0232000e-01   2.9896000e-01   3.9854000e-01
   1.0400000e+03   4.5118000e-01   4.0313000e-01   3.0001000e-01   3.9882000e-01
   1.0450000e+03   4.5242000e-01   4.0567000e-01   3.0113000e-01   4.0051000e-01
   1.0500000e+03   4.5278000e-01   4.0611000e-01   3.0314000e-01   4.0085000e-01
   1.0550000e+03   4.5374000e-01   4.0692000e-01   3.0476000e-01   4.0264000e-01
   1.0600000e+03   4.5454000e-01   4.0821000e-01   3.0604000e-01   4.0299000e-01
   1.0650000e+03   4.5542000e-01   4.0864000e-01   3.0691000e-01   4.0464000e-01
   1.0700000e+03   4.5610000e-01   4.0957000e-01   3.0846000e-01   4.0523000e-01
   1.0750000e+03   4.5708000e-01   4.1158000e-01   3.0997000e-01   4.0675000e-01
   1.0800000e+03   4.5723000e-01   4.1261000e-01   3.1161000e-01   4.0758000e-01
   1.0850000e+03   4.5810000e-01   4.1192000e-01   3.1286000e-01   4.0854000e-01
   1.0900000e+03   4.5908000e-01   4.1301000e-01   3.1442000e-01   4.0966000e-01
   1.0950000e+03   4.5987000e-01   4.1375000e-01   3.1589000e-01   4.1134000e-01
   1.1000000e+03   4.6047000e-01   4.1535000e-01   3.1772000e-01   4.1153000e-01
   1.1050000e+03   4.6203000e-01   4.1532000e-01   3.1940000e-01   4.1322000e-01
   1.1100000e+03   4.6232000e-01   4.1636000e-01   3.1995000e-01   4.1414000e-01
   1.1150000e+03   4.6313000e-01   4.1834000e-01   3.2120000e-01   4.1485000e-01
   1.1200000e+03   4.6368000e-01   4.1867000e-01   3.2212000e-01   4.1610000e-01
   1.1250000e+03   4.6521000e-01   4.1903000e-01   3.2358000e-01   4.1718000e-01
   1.1300000e+03   4.6517000e-01   4.1998000e-01   3.2527000e-01   4.1774000e-01
   1.1350000e+03   4.6591000e-01   4.2112000e-01   3.2624000e-01   4.1885000e-01
   1.1400000e+03   4.6645000e-01   4.2190000e-01   3.2768000e-01   4.1947000e-01
   1.1450000e+03   4.6720000e-01   4.2270000e-01   3.2853000e-01   4.2071000e-01
   1.1500000e+03   4.6803000e-01   4.2371000e-01   3.2938000e-01   4.2100000e-01
   1.1550000e+03   4.6920000e-01   4.2478000e-01   3.3129000e-01   4.2241000e-01
   1.1600000e+03   4.6971000e-01   4.2577000e-01   3.3237000e-01   4.2278000e-01
   1.1650000e+03   4.7002000e-01   4.2658000e-01   3.3326000e-01   4.2313000e-01
   1.1700000e+03   4.7063000e-01   4.2747000e-01   3.3423000e-01   4.2377000e-01
   1.1750000e+03   4.7128000e-01   4.2755000e-01   3.3542000e-01   4.2454000e-01
   1.1800000e+03   4.7181000e-01   4.2862000e-01   3.3557000e-01   4.2515000e-01
   1.1850000e+03   4.7269000e-01   4.2861000e-01   3.3647000e-01   4.2598000e-01
   1.1900000e+03   4.7321000e-01   4.3025000e-01   3.3777000e-01   4.2653000e-01
   1.1950000e+03   4.7368000e-01   4.3074000e-01   3.3814000e-01   4.2721000e-01
   1.2000000e+03   4.7388000e-01   4.3098000e-01   3.3907000e-01   4.2735000e-01
   1.2050000e+03   4.7445000e-01   4.3167000e-01   3.4014000e-01   4.2776000e-01
   1.2100000e+03   4.7487000e-01   4.3319000e-01   3.4079000e-01   4.2890000e-01
   1.2150000e+03   4.7577000e-01   4.3302000e-01   3.4125000e-01   4.2938000e-01
   1.2200000e+03   4.7586000e-01   4.3386000e-01   3.4206000e-01   4.2967000e-01
   1.2250000e+03   4.7651000e-01   4.3374000e-01   3.4269000e-01   4.2971000e-01
   1.2300000e+03   4.7679000e-01   4.3470000e-01   3.4426000e-01   4.3108000e-01
   1.2350000e+03   4.7750000e-01   4.3556000e-01   3.4489000e-01   4.3136000e-01
   1.2400000e+03   4.7776000e-01   4.3627000e-01   3.4604000e-01   4.3205000e-01
   1.2450000e+03   4.7791000e-01   4.3721000e-01   3.4657000e-01   4.3289000e-01
   1.2500000e+03   4.7874000e-01   4.3722000e-01   3.4697000e-01   4.3354000e-01
   1.2550000e+03   4.7946000e-01   4.3742000e-01   3.4806000e-01   4.3388000e-01
   1.2600000e+03   4.8011000e-01   4.3786000e-01   3.4874000e-01   4.3390000e-01
   1.2650000e+03   4.8097000e-01   4.3767000e-01   3.5057000e-01   4.3492000e-01
   1.2700000e+03   4.8127000e-01   4.3882000e-01   3.5133000e-01   4.3571000e-01
   1.2750000e+03   4.8230000e-01   4.4032000e-01   3.5149000e-01   4.3644000e-01
   1.2800000e+03   4.8254000e-01   4.3981000e-01   3.5169000e-01   4.3674000e-01
   1.2850000e+03   4.8305000e-01   4.4047000e-01   3.5210000e-01   4.3710000e-01
   1.2900000e+03   4.8350000e-01   4.4099000e-01   3.5310000e-01   4.3752000e-01
   1.2950000e+03   4.8434000e-01   4.4186000e-01   3.5429000e-01   4.3850000e-01
   1.3000000e+03   4.8559000e-01   4.4243000e-01   3.5457000e-01   4.3942000e-01
   1.3050000e+03   4.8618000e-01   4.4328000e-01   3.5565000e-01   4.3979000e-01
   1.3100000e+03   4.8669000e-01   4.4407000e-01   3.5618000e-01   4.4106000e-01
   1.3150000e+03   4.8713000e-01   4.4493000e-01   3.5731000e-01   4.4118000e-01
   1.3200000e+03   4.8808000e-01   4.4536000e-01   3.5757000e-01   4.4210000e-01
   1.3250000e+03   4.8858000e-01   4.4634000e-01   3.5870000e-01   4.4293000e-01
   1.3300000e+03   4.8939000e-01   4.4665000e-01   3.5965000e-01   4.4331000e-01
   1.3350000e+03   4.9030000e-01   4.4793000e-01   3.6078000e-01   4.4420000e-01
   1.3400000e+03   4.9067000e-01   4.4852000e-01   3.6189000e-01   4.4510000e-01
   1.3450000e+03   4.9078000e-01   4.4912000e-01   3.6212000e-01   4.4555000e-01
   1.3500000e+03   4.9106000e-01   4.4959000e-01   3.6283000e-01   4.4569000e-01
   1.3550000e+03   4.9160000e-01   4.5045000e-01   3.6329000e-01   4.4623000e-01
   1.3600000e+03   4.9222000e-01   4.5148000e-01   3.6451000e-01   4.4726000e-01
   1.3650000e+03   4.9310000e-01   4.5185000e-01   3.6561000e-01   4.4801000e-01
   1.3700000e+03   4.9366000e-01   4.5265000e-01   3.6662000e-01   4.4891000e-01
   1.3750000e+03   4.9481000e-01   4.5396000e-01   3.6739000e-01   4.4949000e-01
   1.3800000e+03   4.9559000e-01   4.5522000e-01   3.6794000e-01   4.5001000e-01
   1.3850000e+03   4.9625000e-01   4.5524000e-01   3.6923000e-01   4.5120000e-01
   1.3900000e+03   4.9654000e-01   4.5667000e-01   3.6991000e-01   4.5178000e-01
   1.3950000e+03   4.9717000e-01   4.5770000e-01   3.7069000e-01   4.5254000e-01
   1.4000000e+03   4.9709000e-01   4.5866000e-01   3.7092000e-01   4.5300000e-01
   1.4050000e+03   4.9758000e-01   4.5783000e-01   3.7232000e-01   4.5330000e-01
   1.4100000e+03   4.9877000e-01   4.5875000e-01   3.7340000e-01   4.5363000e-01
   1.4150000e+03   4.9978000e-01   4.6011000e-01   3.7343000e-01   4.5542000e-01
   1.4200000e+03   5.0062000e-01   4.6097000e-01   3.7490000e-01   4.5584000e-01
   1.4250000e+03   5.0121000e-01   4.6157000e-01   3.7511000e-01   4.5682000e-01
   1.4300000e+03   5.0232000e-01   4.6186000e-01   3.7609000e-01   4.5746000e-01
   1.4350000e+03   5.0301000e-01   4.6284000e-01   3.7716000e-01   4.5814000e-01
   1.4400000e+03   5.0371000e-01   4.6380000e-01   3.7744000e-01   4.5857000e-01
   1.4450000e+03   5.0352000e-01   4.6394000e-01   3.7785000e-01   4.5914000e-01
   1.4500000e+03   5.0420000e-01   4.6428000e-01   3.7905000e-01   4.5975000e-01
   1.4550000e+03   5.0476000e-01   4.6477000e-01   3.7961000e-01   4.6052000e-01
   1.4600000e+03   5.0555000e-01   4.6527000e-01   3.8024000e-01   4.6084000e-01
   1.4650000e+03   5.0604000e-01   4.6551000e-01   3.8064000e-01   4.6136000e-01
   1.4700000e+03   5.0633000e-01   4.6574000e-01   3.8106000e-01   4.6200000e-01
   1.4750000e+03   5.0735000e-01   4.6660000e-01   3.8201000e-01   4.6247000e-01
   1.4800000e+03   5.0757000e-01   4.6620000e-01   3.8339000e-01   4.6340000e-01
   1.4850000e+03   5.0795000e-01   4.6758000e-01   3.8302000e-01   4.6390000e-01
   1.4900000e+03   5.0876000e-01   4.6788000e-01   3.8369000e-01   4.6400000e-01
   1.4950000e+03   5.0893000e-01   4.6825000e-01   3.8410000e-01   4.6470000e-01
   1.5000000e+03   5.0966000e-01   4.6903000e-01   3.8474000e-01   4.6493000e-01
   1.5050000e+03   5.1038000e-01   4.7010000e-01   3.8530000e-01   4.6563000e-01
   1.5100000e+03   5.1062000e-01   4.7026000e-01   3.8565000e-01   4.6596000e-01
   1.5150000e+03   5.1115000e-01   4.6999000e-01   3.8629000e-01   4.6647000e-01
   1.5200000e+03   5.1127000e-01   4.7076000e-01   3.8665000e-01   4.6716000e-01
   1.5250000e+03   5.1138000e-01   4.7070000e-01   3.8719000e-01   4.6734000e-01
   1.5300000e+03   5.1207000e-01   4.7145000e-01   3.8686000e-01   4.6792000e-01
   1.5350000e+03   5.1259000e-01   4.7234000e-01   3.8758000e-01   4.6850000e-01
   1.5400000e+03   5.1340000e-01   4.7345000e-01   3.8809000e-01   4.6876000e-01
   1.5450000e+03   5.1337000e-01   4.7387000e-01   3.8802000e-01   4.6924000e-01
   1.5500000e+03   5.1395000e-01   4.7413000e-01   3.8846000e-01   4.6936000e-01
   1.5550000e+03   5.1460000e-01   4.7508000e-01   3.8857000e-01   4.6955000e-01
   1.5600000e+03   5.1490000e-01   4.7508000e-01   3.8936000e-01   4.6998000e-01
   1.5650000e+03   5.1468000e-01   4.7624000e-01   3.8957000e-01   4.7058000e-01
   1.5700000e+03   5.1525000e-01   4.7632000e-01   3.8931000e-01   4.7051000e-01
   1.5750000e+03   5.1560000e-01   4.7676000e-01   3.8973000e-01   4.7104000e-01
   1.5800000e+03   5.1582000e-01   4.7668000e-01   3.8916000e-01   4.7152000e-01
   1.5850000e+03   5.1630000e-01   4.7634000e-01   3.9002000e-01   4.7140000e-01
   1.5900000e+03   5.1704000e-01   4.7760000e-01   3.8939000e-01   4.7139000e-01
   1.5950000e+03   5.1720000e-01   4.7770000e-01   3.8978000e-01   4.7170000e-01
   1.6000000e+03   5.1761000e-01   4.7785000e-01   3.9015000e-01   4.7178000e-01
   1.6050000e+03   5.1807000e-01   4.7792000e-01   3.9008000e-01   4.7212000e-01
   1.6100000e+03   5.1851000e-01   4.7821000e-01   3.9046000e-01   4.7257000e-01
   1.6150000e+03   5.1862000e-01   4.7928000e-01   3.9057000e-01   4.7298000e-01
   1.6200000e+03   5.1881000e-01   4.7918000e-01   3.9089000e-01   4.7312000e-01
   1.6250000e+03   5.1941000e-01   4.7880000e-01   3.9009000e-01   4.7346000e-01
   1.6300000e+03   5.1914000e-01   4.7900000e-01   3.8991000e-01   4.7289000e-01
   1.6350000e+03   5.1980000e-01   4.7809000e-01   3.9062000e-01   4.7341000e-01
   1.6400000e+03   5.1922000e-01   4.7852000e-01   3.9057000e-01   4.7326000e-01
   1.6450000e+03   5.2072000e-01   4.7876000e-01   3.9066000e-01   4.7348000e-01
   1.6500000e+03   5.2080000e-01   4.7927000e-01   3.9092000e-01   4.7315000e-01
   1.6550000e+03   5.2163000e-01   4.8004000e-01   3.9089000e-01   4.7409000e-01
   1.6600000e+03   5.2152000e-01   4.7965000e-01   3.9087000e-01   4.7438000e-01
   1.6650000e+03   5.2395000e-01   4.7874000e-01   3.9092000e-01   4.7547000e-01
   1.6700000e+03   5.2410000e-01   4.7878000e-01   3.9120000e-01   4.7549000e-01
   1.6750000e+03   5.2377000e-01   4.8021000e-01   3.9075000e-01   4.7508000e-01
   1.6800000e+03   5.2460000e-01   4.8016000e-01   3.9140000e-01   4.7557000e-01
   1.6850000e+03   5.2503000e-01   4.8011000e-01   3.9073000e-01   4.7552000e-01
   1.6900000e+03   5.2517000e-01   4.8002000e-01   3.9079000e-01   4.7572000e-01
   1.6950000e+03   5.2506000e-01   4.8011000e-01   3.9023000e-01   4.7517000e-01
   1.7000000e+03   5.2499000e-01   4.8147000e-01   3.8975000e-01   4.7544000e-01
   1.7050000e+03   5.2584000e-01   4.8153000e-01   3.9022000e-01   4.7631000e-01
   1.7100000e+03   5.2596000e-01   4.8170000e-01   3.9030000e-01   4.7621000e-01
   1.7150000e+03   5.2625000e-01   4.8177000e-01   3.9035000e-01   4.7631000e-01
   1.7200000e+03   5.2682000e-01   4.8189000e-01   3.9107000e-01   4.7649000e-01
   1.7250000e+03   5.2720000e-01   4.8217000e-01   3.9093000e-01   4.7668000e-01
   1.7300000e+03   5.2717000e-01   4.8207000e-01   3.9100000e-01   4.7630000e-01
   1.7350000e+03   5.2704000e-01   4.8179000e-01   3.9083000e-01   4.7635000e-01
   1.7400000e+03   5.2739000e-01   4.8214000e-01   3.9066000e-01   4.7664000e-01
   1.7450000e+03   5.2747000e-01   4.8196000e-01   3.9050000e-01   4.7674000e-01
   1.7500000e+03   5.2772000e-01   4.8247000e-01   3.9024000e-01   4.7698000e-01
   1.7550000e+03   5.2801000e-01   4.8153000e-01   3.8898000e-01   4.7671000e-01
   1.7600000e+03   5.2770000e-01   4.8191000e-01   3.8919000e-01   4.7657000e-01
   1.7650000e+03   5.2854000e-01   4.8175000e-01   3.8919000e-01   4.7636000e-01
   1.7700000e+03   5.2868000e-01   4.8188000e-01   3.8922000e-01   4.7688000e-01
   1.7750000e+03   5.2900000e-01   4.8126000e-01   3.8892000e-01   4.7693000e-01
   1.7800000e+03   5.2904000e-01   4.8175000e-01   3.8926000e-01   4.7696000e-01
   1.7850000e+03   5.2880000e-01   4.8154000e-01   3.8926000e-01   4.7699000e-01
   1.7900000e+03   5.2945000e-01   4.8159000e-01   3.8977000e-01   4.7726000e-01
   1.7950000e+03   5.3026000e-01   4.8213000e-01   3.8965000e-01   4.7740000e-01
   1.8000000e+03   5.2975000e-01   4.8226000e-01   3.8832000e-01   4.7752000e-01
   1.8050000e+03   5.3054000e-01   4.8201000e-01   3.8884000e-01   4.7767000e-01
   1.8100000e+03   5.3098000e-01   4.8248000e-01   3.8947000e-01   4.7779000e-01
   1.8150000e+03   5.3149000e-01   4.8222000e-01   3.8921000e-01   4.7712000e-01
   1.8200000e+03   5.3102000e-01   4.8274000e-01   3.8908000e-01   4.7633000e-01
   1.8250000e+03   5.3163000e-01   4.8300000e-01   3.8854000e-01   4.7716000e-01
   1.8300000e+03   5.3156000e-01   4.8308000e-01   3.8871000e-01   4.7712000e-01
   1.8350000e+03   5.3247000e-01   4.8278000e-01   3.8916000e-01   4.7781000e-01
   1.8400000e+03   5.3238000e-01   4.8270000e-01   3.8935000e-01   4.7780000e-01
   1.8450000e+03   5.3315000e-01   4.8252000e-01   3.8960000e-01   4.7818000e-01
   1.8500000e+03   5.3219000e-01   4.8197000e-01   3.9062000e-01   4.7859000e-01
   1.8550000e+03   5.3297000e-01   4.8210000e-01   3.9063000e-01   4.7924000e-01
   1.8600000e+03   5.3269000e-01   4.8319000e-01   3.8974000e-01   4.7837000e-01
   1.8650000e+03   5.3391000e-01   4.8297000e-01   3.9068000e-01   4.7906000e-01
   1.8700000e+03   5.3462000e-01   4.8265000e-01   3.9172000e-01   4.8002000e-01
   1.8750000e+03   5.3381000e-01   4.8306000e-01   3.9146000e-01   4.8009000e-01
   1.8800000e+03   5.3445000e-01   4.8308000e-01   3.9150000e-01   4.7986000e-01
   1.8850000e+03   5.3407000e-01   4.8222000e-01   3.9275000e-01   4.8110000e-01
   1.8900000e+03   5.3429000e-01   4.8351000e-01   3.9141000e-01   4.8051000e-01
   1.8950000e+03   5.3464000e-01   4.8438000e-01   3.9053000e-01   4.7984000e-01
   1.9000000e+03   5.3573000e-01   4.8431000e-01   3.9099000e-01   4.8047000e-01
   1.9050000e+03   5.3492000e-01   4.8436000e-01   3.9132000e-01   4.8074000e-01
   1.9100000e+03   5.3460000e-01   4.8459000e-01   3.9103000e-01   4.8054000e-01
   1.9150000e+03   5.3457000e-01   4.8403000e-01   3.9224000e-01   4.8141000e-01
   1.9200000e+03   5.3478000e-01   4.8464000e-01   3.9262000e-01   4.8068000e-01
   1.9250000e+03   5.3474000e-01   4.8371000e-01   3.9419000e-01   4.8269000e-01
   1.9300000e+03   5.3574000e-01   4.8482000e-01   3.9245000e-01   4.8254000e-01
   1.9350000e+03   5.3540000e-01   4.8482000e-01   3.9260000e-01   4.8207000e-01
   1.9400000e+03   5.3582000e-01   4.8535000e-01   3.9270000e-01   4.8210000e-01
   1.9450000e+03   5.3661000e-01   4.8611000e-01   3.9298000e-01   4.8282000e-01
   1.9500000e+03   5.3637000e-01   4.8594000e-01   3.9302000e-01   4.8287000e-01
   1.9550000e+03   5.3684000e-01   4.8724000e-01   3.9347000e-01   4.8294000e-01
   1.9600000e+03   5.3756000e-01   4.8677000e-01   3.9283000e-01   4.8357000e-01
   1.9650000e+03   5.3768000e-01   4.8687000e-01   3.9353000e-01   4.8318000e-01
   1.9700000e+03   5.3838000e-01   4.8768000e-01   3.9374000e-01   4.8328000e-01
   1.9750000e+03   5.3858000e-01   4.8699000e-01   3.9481000e-01   4.8417000e-01
   1.9800000e+03   5.3909000e-01   4.8821000e-01   3.9464000e-01   4.8467000e-01
   1.9850000e+03   5.3981000e-01   4.8858000e-01   3.9553000e-01   4.8559000e-01
   1.9900000e+03   5.3978000e-01   4.8927000e-01   3.9542000e-01   4.8535000e-01
   1.9950000e+03   5.3999000e-01   4.8889000e-01   3.9645000e-01   4.8527000e-01
   2.0000000e+03   5.4089000e-01   4.8977000e-01   3.9628000e-01   4.8593000e-01
   2.0050000e+03   5.4193000e-01   4.9032000e-01   3.9772000e-01   4.8550000e-01
   2.0100000e+03   5.4201000e-01   4.9105000e-01   3.9842000e-01   4.8692000e-01
   2.0150000e+03   5.4247000e-01   4.9109000e-01   3.9916000e-01   4.8717000e-01
   2.0200000e+03   5.4243000e-01   4.9100000e-01   3.9942000e-01   4.8812000e-01
   2.0250000e+03   5.4334000e-01   4.9088000e-01   4.0080000e-01   4.8816000e-01
   2.0300000e+03   5.4342000e-01   4.9251000e-01   3.9994000e-01   4.8830000e-01
   2.0350000e+03   5.4360000e-01   4.9112000e-01   4.0084000e-01   4.8791000e-01
   2.0400000e+03   5.4402000e-01   4.9199000e-01   4.0139000e-01   4.9007000e-01
   2.0450000e+03   5.4498000e-01   4.9281000e-01   4.0187000e-01   4.8974000e-01
   2.0500000e+03   5.4452000e-01   4.9253000e-01   4.0256000e-01   4.9015000e-01
   2.0550000e+03   5.4525000e-01   4.9243000e-01   4.0343000e-01   4.9045000e-01
   2.0600000e+03   5.4592000e-01   4.9386000e-01   4.0380000e-01   4.9097000e-01
   2.0650000e+03   5.4622000e-01   4.9343000e-01   4.0415000e-01   4.9150000e-01
   2.0700000e+03   5.4678000e-01   4.9486000e-01   4.0472000e-01   4.9134000e-01
   2.0750000e+03   5.4664000e-01   4.9384000e-01   4.0521000e-01   4.9245000e-01
   2.0800000e+03   5.4695000e-01   4.9463000e-01   4.0611000e-01   4.9296000e-01
   2.0850000e+03   5.4746000e-01   4.9504000e-01   4.0644000e-01   4.9329000e-01
   2.0900000e+03   5.4814000e-01   4.9689000e-01   4.0680000e-01   4.9407000e-01
   2.0950000e+03   5.4890000e-01   4.9594000e-01   4.0813000e-01   4.9456000e-01
   2.1000000e+03   5.4885000e-01   4.9612000e-01   4.0942000e-01   4.9500000e-01
   2.1050000e+03   5.4901000e-01   4.9654000e-01   4.0945000e-01   4.9495000e-01
   2.1100000e+03   5.4994000e-01   4.9705000e-01   4.1130000e-01   4.9655000e-01
   2.1150000e+03   5.4967000e-01   4.9745000e-01   4.1096000e-01   4.9624000e-01
   2.1200000e+03   5.5076000e-01   4.9858000e-01   4.1127000e-01   4.9691000e-01
   2.1250000e+03   5.5082000e-01   4.9860000e-01   4.1196000e-01   4.9719000e-01
   2.1300000e+03   5.5150000e-01   4.9944000e-01   4.1272000e-01   4.9806000e-01
   2.1350000e+03   5.5203000e-01   4.9880000e-01   4.1312000e-01   4.9852000e-01
   2.1400000e+03   5.5143000e-01   4.9943000e-01   4.1399000e-01   4.9885000e-01
   2.1450000e+03   5.5222000e-01   4.9987000e-01   4.1393000e-01   4.9882000e-01
   2.1500000e+03   5.5297000e-01   5.0093000e-01   4.1414000e-01   4.9958000e-01
   2.1550000e+03   5.5220000e-01   5.0165000e-01   4.1417000e-01   5.0022000e-01
   2.1600000e+03   5.5248000e-01   5.0195000e-01   4.1573000e-01   5.0007000e-01
   2.1650000e+03   5.5263000e-01   5.0240000e-01   4.1561000e-01   5.0076000e-01
   2.1700000e+03   5.5277000e-01   5.0240000e-01   4.1582000e-01   5.0077000e-01
   2.1750000e+03   5.5357000e-01   5.0230000e-01   4.1647000e-01   5.0110000e-01
   2.1800000e+03   5.5360000e-01   5.0312000e-01   4.1792000e-01   5.0161000e-01
   2.1850000e+03   5.5404000e-01   5.0349000e-01   4.1836000e-01   5.0216000e-01
   2.1900000e+03   5.5404000e-01   5.0315000e-01   4.1860000e-01   5.0236000e-01
   2.1950000e+03   5.5401000e-01   5.0422000e-01   4.1932000e-01   5.0335000e-01
   2.2000000e+03   5.5477000e-01   5.0486000e-01   4.1976000e-01   5.0352000e-01
   2.2050000e+03   5.5487000e-01   5.0468000e-01   4.2094000e-01   5.0397000e-01
   2.2100000e+03   5.5537000e-01   5.0543000e-01   4.2167000e-01   5.0426000e-01
   2.2150000e+03   5.5616000e-01   5.0557000e-01   4.2280000e-01   5.0457000e-01
   2.2200000e+03   5.5662000e-01   5.0620000e-01   4.2320000e-01   5.0498000e-01
   2.2250000e+03   5.5664000e-01   5.0581000e-01   4.2473000e-01   5.0617000e-01
   2.2300000e+03   5.5726000e-01   5.0624000e-01   4.2444000e-01   5.0678000e-01
   2.2350000e+03   5.5755000e-01   5.0691000e-01   4.2551000e-01   5.0686000e-01
   2.2400000e+03   5.5784000e-01   5.0723000e-01   4.2645000e-01   5.0736000e-01
   2.2450000e+03   5.5831000e-01   5.0741000e-01   4.2743000e-01   5.0746000e-01
   2.2500000e+03   5.5814000e-01   5.0758000e-01   4.2819000e-01   5.0871000e-01
   2.2550000e+03   5.5893000e-01   5.0945000e-01   4.2900000e-01   5.0903000e-01
   2.2600000e+03   5.5926000e-01   5.0969000e-01   4.2993000e-01   5.0980000e-01
   2.2650000e+03   5.5947000e-01   5.0930000e-01   4.3096000e-01   5.1047000e-01
   2.2700000e+03   5.6012000e-01   5.1017000e-01   4.3119000e-01   5.1058000e-01
   2.2750000e+03   5.6097000e-01   5.1073000e-01   4.3231000e-01   5.1196000e-01
   2.2800000e+03   5.6101000e-01   5.1133000e-01   4.3377000e-01   5.1245000e-01
   2.2850000e+03   5.6222000e-01   5.1147000e-01   4.3370000e-01   5.1342000e-01
   2.2900000e+03   5.6288000e-01   5.1239000e-01   4.3483000e-01   5.1351000e-01
   2.2950000e+03   5.6235000e-01   5.1331000e-01   4.3639000e-01   5.1478000e-01
   2.3000000e+03   5.6341000e-01   5.1390000e-01   4.3786000e-01   5.1479000e-01
   2.3050000e+03   5.6442000e-01   5.1414000e-01   4.3872000e-01   5.1564000e-01
   2.3100000e+03   5.6508000e-01   5.1444000e-01   4.3859000e-01   5.1614000e-01
   2.3150000e+03   5.6497000e-01   5.1500000e-01   4.3917000e-01   5.1662000e-01
   2.3200000e+03   5.6482000e-01   5.1520000e-01   4.3921000e-01   5.1706000e-01
   2.3250000e+03   5.6525000e-01   5.1511000e-01   4.4001000e-01   5.1752000e-01
   2.3300000e+03   5.6541000e-01   5.1465000e-01   4.4046000e-01   5.1658000e-01
   2.3350000e+03   5.6576000e-01   5.1567000e-01   4.4118000e-01   5.1767000e-01
   2.3400000e+03   5.6618000e-01   5.1602000e-01   4.4115000e-01   5.1780000e-01
   2.3450000e+03   5.6568000e-01   5.1589000e-01   4.4148000e-01   5.1879000e-01
   2.3500000e+03   5.6690000e-01   5.1576000e-01   4.4273000e-01   5.1834000e-01
   2.3550000e+03   5.6643000e-01   5.1752000e-01   4.4310000e-01   5.1933000e-01
   2.3600000e+03   5.6709000e-01   5.1829000e-01   4.4304000e-01   5.1890000e-01
   2.3650000e+03   5.6609000e-01   5.1836000e-01   4.4352000e-01   5.1976000e-01
   2.3700000e+03   5.6637000e-01   5.1768000e-01   4.4352000e-01   5.1942000e-01
   2.3750000e+03   5.6634000e-01   5.1809000e-01   4.4389000e-01   5.2025000e-01
   2.3800000e+03   5.6728000e-01   5.1868000e-01   4.4535000e-01   5.2048000e-01
   2.3850000e+03   5.6752000e-01   5.2014000e-01   4.4482000e-01   5.2107000e-01
   2.3900000e+03   5.6900000e-01   5.2051000e-01   4.4641000e-01   5.2252000e-01
   2.3950000e+03   5.6899000e-01   5.2177000e-01   4.4608000e-01   5.2173000e-01
   2.4000000e+03   5.6867000e-01   5.2190000e-01   4.4780000e-01   5.2267000e-01
   2.4050000e+03   5.6962000e-01   5.2341000e-01   4.4838000e-01   5.2290000e-01
   2.4100000e+03   5.7013000e-01   5.2335000e-01   4.4910000e-01   5.2364000e-01
   2.4150000e+03   5.6893000e-01   5.2461000e-01   4.4922000e-01   5.2374000e-01
   2.4200000e+03   5.7011000e-01   5.2452000e-01   4.5078000e-01   5.2444000e-01
   2.4250000e+03   5.6996000e-01   5.2485000e-01   4.5142000e-01   5.2587000e-01
   2.4300000e+03   5.7095000e-01   5.2496000e-01   4.5184000e-01   5.2607000e-01
   2.4350000e+03   5.7093000e-01   5.2609000e-01   4.5100000e-01   5.2539000e-01
   2.4400000e+03   5.7046000e-01   5.2561000e-01   4.5233000e-01   5.2667000e-01
   2.4450000e+03   5.7085000e-01   5.2641000e-01   4.5139000e-01   5.2660000e-01
   2.4500000e+03   5.7168000e-01   5.2710000e-01   4.5194000e-01   5.2555000e-01
   2.4550000e+03   5.7165000e-01   5.2816000e-01   4.5364000e-01   5.2646000e-01
   2.4600000e+03   5.7138000e-01   5.2791000e-01   4.5353000e-01   5.2704000e-01
   2.4650000e+03   5.7245000e-01   5.2878000e-01   4.5478000e-01   5.2699000e-01
   2.4700000e+03   5.7238000e-01   5.2987000e-01   4.5257000e-01   5.2739000e-01
   2.4750000e+03   5.7285000e-01   5.2891000e-01   4.5483000e-01   5.2698000e-01
   2.4800000e+03   5.7374000e-01   5.2838000e-01   4.5639000e-01   5.2922000e-01
   2.4850000e+03   5.7380000e-01   5.2980000e-01   4.5704000e-01   5.2915000e-01
   2.4900000e+03   5.7333000e-01   5.3004000e-01   4.5709000e-01   5.2953000e-01
   2.4950000e+03   5.7378000e-01   5.3138000e-01   4.5774000e-01   5.2967000e-01
   2.5000000e+03   5.7489000e-01   5.3175000e-01   4.5814000e-01   5.3051000e-01
   2.5050000e+03   5.7503000e-01   5.3096000e-01   4.5833000e-01   5.2963000e-01
   2.5100000e+03   5.7490000e-01   5.3227000e-01   4.5935000e-01   5.3080000e-01
   2.5150000e+03   5.7629000e-01   5.3261000e-01   4.5924000e-01   5.3093000e-01
   2.5200000e+03   5.7525000e-01   5.3376000e-01   4.5908000e-01   5.3132000e-01
   2.5250000e+03   5.7723000e-01   5.3464000e-01   4.5939000e-01   5.3149000e-01
   2.5300000e+03   5.7933000e-01   5.3497000e-01   4.6057000e-01   5.3286000e-01
   2.5350000e+03   5.7835000e-01   5.3657000e-01   4.5987000e-01   5.3269000e-01
   2.5400000e+03   5.8034000e-01   5.3752000e-01   4.6028000e-01   5.3341000e-01
   2.5450000e+03   5.8086000e-01   5.3659000e-01   4.6312000e-01   5.3533000e-01
   2.5500000e+03   5.8163000e-01   5.3881000e-01   4.6045000e-01   5.3522000e-01
   2.5550000e+03   5.7979000e-01   5.3848000e-01   4.6259000e-01   5.3444000e-01
   2.5600000e+03   5.8354000e-01   5.3779000e-01   4.6497000e-01   5.3653000e-01
   2.5650000e+03   5.7875000e-01   5.3799000e-01   4.6573000e-01   5.3683000e-01
   2.5700000e+03   5.8271000e-01   5.3866000e-01   4.6512000e-01   5.3688000e-01
   2.5750000e+03   5.8218000e-01   5.3817000e-01   4.6681000e-01   5.3677000e-01
   2.5800000e+03   5.8365000e-01   5.3810000e-01   4.6821000e-01   5.3982000e-01
   2.5850000e+03   5.8499000e-01   5.4176000e-01   4.6771000e-01   5.4106000e-01
   2.5900000e+03   5.8567000e-01   5.4009000e-01   4.7021000e-01   5.4184000e-01
   2.5950000e+03   5.8486000e-01   5.3907000e-01   4.7257000e-01   5.4467000e-01
   2.6000000e+03   5.8560000e-01   5.4128000e-01   4.7249000e-01   5.4427000e-01
