   3.0000000e+02   9.2841000e-02   8.0273000e-02   7.5321000e-02   8.0470000e-02
   3.0500000e+02   9.3910000e-02   8.2773000e-02   7.6202000e-02   8.1505000e-02
   3.1000000e+02   9.5422000e-02   8.2695000e-02   7.8402000e-02   8.3439000e-02
   3.1500000e+02   9.7198000e-02   8.5649000e-02   7.9905000e-02   8.4241000e-02
   3.2000000e+02   9.8595000e-02   8.6475000e-02   8.1652000e-02   8.5435000e-02
   3.2500000e+02   9.9891000e-02   8.8331000e-02   8.2964000e-02   8.5982000e-02
   3.3000000e+02   1.0091000e-01   8.8747000e-02   8.3915000e-02   8.7425000e-02
   3.3500000e+02   1.0243000e-01   9.0201000e-02   8.5032000e-02   8.7694000e-02
   3.4000000e+02   1.0470000e-01   9.1819000e-02   8.6196000e-02   8.9099000e-02
   3.4500000e+02   1.0533000e-01   9.2982000e-02   8.7350000e-02   9.0794000e-02
   3.5000000e+02   1.0682000e-01   9.4117000e-02   8.8643000e-02   9.1184000e-02
   3.5500000e+02   1.0904000e-01   9.5364000e-02   9.0032000e-02   9.2593000e-02
   3.6000000e+02   1.1122000e-01   9.7705000e-02   9.1285000e-02   9.4296000e-02
   3.6500000e+02   1.1313000e-01   9.8996000e-02   9.2602000e-02   9.5966000e-02
   3.7000000e+02   1.1444000e-01   1.0062000e-01   9.3881000e-02   9.7761000e-02
   3.7500000e+02   1.1682000e-01   1.0202000e-01   9.5226000e-02   9.8839000e-02
   3.8000000e+02   1.1881000e-01   1.0354000e-01   9.6527000e-02   1.0084000e-01
   3.8500000e+02   1.2089000e-01   1.0533000e-01   9.7837000e-02   1.0217000e-01
   3.9000000e+02   1.2272000e-01   1.0669000e-01   9.9128000e-02   1.0427000e-01
   3.9500000e+02   1.2417000e-01   1.0855000e-01   1.0034000e-01   1.0660000e-01
   4.0000000e+02   1.2765000e-01   1.1096000e-01   1.0140000e-01   1.0685000e-01
   4.0500000e+02   1.2926000e-01   1.1224000e-01   1.0242000e-01   1.0825000e-01
   4.1000000e+02   1.3147000e-01   1.1385000e-01   1.0337000e-01   1.0941000e-01
   4.1500000e+02   1.3330000e-01   1.1561000e-01   1.0427000e-01   1.1101000e-01
   4.2000000e+02   1.3521000e-01   1.1689000e-01   1.0518000e-01   1.1252000e-01
   4.2500000e+02   1.3737000e-01   1.1849000e-01   1.0622000e-01   1.1381000e-01
   4.3000000e+02   1.3925000e-01   1.1981000e-01   1.0720000e-01   1.1552000e-01
   4.3500000e+02   1.4157000e-01   1.2148000e-01   1.0806000e-01   1.1681000e-01
   4.4000000e+02   1.4311000e-01   1.2275000e-01   1.0898000e-01   1.1845000e-01
   4.4500000e+02   1.4530000e-01   1.2430000e-01   1.0979000e-01   1.1946000e-01
   4.5000000e+02   1.4683000e-01   1.2553000e-01   1.1057000e-01   1.2101000e-01
   4.5500000e+02   1.4916000e-01   1.2713000e-01   1.1136000e-01   1.2230000e-01
   4.6000000e+02   1.5060000e-01   1.2836000e-01   1.1215000e-01   1.2371000e-01
   4.6500000e+02   1.5268000e-01   1.2991000e-01   1.1290000e-01   1.2510000e-01
   4.7000000e+02   1.5440000e-01   1.3121000e-01   1.1381000e-01   1.2653000e-01
   4.7500000e+02   1.5637000e-01   1.3267000e-01   1.1470000e-01   1.2777000e-01
   4.8000000e+02   1.5810000e-01   1.3405000e-01   1.1556000e-01   1.2901000e-01
   4.8500000e+02   1.5985000e-01   1.3527000e-01   1.1630000e-01   1.3035000e-01
   4.9000000e+02   1.6182000e-01   1.3691000e-01   1.1699000e-01   1.3146000e-01
   4.9500000e+02   1.6334000e-01   1.3812000e-01   1.1761000e-01   1.3285000e-01
   5.0000000e+02   1.6541000e-01   1.3974000e-01   1.1801000e-01   1.3397000e-01
   5.0500000e+02   1.6694000e-01   1.4078000e-01   1.1853000e-01   1.3528000e-01
   5.1000000e+02   1.6897000e-01   1.4251000e-01   1.1918000e-01   1.3639000e-01
   5.1500000e+02   1.7085000e-01   1.4410000e-01   1.1987000e-01   1.3759000e-01
   5.2000000e+02   1.7248000e-01   1.4527000e-01   1.2070000e-01   1.3893000e-01
   5.2500000e+02   1.7470000e-01   1.4678000e-01   1.2156000e-01   1.3998000e-01
   5.3000000e+02   1.7596000e-01   1.4810000e-01   1.2237000e-01   1.4160000e-01
   5.3500000e+02   1.7810000e-01   1.4957000e-01   1.2324000e-01   1.4265000e-01
   5.4000000e+02   1.7935000e-01   1.5071000e-01   1.2408000e-01   1.4407000e-01
   5.4500000e+02   1.8137000e-01   1.5203000e-01   1.2483000e-01   1.4540000e-01
   5.5000000e+02   1.8242000e-01   1.5296000e-01   1.2577000e-01   1.4649000e-01
   5.5500000e+02   1.8416000e-01   1.5449000e-01   1.2651000e-01   1.4752000e-01
   5.6000000e+02   1.8584000e-01   1.5569000e-01   1.2709000e-01   1.4872000e-01
   5.6500000e+02   1.8734000e-01   1.5699000e-01   1.2771000e-01   1.4966000e-01
   5.7000000e+02   1.8907000e-01   1.5819000e-01   1.2839000e-01   1.5065000e-01
   5.7500000e+02   1.9062000e-01   1.5936000e-01   1.2902000e-01   1.5174000e-01
   5.8000000e+02   1.9241000e-01   1.6060000e-01   1.2984000e-01   1.5266000e-01
   5.8500000e+02   1.9364000e-01   1.6166000e-01   1.3077000e-01   1.5404000e-01
   5.9000000e+02   1.9538000e-01   1.6287000e-01   1.3164000e-01   1.5483000e-01
   5.9500000e+02   1.9686000e-01   1.6407000e-01   1.3250000e-01   1.5645000e-01
   6.0000000e+02   1.9863000e-01   1.6511000e-01   1.3343000e-01   1.5709000e-01
   6.0500000e+02   2.0031000e-01   1.6643000e-01   1.3428000e-01   1.5832000e-01
   6.1000000e+02   2.0145000e-01   1.6768000e-01   1.3507000e-01   1.5965000e-01
   6.1500000e+02   2.0298000e-01   1.6873000e-01   1.3592000e-01   1.6055000e-01
   6.2000000e+02   2.0428000e-01   1.6950000e-01   1.3664000e-01   1.6196000e-01
   6.2500000e+02   2.0597000e-01   1.7084000e-01   1.3706000e-01   1.6283000e-01
   6.3000000e+02   2.0661000e-01   1.7152000e-01   1.3754000e-01   1.6400000e-01
   6.3500000e+02   2.0835000e-01   1.7252000e-01   1.3805000e-01   1.6505000e-01
   6.4000000e+02   2.0924000e-01   1.7333000e-01   1.3854000e-01   1.6635000e-01
   6.4500000e+02   2.1090000e-01   1.7462000e-01   1.3898000e-01   1.6736000e-01
   6.5000000e+02   2.1197000e-01   1.7536000e-01   1.3956000e-01   1.6844000e-01
   6.5500000e+02   2.1354000e-01   1.7657000e-01   1.4011000e-01   1.6926000e-01
   6.6000000e+02   2.1473000e-01   1.7759000e-01   1.4070000e-01   1.7002000e-01
   6.6500000e+02   2.1594000e-01   1.7850000e-01   1.4119000e-01   1.7089000e-01
   6.7000000e+02   2.1736000e-01   1.7961000e-01   1.4173000e-01   1.7151000e-01
   6.7500000e+02   2.1856000e-01   1.8057000e-01   1.4218000e-01   1.7260000e-01
   6.8000000e+02   2.2020000e-01   1.8169000e-01   1.4251000e-01   1.7322000e-01
   6.8500000e+02   2.2101000e-01   1.8253000e-01   1.4278000e-01   1.7446000e-01
   6.9000000e+02   2.2288000e-01   1.8389000e-01   1.4289000e-01   1.7508000e-01
   6.9500000e+02   2.2392000e-01   1.8464000e-01   1.4326000e-01   1.7626000e-01
   7.0000000e+02   2.2517000e-01   1.8600000e-01   1.4380000e-01   1.7702000e-01
   7.0500000e+02   2.2646000e-01   1.8687000e-01   1.4434000e-01   1.7767000e-01
   7.1000000e+02   2.2721000e-01   1.8781000e-01   1.4485000e-01   1.7868000e-01
   7.1500000e+02   2.2891000e-01   1.8916000e-01   1.4569000e-01   1.7947000e-01
   7.2000000e+02   2.2990000e-01   1.8999000e-01   1.4622000e-01   1.8071000e-01
   7.2500000e+02   2.3040000e-01   1.9023000e-01   1.4677000e-01   1.8155000e-01
   7.3000000e+02   2.3149000e-01   1.9118000e-01   1.4727000e-01   1.8257000e-01
   7.3500000e+02   2.3302000e-01   1.9216000e-01   1.4789000e-01   1.8329000e-01
   7.4000000e+02   2.3395000e-01   1.9303000e-01   1.4832000e-01   1.8417000e-01
   7.4500000e+02   2.3505000e-01   1.9413000e-01   1.4887000e-01   1.8522000e-01
   7.5000000e+02   2.3668000e-01   1.9519000e-01   1.4924000e-01   1.8582000e-01
   7.5500000e+02   2.3726000e-01   1.9599000e-01   1.4972000e-01   1.8712000e-01
   7.6000000e+02   2.3889000e-01   1.9689000e-01   1.5015000e-01   1.8763000e-01
   7.6500000e+02   2.3980000e-01   1.9782000e-01   1.5064000e-01   1.8868000e-01
   7.7000000e+02   2.4140000e-01   1.9885000e-01   1.5105000e-01   1.8907000e-01
   7.7500000e+02   2.4206000e-01   1.9936000e-01   1.5151000e-01   1.9022000e-01
   7.8000000e+02   2.4332000e-01   2.0013000e-01   1.5188000e-01   1.9082000e-01
   7.8500000e+02   2.4466000e-01   2.0102000e-01   1.5226000e-01   1.9168000e-01
   7.9000000e+02   2.4549000e-01   2.0158000e-01   1.5264000e-01   1.9276000e-01
   7.9500000e+02   2.4715000e-01   2.0231000e-01   1.5305000e-01   1.9294000e-01
   8.0000000e+02   2.4774000e-01   2.0279000e-01   1.5351000e-01   1.9386000e-01
   8.0500000e+02   2.4909000e-01   2.0345000e-01   1.5415000e-01   1.9463000e-01
   8.1000000e+02   2.5029000e-01   2.0413000e-01   1.5474000e-01   1.9518000e-01
   8.1500000e+02   2.5064000e-01   2.0432000e-01   1.5528000e-01   1.9595000e-01
   8.2000000e+02   2.5234000e-01   2.0525000e-01   1.5555000e-01   1.9597000e-01
   8.2500000e+02   2.5287000e-01   2.0566000e-01   1.5587000e-01   1.9724000e-01
   8.3000000e+02   2.5449000e-01   2.0636000e-01   1.5587000e-01   1.9723000e-01
   8.3500000e+02   2.5488000e-01   2.0692000e-01   1.5607000e-01   1.9805000e-01
   8.4000000e+02   2.5626000e-01   2.0775000e-01   1.5626000e-01   1.9818000e-01
   8.4500000e+02   2.5706000e-01   2.0786000e-01   1.5667000e-01   1.9868000e-01
   8.5000000e+02   2.5766000e-01   2.0824000e-01   1.5707000e-01   1.9938000e-01
   8.5500000e+02   2.5821000e-01   2.0892000e-01   1.5779000e-01   2.0004000e-01
   8.6000000e+02   2.5918000e-01   2.0905000e-01   1.5791000e-01   2.0033000e-01
   8.6500000e+02   2.5982000e-01   2.0960000e-01   1.5826000e-01   2.0132000e-01
   8.7000000e+02   2.6075000e-01   2.0986000e-01   1.5819000e-01   2.0180000e-01
   8.7500000e+02   2.6109000e-01   2.0970000e-01   1.5791000e-01   2.0169000e-01
   8.8000000e+02   2.6211000e-01   2.1013000e-01   1.5844000e-01   2.0143000e-01
   8.8500000e+02   2.6254000e-01   2.1052000e-01   1.5816000e-01   2.0272000e-01
   8.9000000e+02   2.6357000e-01   2.1070000e-01   1.5873000e-01   2.0219000e-01
   8.9500000e+02   2.6411000e-01   2.1107000e-01   1.5905000e-01   2.0355000e-01
   9.0000000e+02   2.6527000e-01   2.1145000e-01   1.5901000e-01   2.0367000e-01
   9.0500000e+02   2.6625000e-01   2.1210000e-01   1.6017000e-01   2.0393000e-01
   9.1000000e+02   2.6647000e-01   2.1254000e-01   1.6002000e-01   2.0456000e-01
   9.1500000e+02   2.6748000e-01   2.1258000e-01   1.6021000e-01   2.0488000e-01
   9.2000000e+02   2.6792000e-01   2.1324000e-01   1.6090000e-01   2.0551000e-01
   9.2500000e+02   2.6847000e-01   2.1321000e-01   1.6134000e-01   2.0657000e-01
   9.3000000e+02   2.6942000e-01   2.1407000e-01   1.6120000e-01   2.0658000e-01
   9.3500000e+02   2.7017000e-01   2.1425000e-01   1.6222000e-01   2.0732000e-01
   9.4000000e+02   2.7128000e-01   2.1561000e-01   1.6234000e-01   2.0767000e-01
   9.4500000e+02   2.7210000e-01   2.1599000e-01   1.6222000e-01   2.0884000e-01
   9.5000000e+02   2.7263000e-01   2.1636000e-01   1.6280000e-01   2.0957000e-01
   9.5500000e+02   2.7402000e-01   2.1670000e-01   1.6373000e-01   2.0975000e-01
   9.6000000e+02   2.7410000e-01   2.1763000e-01   1.6394000e-01   2.1056000e-01
   9.6500000e+02   2.7561000e-01   2.1864000e-01   1.6490000e-01   2.1132000e-01
   9.7000000e+02   2.7635000e-01   2.1912000e-01   1.6534000e-01   2.1240000e-01
   9.7500000e+02   2.7734000e-01   2.2038000e-01   1.6554000e-01   2.1281000e-01
   9.8000000e+02   2.7810000e-01   2.2068000e-01   1.6600000e-01   2.1349000e-01
   9.8500000e+02   2.7921000e-01   2.2178000e-01   1.6641000e-01   2.1482000e-01
   9.9000000e+02   2.7995000e-01   2.2248000e-01   1.6643000e-01   2.1584000e-01
   9.9500000e+02   2.8098000e-01   2.2329000e-01   1.6809000e-01   2.1619000e-01
   1.0000000e+03   2.8155000e-01   2.2379000e-01   1.6801000e-01   2.1690000e-01
   1.0050000e+03   2.8306000e-01   2.2482000e-01   1.6958000e-01   2.1774000e-01
   1.0100000e+03   2.8342000e-01   2.2569000e-01   1.6928000e-01   2.1919000e-01
   1.0150000e+03   2.8479000e-01   2.2705000e-01   1.7003000e-01   2.1935000e-01
   1.0200000e+03   2.8495000e-01   2.2740000e-01   1.7055000e-01   2.2024000e-01
   1.0250000e+03   2.8634000e-01   2.2837000e-01   1.7112000e-01   2.2099000e-01
   1.0300000e+03   2.8723000e-01   2.2939000e-01   1.7156000e-01   2.2190000e-01
   1.0350000e+03   2.8848000e-01   2.3068000e-01   1.7259000e-01   2.2291000e-01
   1.0400000e+03   2.8915000e-01   2.3114000e-01   1.7276000e-01   2.2347000e-01
   1.0450000e+03   2.8922000e-01   2.3188000e-01   1.7373000e-01   2.2434000e-01
   1.0500000e+03   2.9099000e-01   2.3380000e-01   1.7427000e-01   2.2532000e-01
   1.0550000e+03   2.9207000e-01   2.3446000e-01   1.7434000e-01   2.2623000e-01
   1.0600000e+03   2.9316000e-01   2.3517000e-01   1.7526000e-01   2.2738000e-01
   1.0650000e+03   2.9383000e-01   2.3635000e-01   1.7625000e-01   2.2827000e-01
   1.0700000e+03   2.9449000e-01   2.3709000e-01   1.7661000e-01   2.2868000e-01
   1.0750000e+03   2.9570000e-01   2.3789000e-01   1.7822000e-01   2.2964000e-01
   1.0800000e+03   2.9744000e-01   2.3903000e-01   1.7868000e-01   2.3037000e-01
   1.0850000e+03   2.9801000e-01   2.4012000e-01   1.7963000e-01   2.3137000e-01
   1.0900000e+03   2.9897000e-01   2.4088000e-01   1.8073000e-01   2.3214000e-01
   1.0950000e+03   2.9971000e-01   2.4184000e-01   1.8160000e-01   2.3273000e-01
   1.1000000e+03   3.0124000e-01   2.4295000e-01   1.8224000e-01   2.3358000e-01
   1.1050000e+03   3.0199000e-01   2.4384000e-01   1.8354000e-01   2.3452000e-01
   1.1100000e+03   3.0304000e-01   2.4508000e-01   1.8373000e-01   2.3512000e-01
   1.1150000e+03   3.0402000e-01   2.4598000e-01   1.8420000e-01   2.3660000e-01
   1.1200000e+03   3.0494000e-01   2.4708000e-01   1.8533000e-01   2.3737000e-01
   1.1250000e+03   3.0598000e-01   2.4828000e-01   1.8658000e-01   2.3766000e-01
   1.1300000e+03   3.0727000e-01   2.4951000e-01   1.8724000e-01   2.3833000e-01
   1.1350000e+03   3.0734000e-01   2.4998000e-01   1.8802000e-01   2.4008000e-01
   1.1400000e+03   3.0885000e-01   2.5090000e-01   1.8886000e-01   2.4025000e-01
   1.1450000e+03   3.0967000e-01   2.5174000e-01   1.8961000e-01   2.4071000e-01
   1.1500000e+03   3.1085000e-01   2.5314000e-01   1.8940000e-01   2.4152000e-01
   1.1550000e+03   3.1184000e-01   2.5392000e-01   1.9014000e-01   2.4293000e-01
   1.1600000e+03   3.1287000e-01   2.5525000e-01   1.9076000e-01   2.4363000e-01
   1.1650000e+03   3.1316000e-01   2.5583000e-01   1.9117000e-01   2.4461000e-01
   1.1700000e+03   3.1447000e-01   2.5708000e-01   1.9205000e-01   2.4497000e-01
   1.1750000e+03   3.1542000e-01   2.5725000e-01   1.9244000e-01   2.4595000e-01
   1.1800000e+03   3.1632000e-01   2.5850000e-01   1.9327000e-01   2.4709000e-01
   1.1850000e+03   3.1719000e-01   2.5894000e-01   1.9469000e-01   2.4743000e-01
   1.1900000e+03   3.1812000e-01   2.6031000e-01   1.9511000e-01   2.4772000e-01
   1.1950000e+03   3.1889000e-01   2.6092000e-01   1.9525000e-01   2.4859000e-01
   1.2000000e+03   3.2004000e-01   2.6137000e-01   1.9616000e-01   2.4951000e-01
   1.2050000e+03   3.2049000e-01   2.6229000e-01   1.9666000e-01   2.5047000e-01
   1.2100000e+03   3.2056000e-01   2.6217000e-01   1.9735000e-01   2.5141000e-01
   1.2150000e+03   3.2236000e-01   2.6400000e-01   1.9777000e-01   2.5125000e-01
   1.2200000e+03   3.2302000e-01   2.6482000e-01   1.9836000e-01   2.5203000e-01
   1.2250000e+03   3.2376000e-01   2.6575000e-01   1.9895000e-01   2.5308000e-01
   1.2300000e+03   3.2438000e-01   2.6637000e-01   1.9956000e-01   2.5385000e-01
   1.2350000e+03   3.2532000e-01   2.6699000e-01   1.9973000e-01   2.5433000e-01
   1.2400000e+03   3.2540000e-01   2.6762000e-01   2.0013000e-01   2.5503000e-01
   1.2450000e+03   3.2671000e-01   2.6855000e-01   2.0061000e-01   2.5575000e-01
   1.2500000e+03   3.2773000e-01   2.6977000e-01   2.0087000e-01   2.5694000e-01
   1.2550000e+03   3.2912000e-01   2.6989000e-01   2.0151000e-01   2.5656000e-01
   1.2600000e+03   3.2936000e-01   2.7110000e-01   2.0232000e-01   2.5784000e-01
   1.2650000e+03   3.3061000e-01   2.7188000e-01   2.0298000e-01   2.5860000e-01
   1.2700000e+03   3.3114000e-01   2.7269000e-01   2.0345000e-01   2.6006000e-01
   1.2750000e+03   3.3235000e-01   2.7363000e-01   2.0367000e-01   2.5975000e-01
   1.2800000e+03   3.3326000e-01   2.7417000e-01   2.0420000e-01   2.6033000e-01
   1.2850000e+03   3.3386000e-01   2.7537000e-01   2.0564000e-01   2.6159000e-01
   1.2900000e+03   3.3505000e-01   2.7644000e-01   2.0645000e-01   2.6264000e-01
   1.2950000e+03   3.3573000e-01   2.7752000e-01   2.0757000e-01   2.6310000e-01
   1.3000000e+03   3.3721000e-01   2.7873000e-01   2.0827000e-01   2.6336000e-01
   1.3050000e+03   3.3814000e-01   2.7991000e-01   2.0886000e-01   2.6535000e-01
   1.3100000e+03   3.3882000e-01   2.8015000e-01   2.0957000e-01   2.6523000e-01
   1.3150000e+03   3.3917000e-01   2.8110000e-01   2.1054000e-01   2.6620000e-01
   1.3200000e+03   3.4130000e-01   2.8291000e-01   2.1096000e-01   2.6646000e-01
   1.3250000e+03   3.4149000e-01   2.8392000e-01   2.1167000e-01   2.6827000e-01
   1.3300000e+03   3.4279000e-01   2.8391000e-01   2.1244000e-01   2.6858000e-01
   1.3350000e+03   3.4396000e-01   2.8575000e-01   2.1348000e-01   2.6971000e-01
   1.3400000e+03   3.4561000e-01   2.8639000e-01   2.1365000e-01   2.6987000e-01
   1.3450000e+03   3.4541000e-01   2.8707000e-01   2.1479000e-01   2.7171000e-01
   1.3500000e+03   3.4588000e-01   2.8756000e-01   2.1527000e-01   2.7140000e-01
   1.3550000e+03   3.4683000e-01   2.8874000e-01   2.1554000e-01   2.7220000e-01
   1.3600000e+03   3.4780000e-01   2.8967000e-01   2.1656000e-01   2.7300000e-01
   1.3650000e+03   3.4902000e-01   2.9090000e-01   2.1732000e-01   2.7345000e-01
   1.3700000e+03   3.4973000e-01   2.9154000e-01   2.1759000e-01   2.7445000e-01
   1.3750000e+03   3.5143000e-01   2.9338000e-01   2.1860000e-01   2.7530000e-01
   1.3800000e+03   3.5207000e-01   2.9423000e-01   2.1865000e-01   2.7615000e-01
   1.3850000e+03   3.5281000e-01   2.9492000e-01   2.2112000e-01   2.7677000e-01
   1.3900000e+03   3.5287000e-01   2.9493000e-01   2.2219000e-01   2.7759000e-01
   1.3950000e+03   3.5374000e-01   2.9579000e-01   2.2178000e-01   2.7754000e-01
   1.4000000e+03   3.5373000e-01   2.9579000e-01   2.2284000e-01   2.7865000e-01
   1.4050000e+03   3.5434000e-01   2.9618000e-01   2.2335000e-01   2.7893000e-01
   1.4100000e+03   3.5526000e-01   2.9727000e-01   2.2435000e-01   2.8037000e-01
   1.4150000e+03   3.5660000e-01   2.9858000e-01   2.2507000e-01   2.7998000e-01
   1.4200000e+03   3.5770000e-01   2.9930000e-01   2.2589000e-01   2.8140000e-01
   1.4250000e+03   3.5883000e-01   3.0036000e-01   2.2629000e-01   2.8214000e-01
   1.4300000e+03   3.5980000e-01   3.0194000e-01   2.2704000e-01   2.8351000e-01
   1.4350000e+03   3.6053000e-01   3.0317000e-01   2.2788000e-01   2.8371000e-01
   1.4400000e+03   3.6106000e-01   3.0336000e-01   2.2855000e-01   2.8418000e-01
   1.4450000e+03   3.6135000e-01   3.0378000e-01   2.2922000e-01   2.8564000e-01
   1.4500000e+03   3.6258000e-01   3.0447000e-01   2.2994000e-01   2.8572000e-01
   1.4550000e+03   3.6257000e-01   3.0536000e-01   2.3091000e-01   2.8653000e-01
   1.4600000e+03   3.6456000e-01   3.0707000e-01   2.3161000e-01   2.8712000e-01
   1.4650000e+03   3.6524000e-01   3.0747000e-01   2.3308000e-01   2.8827000e-01
   1.4700000e+03   3.6640000e-01   3.0822000e-01   2.3371000e-01   2.8858000e-01
   1.4750000e+03   3.6699000e-01   3.0938000e-01   2.3457000e-01   2.8943000e-01
   1.4800000e+03   3.6836000e-01   3.1017000e-01   2.3529000e-01   2.8957000e-01
   1.4850000e+03   3.6808000e-01   3.1087000e-01   2.3602000e-01   2.9143000e-01
   1.4900000e+03   3.6975000e-01   3.1185000e-01   2.3635000e-01   2.9116000e-01
   1.4950000e+03   3.6970000e-01   3.1199000e-01   2.3696000e-01   2.9212000e-01
   1.5000000e+03   3.7099000e-01   3.1293000e-01   2.3742000e-01   2.9252000e-01
   1.5050000e+03   3.7142000e-01   3.1336000e-01   2.3799000e-01   2.9360000e-01
   1.5100000e+03   3.7194000e-01   3.1405000e-01   2.3834000e-01   2.9425000e-01
   1.5150000e+03   3.7330000e-01   3.1526000e-01   2.3901000e-01   2.9407000e-01
   1.5200000e+03   3.7348000e-01   3.1563000e-01   2.3934000e-01   2.9466000e-01
   1.5250000e+03   3.7436000e-01   3.1593000e-01   2.3973000e-01   2.9578000e-01
   1.5300000e+03   3.7435000e-01   3.1713000e-01   2.3990000e-01   2.9664000e-01
   1.5350000e+03   3.7620000e-01   3.1804000e-01   2.4054000e-01   2.9622000e-01
   1.5400000e+03   3.7606000e-01   3.1830000e-01   2.4115000e-01   2.9715000e-01
   1.5450000e+03   3.7698000e-01   3.1932000e-01   2.4202000e-01   2.9812000e-01
   1.5500000e+03   3.7723000e-01   3.1977000e-01   2.4310000e-01   2.9916000e-01
   1.5550000e+03   3.7909000e-01   3.2102000e-01   2.4469000e-01   2.9950000e-01
   1.5600000e+03   3.7794000e-01   3.2119000e-01   2.4536000e-01   2.9994000e-01
   1.5650000e+03   3.7957000e-01   3.2170000e-01   2.4582000e-01   3.0073000e-01
   1.5700000e+03   3.7917000e-01   3.2238000e-01   2.4630000e-01   3.0103000e-01
   1.5750000e+03   3.8038000e-01   3.2303000e-01   2.4613000e-01   3.0140000e-01
   1.5800000e+03   3.8061000e-01   3.2369000e-01   2.4652000e-01   3.0237000e-01
   1.5850000e+03   3.8142000e-01   3.2439000e-01   2.4721000e-01   3.0232000e-01
   1.5900000e+03   3.8253000e-01   3.2478000e-01   2.4769000e-01   3.0273000e-01
   1.5950000e+03   3.8287000e-01   3.2500000e-01   2.4864000e-01   3.0405000e-01
   1.6000000e+03   3.8405000e-01   3.2635000e-01   2.4923000e-01   3.0429000e-01
   1.6050000e+03   3.8434000e-01   3.2712000e-01   2.4989000e-01   3.0600000e-01
   1.6100000e+03   3.8561000e-01   3.2773000e-01   2.5041000e-01   3.0529000e-01
   1.6150000e+03   3.8612000e-01   3.2855000e-01   2.5096000e-01   3.0654000e-01
   1.6200000e+03   3.8696000e-01   3.2919000e-01   2.5084000e-01   3.0626000e-01
   1.6250000e+03   3.8658000e-01   3.2909000e-01   2.5085000e-01   3.0749000e-01
   1.6300000e+03   3.8789000e-01   3.3091000e-01   2.5089000e-01   3.0726000e-01
   1.6350000e+03   3.8786000e-01   3.3097000e-01   2.5105000e-01   3.0787000e-01
   1.6400000e+03   3.8918000e-01   3.3143000e-01   2.5141000e-01   3.0838000e-01
   1.6450000e+03   3.8934000e-01   3.3261000e-01   2.5227000e-01   3.0962000e-01
   1.6500000e+03   3.8924000e-01   3.3253000e-01   2.5335000e-01   3.1056000e-01
   1.6550000e+03   3.9045000e-01   3.3383000e-01   2.5223000e-01   3.1033000e-01
   1.6600000e+03   3.9065000e-01   3.3424000e-01   2.5346000e-01   3.1075000e-01
   1.6650000e+03   3.9160000e-01   3.3351000e-01   2.5381000e-01   3.1244000e-01
   1.6700000e+03   3.9255000e-01   3.3407000e-01   2.5390000e-01   3.1283000e-01
   1.6750000e+03   3.9419000e-01   3.3459000e-01   2.5438000e-01   3.1279000e-01
   1.6800000e+03   3.9500000e-01   3.3516000e-01   2.5473000e-01   3.1312000e-01
   1.6850000e+03   3.9594000e-01   3.3521000e-01   2.5516000e-01   3.1428000e-01
   1.6900000e+03   3.9687000e-01   3.3601000e-01   2.5576000e-01   3.1422000e-01
   1.6950000e+03   3.9681000e-01   3.3636000e-01   2.5669000e-01   3.1443000e-01
   1.7000000e+03   3.9846000e-01   3.3715000e-01   2.5627000e-01   3.1546000e-01
   1.7050000e+03   3.9844000e-01   3.3743000e-01   2.5668000e-01   3.1619000e-01
   1.7100000e+03   3.9933000e-01   3.3791000e-01   2.5656000e-01   3.1653000e-01
   1.7150000e+03   4.0010000e-01   3.3851000e-01   2.5779000e-01   3.1662000e-01
   1.7200000e+03   4.0041000e-01   3.3899000e-01   2.5784000e-01   3.1718000e-01
   1.7250000e+03   4.0101000e-01   3.3986000e-01   2.5866000e-01   3.1749000e-01
   1.7300000e+03   4.0104000e-01   3.4000000e-01   2.5842000e-01   3.1830000e-01
   1.7350000e+03   4.0139000e-01   3.4028000e-01   2.5989000e-01   3.1873000e-01
   1.7400000e+03   4.0094000e-01   3.4030000e-01   2.5911000e-01   3.1938000e-01
   1.7450000e+03   4.0228000e-01   3.4150000e-01   2.6038000e-01   3.1896000e-01
   1.7500000e+03   4.0218000e-01   3.4157000e-01   2.5983000e-01   3.1961000e-01
   1.7550000e+03   4.0330000e-01   3.4255000e-01   2.6102000e-01   3.2013000e-01
   1.7600000e+03   4.0349000e-01   3.4302000e-01   2.6059000e-01   3.2104000e-01
   1.7650000e+03   4.0400000e-01   3.4347000e-01   2.6152000e-01   3.2100000e-01
   1.7700000e+03   4.0482000e-01   3.4407000e-01   2.6230000e-01   3.2134000e-01
   1.7750000e+03   4.0559000e-01   3.4402000e-01   2.6206000e-01   3.2170000e-01
   1.7800000e+03   4.0497000e-01   3.4449000e-01   2.6295000e-01   3.2237000e-01
   1.7850000e+03   4.0573000e-01   3.4526000e-01   2.6301000e-01   3.2261000e-01
   1.7900000e+03   4.0609000e-01   3.4555000e-01   2.6286000e-01   3.2295000e-01
   1.7950000e+03   4.0629000e-01   3.4633000e-01   2.6340000e-01   3.2310000e-01
   1.8000000e+03   4.0609000e-01   3.4754000e-01   2.6346000e-01   3.2373000e-01
   1.8050000e+03   4.0702000e-01   3.4776000e-01   2.6327000e-01   3.2463000e-01
   1.8100000e+03   4.0686000e-01   3.4847000e-01   2.6412000e-01   3.2446000e-01
   1.8150000e+03   4.0763000e-01   3.4862000e-01   2.6490000e-01   3.2477000e-01
   1.8200000e+03   4.0793000e-01   3.4940000e-01   2.6572000e-01   3.2459000e-01
   1.8250000e+03   4.0813000e-01   3.5006000e-01   2.6570000e-01   3.2586000e-01
   1.8300000e+03   4.0870000e-01   3.5058000e-01   2.6607000e-01   3.2623000e-01
   1.8350000e+03   4.1003000e-01   3.5070000e-01   2.6634000e-01   3.2718000e-01
   1.8400000e+03   4.1032000e-01   3.5118000e-01   2.6640000e-01   3.2621000e-01
   1.8450000e+03   4.1105000e-01   3.5132000e-01   2.6669000e-01   3.2825000e-01
   1.8500000e+03   4.1241000e-01   3.5124000e-01   2.6680000e-01   3.2716000e-01
   1.8550000e+03   4.1328000e-01   3.5136000e-01   2.6682000e-01   3.2870000e-01
   1.8600000e+03   4.1180000e-01   3.5274000e-01   2.6735000e-01   3.2836000e-01
   1.8650000e+03   4.1309000e-01   3.5260000e-01   2.6787000e-01   3.2932000e-01
   1.8700000e+03   4.1476000e-01   3.5253000e-01   2.6803000e-01   3.2882000e-01
   1.8750000e+03   4.1472000e-01   3.5314000e-01   2.6849000e-01   3.2941000e-01
   1.8800000e+03   4.1481000e-01   3.5384000e-01   2.6918000e-01   3.3063000e-01
   1.8850000e+03   4.1721000e-01   3.5325000e-01   2.6940000e-01   3.3057000e-01
   1.8900000e+03   4.1617000e-01   3.5484000e-01   2.7023000e-01   3.3066000e-01
   1.8950000e+03   4.1545000e-01   3.5600000e-01   2.7081000e-01   3.3148000e-01
   1.9000000e+03   4.1636000e-01   3.5608000e-01   2.7110000e-01   3.3217000e-01
   1.9050000e+03   4.1671000e-01   3.5632000e-01   2.7147000e-01   3.3181000e-01
   1.9100000e+03   4.1655000e-01   3.5700000e-01   2.7177000e-01   3.3237000e-01
   1.9150000e+03   4.1851000e-01   3.5693000e-01   2.7194000e-01   3.3217000e-01
   1.9200000e+03   4.1888000e-01   3.5844000e-01   2.7233000e-01   3.3329000e-01
   1.9250000e+03   4.1890000e-01   3.5622000e-01   2.7242000e-01   3.3337000e-01
   1.9300000e+03   4.1932000e-01   3.5869000e-01   2.7299000e-01   3.3426000e-01
   1.9350000e+03   4.2016000e-01   3.5896000e-01   2.7445000e-01   3.3443000e-01
   1.9400000e+03   4.1985000e-01   3.5927000e-01   2.7446000e-01   3.3489000e-01
   1.9450000e+03   4.2120000e-01   3.5926000e-01   2.7536000e-01   3.3539000e-01
   1.9500000e+03   4.2051000e-01   3.6023000e-01   2.7548000e-01   3.3558000e-01
   1.9550000e+03   4.2084000e-01   3.6188000e-01   2.7641000e-01   3.3608000e-01
   1.9600000e+03   4.2207000e-01   3.6210000e-01   2.7570000e-01   3.3667000e-01
   1.9650000e+03   4.2237000e-01   3.6229000e-01   2.7553000e-01   3.3716000e-01
   1.9700000e+03   4.2169000e-01   3.6281000e-01   2.7548000e-01   3.3733000e-01
   1.9750000e+03   4.2211000e-01   3.6391000e-01   2.7671000e-01   3.3751000e-01
   1.9800000e+03   4.2225000e-01   3.6435000e-01   2.7751000e-01   3.3847000e-01
   1.9850000e+03   4.2284000e-01   3.6475000e-01   2.7833000e-01   3.3913000e-01
   1.9900000e+03   4.2401000e-01   3.6536000e-01   2.7812000e-01   3.3918000e-01
   1.9950000e+03   4.2529000e-01   3.6616000e-01   2.7834000e-01   3.4027000e-01
   2.0000000e+03   4.2518000e-01   3.6659000e-01   2.7883000e-01   3.3984000e-01
   2.0050000e+03   4.2532000e-01   3.6719000e-01   2.7952000e-01   3.4015000e-01
   2.0100000e+03   4.2626000e-01   3.6812000e-01   2.7987000e-01   3.4148000e-01
   2.0150000e+03   4.2664000e-01   3.6787000e-01   2.8073000e-01   3.4160000e-01
   2.0200000e+03   4.2722000e-01   3.6872000e-01   2.8135000e-01   3.4247000e-01
   2.0250000e+03   4.2793000e-01   3.6919000e-01   2.8161000e-01   3.4259000e-01
   2.0300000e+03   4.2929000e-01   3.7066000e-01   2.8200000e-01   3.4323000e-01
   2.0350000e+03   4.2893000e-01   3.7093000e-01   2.8209000e-01   3.4368000e-01
   2.0400000e+03   4.2978000e-01   3.7151000e-01   2.8269000e-01   3.4422000e-01
   2.0450000e+03   4.2951000e-01   3.7157000e-01   2.8282000e-01   3.4514000e-01
   2.0500000e+03   4.3064000e-01   3.7197000e-01   2.8334000e-01   3.4497000e-01
   2.0550000e+03   4.3086000e-01   3.7219000e-01   2.8396000e-01   3.4497000e-01
   2.0600000e+03   4.3194000e-01   3.7330000e-01   2.8448000e-01   3.4565000e-01
   2.0650000e+03   4.3185000e-01   3.7350000e-01   2.8519000e-01   3.4653000e-01
   2.0700000e+03   4.3262000e-01   3.7431000e-01   2.8607000e-01   3.4697000e-01
   2.0750000e+03   4.3319000e-01   3.7411000e-01   2.8668000e-01   3.4741000e-01
   2.0800000e+03   4.3321000e-01   3.7490000e-01   2.8680000e-01   3.4807000e-01
   2.0850000e+03   4.3398000e-01   3.7577000e-01   2.8740000e-01   3.4784000e-01
   2.0900000e+03   4.3296000e-01   3.7632000e-01   2.8770000e-01   3.4862000e-01
   2.0950000e+03   4.3570000e-01   3.7749000e-01   2.8843000e-01   3.4958000e-01
   2.1000000e+03   4.3637000e-01   3.7765000e-01   2.8969000e-01   3.5030000e-01
   2.1050000e+03   4.3608000e-01   3.7799000e-01   2.9061000e-01   3.5068000e-01
   2.1100000e+03   4.3700000e-01   3.7876000e-01   2.9134000e-01   3.5111000e-01
   2.1150000e+03   4.3761000e-01   3.7980000e-01   2.9159000e-01   3.5186000e-01
   2.1200000e+03   4.3780000e-01   3.7997000e-01   2.9175000e-01   3.5252000e-01
   2.1250000e+03   4.3888000e-01   3.8049000e-01   2.9184000e-01   3.5243000e-01
   2.1300000e+03   4.3826000e-01   3.8128000e-01   2.9236000e-01   3.5309000e-01
   2.1350000e+03   4.3916000e-01   3.8206000e-01   2.9231000e-01   3.5381000e-01
   2.1400000e+03   4.3891000e-01   3.8204000e-01   2.9279000e-01   3.5418000e-01
   2.1450000e+03   4.3994000e-01   3.8293000e-01   2.9491000e-01   3.5469000e-01
   2.1500000e+03   4.3908000e-01   3.8365000e-01   2.9490000e-01   3.5551000e-01
   2.1550000e+03   4.4033000e-01   3.8495000e-01   2.9542000e-01   3.5541000e-01
   2.1600000e+03   4.3988000e-01   3.8494000e-01   2.9627000e-01   3.5572000e-01
   2.1650000e+03   4.4066000e-01   3.8520000e-01   2.9612000e-01   3.5612000e-01
   2.1700000e+03   4.4037000e-01   3.8569000e-01   2.9670000e-01   3.5591000e-01
   2.1750000e+03   4.4099000e-01   3.8662000e-01   2.9725000e-01   3.5647000e-01
   2.1800000e+03   4.4149000e-01   3.8741000e-01   2.9776000e-01   3.5730000e-01
   2.1850000e+03   4.4208000e-01   3.8823000e-01   2.9859000e-01   3.5871000e-01
   2.1900000e+03   4.4240000e-01   3.8876000e-01   2.9910000e-01   3.5886000e-01
   2.1950000e+03   4.4260000e-01   3.8915000e-01   3.0007000e-01   3.5886000e-01
   2.2000000e+03   4.4345000e-01   3.8987000e-01   3.0072000e-01   3.5954000e-01
   2.2050000e+03   4.4327000e-01   3.9047000e-01   3.0145000e-01   3.6084000e-01
   2.2100000e+03   4.4496000e-01   3.9151000e-01   3.0201000e-01   3.6108000e-01
   2.2150000e+03   4.4529000e-01   3.9141000e-01   3.0307000e-01   3.6193000e-01
   2.2200000e+03   4.4607000e-01   3.9243000e-01   3.0363000e-01   3.6194000e-01
   2.2250000e+03   4.4679000e-01   3.9377000e-01   3.0439000e-01   3.6295000e-01
   2.2300000e+03   4.4659000e-01   3.9360000e-01   3.0531000e-01   3.6317000e-01
   2.2350000e+03   4.4708000e-01   3.9415000e-01   3.0603000e-01   3.6380000e-01
   2.2400000e+03   4.4834000e-01   3.9492000e-01   3.0667000e-01   3.6373000e-01
   2.2450000e+03   4.4847000e-01   3.9526000e-01   3.0755000e-01   3.6474000e-01
   2.2500000e+03   4.4995000e-01   3.9624000e-01   3.0818000e-01   3.6515000e-01
   2.2550000e+03   4.4993000e-01   3.9676000e-01   3.0892000e-01   3.6706000e-01
   2.2600000e+03   4.5056000e-01   3.9765000e-01   3.0990000e-01   3.6715000e-01
   2.2650000e+03   4.5055000e-01   3.9820000e-01   3.1064000e-01   3.6796000e-01
   2.2700000e+03   4.5193000e-01   3.9933000e-01   3.1084000e-01   3.6801000e-01
   2.2750000e+03   4.5338000e-01   3.9962000e-01   3.1163000e-01   3.6917000e-01
   2.2800000e+03   4.5276000e-01   4.0069000e-01   3.1221000e-01   3.6985000e-01
   2.2850000e+03   4.5371000e-01   4.0151000e-01   3.1283000e-01   3.7038000e-01
   2.2900000e+03   4.5395000e-01   4.0246000e-01   3.1349000e-01   3.7155000e-01
   2.2950000e+03   4.5579000e-01   4.0360000e-01   3.1457000e-01   3.7230000e-01
   2.3000000e+03   4.5639000e-01   4.0503000e-01   3.1525000e-01   3.7356000e-01
   2.3050000e+03   4.5705000e-01   4.0513000e-01   3.1600000e-01   3.7363000e-01
   2.3100000e+03   4.5665000e-01   4.0482000e-01   3.1652000e-01   3.7429000e-01
   2.3150000e+03   4.5657000e-01   4.0547000e-01   3.1679000e-01   3.7391000e-01
   2.3200000e+03   4.5604000e-01   4.0603000e-01   3.1709000e-01   3.7435000e-01
   2.3250000e+03   4.5658000e-01   4.0583000e-01   3.1758000e-01   3.7431000e-01
   2.3300000e+03   4.5775000e-01   4.0695000e-01   3.1803000e-01   3.7453000e-01
   2.3350000e+03   4.5796000e-01   4.0703000e-01   3.1857000e-01   3.7494000e-01
   2.3400000e+03   4.5825000e-01   4.0751000e-01   3.1935000e-01   3.7591000e-01
   2.3450000e+03   4.5856000e-01   4.0862000e-01   3.2014000e-01   3.7677000e-01
   2.3500000e+03   4.5861000e-01   4.0889000e-01   3.2086000e-01   3.7669000e-01
   2.3550000e+03   4.5879000e-01   4.0865000e-01   3.2167000e-01   3.7727000e-01
   2.3600000e+03   4.5964000e-01   4.0922000e-01   3.2218000e-01   3.7710000e-01
   2.3650000e+03   4.5856000e-01   4.1013000e-01   3.2266000e-01   3.7730000e-01
   2.3700000e+03   4.5967000e-01   4.1093000e-01   3.2281000e-01   3.7725000e-01
   2.3750000e+03   4.5970000e-01   4.1081000e-01   3.2336000e-01   3.7864000e-01
   2.3800000e+03   4.6043000e-01   4.1167000e-01   3.2381000e-01   3.7825000e-01
   2.3850000e+03   4.6105000e-01   4.1171000e-01   3.2489000e-01   3.7948000e-01
   2.3900000e+03   4.6108000e-01   4.1272000e-01   3.2562000e-01   3.7971000e-01
   2.3950000e+03   4.6183000e-01   4.1312000e-01   3.2658000e-01   3.8064000e-01
   2.4000000e+03   4.6226000e-01   4.1464000e-01   3.2730000e-01   3.8121000e-01
   2.4050000e+03   4.6244000e-01   4.1511000e-01   3.2785000e-01   3.8145000e-01
   2.4100000e+03   4.6374000e-01   4.1515000e-01   3.2815000e-01   3.8211000e-01
   2.4150000e+03   4.6389000e-01   4.1573000e-01   3.2902000e-01   3.8234000e-01
   2.4200000e+03   4.6438000e-01   4.1618000e-01   3.2949000e-01   3.8305000e-01
   2.4250000e+03   4.6454000e-01   4.1596000e-01   3.3013000e-01   3.8378000e-01
   2.4300000e+03   4.6510000e-01   4.1674000e-01   3.3105000e-01   3.8383000e-01
   2.4350000e+03   4.6532000e-01   4.1820000e-01   3.3183000e-01   3.8396000e-01
   2.4400000e+03   4.6525000e-01   4.1704000e-01   3.3235000e-01   3.8428000e-01
   2.4450000e+03   4.6524000e-01   4.1919000e-01   3.3309000e-01   3.8486000e-01
   2.4500000e+03   4.6554000e-01   4.1947000e-01   3.3368000e-01   3.8592000e-01
   2.4550000e+03   4.6541000e-01   4.2020000e-01   3.3409000e-01   3.8607000e-01
   2.4600000e+03   4.6530000e-01   4.2083000e-01   3.3451000e-01   3.8612000e-01
   2.4650000e+03   4.6534000e-01   4.2196000e-01   3.3511000e-01   3.8656000e-01
   2.4700000e+03   4.6543000e-01   4.2230000e-01   3.3585000e-01   3.8718000e-01
   2.4750000e+03   4.6529000e-01   4.2228000e-01   3.3661000e-01   3.8685000e-01
   2.4800000e+03   4.6537000e-01   4.2312000e-01   3.3750000e-01   3.8769000e-01
   2.4850000e+03   4.6539000e-01   4.2413000e-01   3.3849000e-01   3.8751000e-01
   2.4900000e+03   4.6566000e-01   4.2462000e-01   3.3926000e-01   3.8830000e-01
   2.4950000e+03   4.6532000e-01   4.2595000e-01   3.4019000e-01   3.8827000e-01
   2.5000000e+03   4.6567000e-01   4.2641000e-01   3.4076000e-01   3.8958000e-01
   2.5050000e+03   4.6519000e-01   4.2765000e-01   3.4111000e-01   3.8953000e-01
   2.5100000e+03   4.6587000e-01   4.2796000e-01   3.4135000e-01   3.9043000e-01
   2.5150000e+03   4.6551000e-01   4.2867000e-01   3.4185000e-01   3.8961000e-01
   2.5200000e+03   4.6572000e-01   4.2938000e-01   3.4218000e-01   3.9042000e-01
   2.5250000e+03   4.6516000e-01   4.3049000e-01   3.4282000e-01   3.9149000e-01
   2.5300000e+03   4.6632000e-01   4.3081000e-01   3.4365000e-01   3.9208000e-01
   2.5350000e+03   4.6492000e-01   4.3282000e-01   3.4455000e-01   3.9175000e-01
   2.5400000e+03   4.6580000e-01   4.3354000e-01   3.4476000e-01   3.9418000e-01
   2.5450000e+03   4.6798000e-01   4.3270000e-01   3.4450000e-01   3.9436000e-01
   2.5500000e+03   4.6657000e-01   4.3506000e-01   3.4568000e-01   3.9600000e-01
   2.5550000e+03   4.6635000e-01   4.3602000e-01   3.4575000e-01   3.9481000e-01
   2.5600000e+03   4.6770000e-01   4.3497000e-01   3.4547000e-01   3.9601000e-01
   2.5650000e+03   4.6900000e-01   4.3588000e-01   3.4652000e-01   3.9412000e-01
   2.5700000e+03   4.6885000e-01   4.3679000e-01   3.4725000e-01   3.9675000e-01
   2.5750000e+03   4.6888000e-01   4.3724000e-01   3.4742000e-01   3.9715000e-01
   2.5800000e+03   4.6820000e-01   4.3594000e-01   3.4741000e-01   3.9898000e-01
   2.5850000e+03   4.6746000e-01   4.4043000e-01   3.4976000e-01   3.9688000e-01
   2.5900000e+03   4.6860000e-01   4.3696000e-01   3.4837000e-01   3.9999000e-01
   2.5950000e+03   4.6860000e-01   4.3437000e-01   3.4771000e-01   3.9761000e-01
   2.6000000e+03   4.6880000e-01   4.3360000e-01   3.4645000e-01   4.0173000e-01
