   3.0000000e+02   9.4906000e-02   7.6148000e-02   7.1147000e-02   8.0940000e-02
   3.0500000e+02   9.8022000e-02   7.8269000e-02   7.3230000e-02   8.3070000e-02
   3.1000000e+02   9.9598000e-02   8.1129000e-02   7.6271000e-02   8.3690000e-02
   3.1500000e+02   1.0005000e-01   8.2784000e-02   7.7697000e-02   8.5876000e-02
   3.2000000e+02   1.0163000e-01   8.3210000e-02   7.8700000e-02   8.5760000e-02
   3.2500000e+02   1.0306000e-01   8.4301000e-02   7.9217000e-02   8.6520000e-02
   3.3000000e+02   1.0389000e-01   8.5375000e-02   8.0461000e-02   8.7600000e-02
   3.3500000e+02   1.0612000e-01   8.5578000e-02   8.0627000e-02   8.8224000e-02
   3.4000000e+02   1.0715000e-01   8.6717000e-02   8.1824000e-02   8.9659000e-02
   3.4500000e+02   1.0808000e-01   8.8718000e-02   8.2894000e-02   9.0350000e-02
   3.5000000e+02   1.1016000e-01   8.9219000e-02   8.3867000e-02   9.1369000e-02
   3.5500000e+02   1.1220000e-01   9.0844000e-02   8.4480000e-02   9.2700000e-02
   3.6000000e+02   1.1463000e-01   9.3202000e-02   8.6108000e-02   9.4943000e-02
   3.6500000e+02   1.1684000e-01   9.5015000e-02   8.7898000e-02   9.7297000e-02
   3.7000000e+02   1.1904000e-01   9.7128000e-02   8.9184000e-02   9.8981000e-02
   3.7500000e+02   1.2121000e-01   9.8076000e-02   9.0688000e-02   1.0042000e-01
   3.8000000e+02   1.2374000e-01   1.0028000e-01   9.1991000e-02   1.0254000e-01
   3.8500000e+02   1.2585000e-01   1.0205000e-01   9.3448000e-02   1.0465000e-01
   3.9000000e+02   1.2844000e-01   1.0408000e-01   9.5089000e-02   1.0677000e-01
   3.9500000e+02   1.3035000e-01   1.0644000e-01   9.6971000e-02   1.0973000e-01
   4.0000000e+02   1.3353000e-01   1.0733000e-01   9.8365000e-02   1.0894000e-01
   4.0500000e+02   1.3581000e-01   1.0885000e-01   9.9525000e-02   1.1023000e-01
   4.1000000e+02   1.3766000e-01   1.1039000e-01   1.0105000e-01   1.1224000e-01
   4.1500000e+02   1.4030000e-01   1.1239000e-01   1.0230000e-01   1.1386000e-01
   4.2000000e+02   1.4220000e-01   1.1394000e-01   1.0377000e-01   1.1577000e-01
   4.2500000e+02   1.4476000e-01   1.1587000e-01   1.0522000e-01   1.1748000e-01
   4.3000000e+02   1.4712000e-01   1.1747000e-01   1.0659000e-01   1.1895000e-01
   4.3500000e+02   1.4924000e-01   1.1917000e-01   1.0780000e-01   1.2068000e-01
   4.4000000e+02   1.5148000e-01   1.2094000e-01   1.0908000e-01   1.2216000e-01
   4.4500000e+02   1.5360000e-01   1.2263000e-01   1.1042000e-01   1.2377000e-01
   4.5000000e+02   1.5596000e-01   1.2433000e-01   1.1173000e-01   1.2520000e-01
   4.5500000e+02   1.5818000e-01   1.2586000e-01   1.1298000e-01   1.2677000e-01
   4.6000000e+02   1.6026000e-01   1.2756000e-01   1.1437000e-01   1.2823000e-01
   4.6500000e+02   1.6231000e-01   1.2917000e-01   1.1567000e-01   1.2958000e-01
   4.7000000e+02   1.6440000e-01   1.3076000e-01   1.1714000e-01   1.3100000e-01
   4.7500000e+02   1.6649000e-01   1.3229000e-01   1.1857000e-01   1.3241000e-01
   4.8000000e+02   1.6853000e-01   1.3383000e-01   1.2003000e-01   1.3389000e-01
   4.8500000e+02   1.7091000e-01   1.3541000e-01   1.2127000e-01   1.3516000e-01
   4.9000000e+02   1.7231000e-01   1.3666000e-01   1.2265000e-01   1.3671000e-01
   4.9500000e+02   1.7493000e-01   1.3834000e-01   1.2399000e-01   1.3786000e-01
   5.0000000e+02   1.7665000e-01   1.3983000e-01   1.2544000e-01   1.3960000e-01
   5.0500000e+02   1.7882000e-01   1.4127000e-01   1.2644000e-01   1.4053000e-01
   5.1000000e+02   1.8053000e-01   1.4273000e-01   1.2796000e-01   1.4249000e-01
   5.1500000e+02   1.8275000e-01   1.4413000e-01   1.2890000e-01   1.4352000e-01
   5.2000000e+02   1.8456000e-01   1.4549000e-01   1.3013000e-01   1.4488000e-01
   5.2500000e+02   1.8652000e-01   1.4704000e-01   1.3129000e-01   1.4629000e-01
   5.3000000e+02   1.8849000e-01   1.4850000e-01   1.3250000e-01   1.4766000e-01
   5.3500000e+02   1.9040000e-01   1.4998000e-01   1.3393000e-01   1.4923000e-01
   5.4000000e+02   1.9219000e-01   1.5143000e-01   1.3513000e-01   1.5051000e-01
   5.4500000e+02   1.9392000e-01   1.5275000e-01   1.3606000e-01   1.5191000e-01
   5.5000000e+02   1.9578000e-01   1.5407000e-01   1.3704000e-01   1.5314000e-01
   5.5500000e+02   1.9755000e-01   1.5538000e-01   1.3808000e-01   1.5435000e-01
   5.6000000e+02   1.9932000e-01   1.5677000e-01   1.3908000e-01   1.5557000e-01
   5.6500000e+02   2.0116000e-01   1.5814000e-01   1.3998000e-01   1.5673000e-01
   5.7000000e+02   2.0276000e-01   1.5934000e-01   1.4129000e-01   1.5793000e-01
   5.7500000e+02   2.0456000e-01   1.6068000e-01   1.4226000e-01   1.5890000e-01
   5.8000000e+02   2.0627000e-01   1.6211000e-01   1.4336000e-01   1.6004000e-01
   5.8500000e+02   2.0797000e-01   1.6332000e-01   1.4418000e-01   1.6118000e-01
   5.9000000e+02   2.0971000e-01   1.6458000e-01   1.4524000e-01   1.6235000e-01
   5.9500000e+02   2.1132000e-01   1.6588000e-01   1.4620000e-01   1.6349000e-01
   6.0000000e+02   2.1296000e-01   1.6709000e-01   1.4712000e-01   1.6451000e-01
   6.0500000e+02   2.1487000e-01   1.6835000e-01   1.4815000e-01   1.6542000e-01
   6.1000000e+02   2.1643000e-01   1.6980000e-01   1.4952000e-01   1.6698000e-01
   6.1500000e+02   2.1820000e-01   1.7134000e-01   1.5047000e-01   1.6821000e-01
   6.2000000e+02   2.1961000e-01   1.7264000e-01   1.5158000e-01   1.6981000e-01
   6.2500000e+02   2.2123000e-01   1.7398000e-01   1.5226000e-01   1.7101000e-01
   6.3000000e+02   2.2244000e-01   1.7523000e-01   1.5358000e-01   1.7277000e-01
   6.3500000e+02   2.2422000e-01   1.7662000e-01   1.5462000e-01   1.7367000e-01
   6.4000000e+02   2.2536000e-01   1.7772000e-01   1.5571000e-01   1.7506000e-01
   6.4500000e+02   2.2711000e-01   1.7916000e-01   1.5631000e-01   1.7602000e-01
   6.5000000e+02   2.2857000e-01   1.8015000e-01   1.5761000e-01   1.7735000e-01
   6.5500000e+02   2.2996000e-01   1.8121000e-01   1.5870000e-01   1.7809000e-01
   6.6000000e+02   2.3183000e-01   1.8228000e-01   1.5965000e-01   1.7905000e-01
   6.6500000e+02   2.3306000e-01   1.8325000e-01   1.6057000e-01   1.7994000e-01
   6.7000000e+02   2.3473000e-01   1.8434000e-01   1.6122000e-01   1.8073000e-01
   6.7500000e+02   2.3601000e-01   1.8526000e-01   1.6230000e-01   1.8177000e-01
   6.8000000e+02   2.3775000e-01   1.8635000e-01   1.6331000e-01   1.8257000e-01
   6.8500000e+02   2.3892000e-01   1.8729000e-01   1.6453000e-01   1.8369000e-01
   6.9000000e+02   2.4074000e-01   1.8849000e-01   1.6555000e-01   1.8447000e-01
   6.9500000e+02   2.4205000e-01   1.8943000e-01   1.6670000e-01   1.8572000e-01
   7.0000000e+02   2.4348000e-01   1.9056000e-01   1.6728000e-01   1.8631000e-01
   7.0500000e+02   2.4474000e-01   1.9151000e-01   1.6797000e-01   1.8751000e-01
   7.1000000e+02   2.4620000e-01   1.9248000e-01   1.6859000e-01   1.8829000e-01
   7.1500000e+02   2.4758000e-01   1.9355000e-01   1.6912000e-01   1.8940000e-01
   7.2000000e+02   2.4898000e-01   1.9458000e-01   1.6964000e-01   1.9009000e-01
   7.2500000e+02   2.4948000e-01   1.9605000e-01   1.7052000e-01   1.9182000e-01
   7.3000000e+02   2.5104000e-01   1.9707000e-01   1.7168000e-01   1.9269000e-01
   7.3500000e+02   2.5255000e-01   1.9824000e-01   1.7246000e-01   1.9381000e-01
   7.4000000e+02   2.5348000e-01   1.9921000e-01   1.7338000e-01   1.9439000e-01
   7.4500000e+02   2.5513000e-01   2.0047000e-01   1.7406000e-01   1.9546000e-01
   7.5000000e+02   2.5590000e-01   2.0139000e-01   1.7523000e-01   1.9648000e-01
   7.5500000e+02   2.5745000e-01   2.0271000e-01   1.7561000e-01   1.9723000e-01
   7.6000000e+02   2.5820000e-01   2.0359000e-01   1.7630000e-01   1.9873000e-01
   7.6500000e+02   2.6004000e-01   2.0480000e-01   1.7673000e-01   1.9924000e-01
   7.7000000e+02   2.6075000e-01   2.0544000e-01   1.7757000e-01   2.0008000e-01
   7.7500000e+02   2.6197000e-01   2.0618000e-01   1.7820000e-01   2.0185000e-01
   7.8000000e+02   2.6491000e-01   2.0782000e-01   1.7830000e-01   2.0105000e-01
   7.8500000e+02   2.6360000e-01   2.0764000e-01   1.7896000e-01   2.0313000e-01
   7.9000000e+02   2.6702000e-01   2.0873000e-01   1.7901000e-01   2.0195000e-01
   7.9500000e+02   2.6562000e-01   2.0883000e-01   1.7993000e-01   2.0355000e-01
   8.0000000e+02   2.6810000e-01   2.0989000e-01   1.8062000e-01   2.0415000e-01
   8.0500000e+02   2.6968000e-01   2.1076000e-01   1.8140000e-01   2.0475000e-01
   8.1000000e+02   2.6997000e-01   2.1173000e-01   1.8171000e-01   2.0621000e-01
   8.1500000e+02   2.7180000e-01   2.1230000e-01   1.8262000e-01   2.0654000e-01
   8.2000000e+02   2.7226000e-01   2.1253000e-01   1.8308000e-01   2.0762000e-01
   8.2500000e+02   2.7347000e-01   2.1348000e-01   1.8346000e-01   2.0778000e-01
   8.3000000e+02   2.7467000e-01   2.1451000e-01   1.8414000e-01   2.0867000e-01
   8.3500000e+02   2.7500000e-01   2.1450000e-01   1.8424000e-01   2.0919000e-01
   8.4000000e+02   2.7702000e-01   2.1571000e-01   1.8458000e-01   2.0891000e-01
   8.4500000e+02   2.7652000e-01   2.1596000e-01   1.8521000e-01   2.1031000e-01
   8.5000000e+02   2.7853000e-01   2.1637000e-01   1.8500000e-01   2.1021000e-01
   8.5500000e+02   2.7888000e-01   2.1693000e-01   1.8483000e-01   2.1118000e-01
   8.6000000e+02   2.7944000e-01   2.1674000e-01   1.8539000e-01   2.1093000e-01
   8.6500000e+02   2.8114000e-01   2.1754000e-01   1.8511000e-01   2.1154000e-01
   8.7000000e+02   2.8195000e-01   2.1801000e-01   1.8492000e-01   2.1185000e-01
   8.7500000e+02   2.8193000e-01   2.1844000e-01   1.8612000e-01   2.1242000e-01
   8.8000000e+02   2.8351000e-01   2.1851000e-01   1.8572000e-01   2.1284000e-01
   8.8500000e+02   2.8360000e-01   2.1891000e-01   1.8583000e-01   2.1343000e-01
   8.9000000e+02   2.8445000e-01   2.1901000e-01   1.8598000e-01   2.1382000e-01
   8.9500000e+02   2.8540000e-01   2.1955000e-01   1.8651000e-01   2.1429000e-01
   9.0000000e+02   2.8603000e-01   2.2018000e-01   1.8646000e-01   2.1434000e-01
   9.0500000e+02   2.8795000e-01   2.2050000e-01   1.8690000e-01   2.1507000e-01
   9.1000000e+02   2.8792000e-01   2.2105000e-01   1.8676000e-01   2.1578000e-01
   9.1500000e+02   2.8901000e-01   2.2156000e-01   1.8732000e-01   2.1614000e-01
   9.2000000e+02   2.8969000e-01   2.2240000e-01   1.8769000e-01   2.1652000e-01
   9.2500000e+02   2.9005000e-01   2.2310000e-01   1.8844000e-01   2.1749000e-01
   9.3000000e+02   2.9092000e-01   2.2366000e-01   1.8853000e-01   2.1806000e-01
   9.3500000e+02   2.9190000e-01   2.2361000e-01   1.8879000e-01   2.1877000e-01
   9.4000000e+02   2.9358000e-01   2.2454000e-01   1.8965000e-01   2.1873000e-01
   9.4500000e+02   2.9386000e-01   2.2569000e-01   1.9087000e-01   2.1949000e-01
   9.5000000e+02   2.9515000e-01   2.2651000e-01   1.9111000e-01   2.2049000e-01
   9.5500000e+02   2.9601000e-01   2.2701000e-01   1.9222000e-01   2.2140000e-01
   9.6000000e+02   2.9703000e-01   2.2806000e-01   1.9227000e-01   2.2180000e-01
   9.6500000e+02   2.9795000e-01   2.2903000e-01   1.9293000e-01   2.2263000e-01
   9.7000000e+02   2.9921000e-01   2.2932000e-01   1.9377000e-01   2.2339000e-01
   9.7500000e+02   3.0014000e-01   2.3070000e-01   1.9454000e-01   2.2418000e-01
   9.8000000e+02   3.0093000e-01   2.3167000e-01   1.9527000e-01   2.2490000e-01
   9.8500000e+02   3.0212000e-01   2.3261000e-01   1.9621000e-01   2.2630000e-01
   9.9000000e+02   3.0301000e-01   2.3321000e-01   1.9707000e-01   2.2695000e-01
   9.9500000e+02   3.0379000e-01   2.3420000e-01   1.9729000e-01   2.2779000e-01
   1.0000000e+03   3.0464000e-01   2.3498000e-01   1.9855000e-01   2.2878000e-01
   1.0050000e+03   3.0601000e-01   2.3618000e-01   1.9890000e-01   2.2983000e-01
   1.0100000e+03   3.0672000e-01   2.3680000e-01   1.9984000e-01   2.3048000e-01
   1.0150000e+03   3.0809000e-01   2.3826000e-01   2.0091000e-01   2.3137000e-01
   1.0200000e+03   3.0886000e-01   2.3903000e-01   2.0211000e-01   2.3269000e-01
   1.0250000e+03   3.0996000e-01   2.4017000e-01   2.0258000e-01   2.3343000e-01
   1.0300000e+03   3.1043000e-01   2.4106000e-01   2.0351000e-01   2.3463000e-01
   1.0350000e+03   3.1182000e-01   2.4232000e-01   2.0401000e-01   2.3564000e-01
   1.0400000e+03   3.1214000e-01   2.4311000e-01   2.0462000e-01   2.3618000e-01
   1.0450000e+03   3.1330000e-01   2.4452000e-01   2.0598000e-01   2.3754000e-01
   1.0500000e+03   3.1473000e-01   2.4463000e-01   2.0681000e-01   2.3836000e-01
   1.0550000e+03   3.1569000e-01   2.4604000e-01   2.0753000e-01   2.3900000e-01
   1.0600000e+03   3.1691000e-01   2.4681000e-01   2.0849000e-01   2.3978000e-01
   1.0650000e+03   3.1728000e-01   2.4791000e-01   2.0893000e-01   2.4069000e-01
   1.0700000e+03   3.1878000e-01   2.4856000e-01   2.0945000e-01   2.4193000e-01
   1.0750000e+03   3.1949000e-01   2.4991000e-01   2.1003000e-01   2.4242000e-01
   1.0800000e+03   3.2033000e-01   2.5088000e-01   2.1104000e-01   2.4348000e-01
   1.0850000e+03   3.2163000e-01   2.5180000e-01   2.1156000e-01   2.4440000e-01
   1.0900000e+03   3.2239000e-01   2.5303000e-01   2.1265000e-01   2.4538000e-01
   1.0950000e+03   3.2380000e-01   2.5410000e-01   2.1317000e-01   2.4581000e-01
   1.1000000e+03   3.2478000e-01   2.5500000e-01   2.1436000e-01   2.4666000e-01
   1.1050000e+03   3.2567000e-01   2.5590000e-01   2.1524000e-01   2.4769000e-01
   1.1100000e+03   3.2696000e-01   2.5680000e-01   2.1608000e-01   2.4844000e-01
   1.1150000e+03   3.2752000e-01   2.5781000e-01   2.1693000e-01   2.4964000e-01
   1.1200000e+03   3.2919000e-01   2.5880000e-01   2.1776000e-01   2.5044000e-01
   1.1250000e+03   3.3008000e-01   2.5976000e-01   2.1832000e-01   2.5048000e-01
   1.1300000e+03   3.3141000e-01   2.6047000e-01   2.1975000e-01   2.5093000e-01
   1.1350000e+03   3.3182000e-01   2.6190000e-01   2.2068000e-01   2.5300000e-01
   1.1400000e+03   3.3349000e-01   2.6224000e-01   2.2136000e-01   2.5275000e-01
   1.1450000e+03   3.3386000e-01   2.6349000e-01   2.2247000e-01   2.5398000e-01
   1.1500000e+03   3.3518000e-01   2.6435000e-01   2.2306000e-01   2.5378000e-01
   1.1550000e+03   3.3577000e-01   2.6515000e-01   2.2401000e-01   2.5463000e-01
   1.1600000e+03   3.3707000e-01   2.6606000e-01   2.2495000e-01   2.5554000e-01
   1.1650000e+03   3.3808000e-01   2.6657000e-01   2.2570000e-01   2.5654000e-01
   1.1700000e+03   3.3952000e-01   2.6773000e-01   2.2634000e-01   2.5695000e-01
   1.1750000e+03   3.3972000e-01   2.6849000e-01   2.2724000e-01   2.5759000e-01
   1.1800000e+03   3.4073000e-01   2.6914000e-01   2.2772000e-01   2.5856000e-01
   1.1850000e+03   3.4232000e-01   2.7012000e-01   2.2846000e-01   2.5926000e-01
   1.1900000e+03   3.4214000e-01   2.7104000e-01   2.2957000e-01   2.5974000e-01
   1.1950000e+03   3.4394000e-01   2.7178000e-01   2.3028000e-01   2.6101000e-01
   1.2000000e+03   3.4462000e-01   2.7229000e-01   2.3075000e-01   2.6238000e-01
   1.2050000e+03   3.4534000e-01   2.7338000e-01   2.3104000e-01   2.6341000e-01
   1.2100000e+03   3.4498000e-01   2.7463000e-01   2.3180000e-01   2.6439000e-01
   1.2150000e+03   3.4725000e-01   2.7527000e-01   2.3232000e-01   2.6542000e-01
   1.2200000e+03   3.4766000e-01   2.7599000e-01   2.3338000e-01   2.6590000e-01
   1.2250000e+03   3.4895000e-01   2.7762000e-01   2.3405000e-01   2.6664000e-01
   1.2300000e+03   3.4886000e-01   2.7773000e-01   2.3462000e-01   2.6785000e-01
   1.2350000e+03   3.5015000e-01   2.7877000e-01   2.3490000e-01   2.6866000e-01
   1.2400000e+03   3.5073000e-01   2.7919000e-01   2.3587000e-01   2.6939000e-01
   1.2450000e+03   3.5236000e-01   2.8075000e-01   2.3589000e-01   2.7027000e-01
   1.2500000e+03   3.5265000e-01   2.8117000e-01   2.3721000e-01   2.7120000e-01
   1.2550000e+03   3.5421000e-01   2.8222000e-01   2.3781000e-01   2.7155000e-01
   1.2600000e+03   3.5402000e-01   2.8221000e-01   2.3823000e-01   2.7214000e-01
   1.2650000e+03   3.5557000e-01   2.8351000e-01   2.3868000e-01   2.7301000e-01
   1.2700000e+03   3.5598000e-01   2.8413000e-01   2.4005000e-01   2.7365000e-01
   1.2750000e+03   3.5714000e-01   2.8486000e-01   2.4018000e-01   2.7415000e-01
   1.2800000e+03   3.5825000e-01   2.8562000e-01   2.4084000e-01   2.7474000e-01
   1.2850000e+03   3.5904000e-01   2.8672000e-01   2.4242000e-01   2.7498000e-01
   1.2900000e+03   3.6020000e-01   2.8691000e-01   2.4290000e-01   2.7599000e-01
   1.2950000e+03   3.6083000e-01   2.8786000e-01   2.4350000e-01   2.7652000e-01
   1.3000000e+03   3.6238000e-01   2.8859000e-01   2.4473000e-01   2.7738000e-01
   1.3050000e+03   3.6243000e-01   2.8969000e-01   2.4556000e-01   2.7772000e-01
   1.3100000e+03   3.6383000e-01   2.9037000e-01   2.4648000e-01   2.7834000e-01
   1.3150000e+03   3.6462000e-01   2.9160000e-01   2.4692000e-01   2.7958000e-01
   1.3200000e+03   3.6606000e-01   2.9219000e-01   2.4799000e-01   2.7979000e-01
   1.3250000e+03   3.6708000e-01   2.9318000e-01   2.4886000e-01   2.8024000e-01
   1.3300000e+03   3.6816000e-01   2.9419000e-01   2.4948000e-01   2.8137000e-01
   1.3350000e+03   3.6836000e-01   2.9469000e-01   2.5060000e-01   2.8164000e-01
   1.3400000e+03   3.6995000e-01   2.9574000e-01   2.5136000e-01   2.8252000e-01
   1.3450000e+03   3.7008000e-01   2.9656000e-01   2.5164000e-01   2.8336000e-01
   1.3500000e+03   3.7068000e-01   2.9724000e-01   2.5260000e-01   2.8407000e-01
   1.3550000e+03   3.7142000e-01   2.9809000e-01   2.5298000e-01   2.8481000e-01
   1.3600000e+03   3.7233000e-01   2.9875000e-01   2.5387000e-01   2.8520000e-01
   1.3650000e+03   3.7343000e-01   2.9940000e-01   2.5442000e-01   2.8539000e-01
   1.3700000e+03   3.7437000e-01   3.0040000e-01   2.5532000e-01   2.8600000e-01
   1.3750000e+03   3.7561000e-01   3.0074000e-01   2.5628000e-01   2.8618000e-01
   1.3800000e+03   3.7653000e-01   3.0176000e-01   2.5716000e-01   2.8641000e-01
   1.3850000e+03   3.7743000e-01   3.0296000e-01   2.5794000e-01   2.8765000e-01
   1.3900000e+03   3.7800000e-01   3.0433000e-01   2.5880000e-01   2.8940000e-01
   1.3950000e+03   3.7877000e-01   3.0490000e-01   2.5905000e-01   2.8987000e-01
   1.4000000e+03   3.7909000e-01   3.0585000e-01   2.6028000e-01   2.9122000e-01
   1.4050000e+03   3.7975000e-01   3.0698000e-01   2.6081000e-01   2.9280000e-01
   1.4100000e+03   3.8073000e-01   3.0798000e-01   2.6131000e-01   2.9377000e-01
   1.4150000e+03   3.8176000e-01   3.0863000e-01   2.6241000e-01   2.9419000e-01
   1.4200000e+03   3.8217000e-01   3.0937000e-01   2.6289000e-01   2.9446000e-01
   1.4250000e+03   3.8345000e-01   3.0981000e-01   2.6381000e-01   2.9482000e-01
   1.4300000e+03   3.8416000e-01   3.1063000e-01   2.6483000e-01   2.9531000e-01
   1.4350000e+03   3.8591000e-01   3.1131000e-01   2.6558000e-01   2.9543000e-01
   1.4400000e+03   3.8617000e-01   3.1238000e-01   2.6569000e-01   2.9707000e-01
   1.4450000e+03   3.8705000e-01   3.1331000e-01   2.6597000e-01   2.9814000e-01
   1.4500000e+03   3.8763000e-01   3.1445000e-01   2.6748000e-01   2.9899000e-01
   1.4550000e+03   3.8877000e-01   3.1480000e-01   2.6769000e-01   2.9889000e-01
   1.4600000e+03   3.8917000e-01   3.1561000e-01   2.6867000e-01   3.0030000e-01
   1.4650000e+03   3.8991000e-01   3.1655000e-01   2.6951000e-01   3.0130000e-01
   1.4700000e+03   3.9056000e-01   3.1736000e-01   2.6935000e-01   3.0154000e-01
   1.4750000e+03   3.9134000e-01   3.1778000e-01   2.7034000e-01   3.0138000e-01
   1.4800000e+03   3.9259000e-01   3.1864000e-01   2.7129000e-01   3.0224000e-01
   1.4850000e+03   3.9271000e-01   3.1902000e-01   2.7230000e-01   3.0302000e-01
   1.4900000e+03   3.9411000e-01   3.2031000e-01   2.7290000e-01   3.0314000e-01
   1.4950000e+03   3.9392000e-01   3.2044000e-01   2.7377000e-01   3.0422000e-01
   1.5000000e+03   3.9512000e-01   3.2172000e-01   2.7422000e-01   3.0506000e-01
   1.5050000e+03   3.9565000e-01   3.2203000e-01   2.7538000e-01   3.0521000e-01
   1.5100000e+03   3.9676000e-01   3.2361000e-01   2.7567000e-01   3.0597000e-01
   1.5150000e+03   3.9725000e-01   3.2318000e-01   2.7617000e-01   3.0623000e-01
   1.5200000e+03   3.9851000e-01   3.2439000e-01   2.7640000e-01   3.0717000e-01
   1.5250000e+03   3.9899000e-01   3.2482000e-01   2.7737000e-01   3.0754000e-01
   1.5300000e+03   3.9957000e-01   3.2645000e-01   2.7844000e-01   3.0797000e-01
   1.5350000e+03   4.0001000e-01   3.2611000e-01   2.7849000e-01   3.0921000e-01
   1.5400000e+03   4.0129000e-01   3.2721000e-01   2.7938000e-01   3.0957000e-01
   1.5450000e+03   4.0136000e-01   3.2727000e-01   2.8043000e-01   3.0968000e-01
   1.5500000e+03   4.0300000e-01   3.2852000e-01   2.8065000e-01   3.1001000e-01
   1.5550000e+03   4.0260000e-01   3.2863000e-01   2.8059000e-01   3.1069000e-01
   1.5600000e+03   4.0417000e-01   3.2939000e-01   2.8156000e-01   3.1098000e-01
   1.5650000e+03   4.0516000e-01   3.2993000e-01   2.8132000e-01   3.1183000e-01
   1.5700000e+03   4.0518000e-01   3.3043000e-01   2.8253000e-01   3.1264000e-01
   1.5750000e+03   4.0627000e-01   3.3159000e-01   2.8380000e-01   3.1313000e-01
   1.5800000e+03   4.0702000e-01   3.3151000e-01   2.8372000e-01   3.1303000e-01
   1.5850000e+03   4.0736000e-01   3.3269000e-01   2.8454000e-01   3.1357000e-01
   1.5900000e+03   4.0808000e-01   3.3319000e-01   2.8524000e-01   3.1443000e-01
   1.5950000e+03   4.0878000e-01   3.3380000e-01   2.8447000e-01   3.1533000e-01
   1.6000000e+03   4.0878000e-01   3.3452000e-01   2.8636000e-01   3.1586000e-01
   1.6050000e+03   4.0987000e-01   3.3487000e-01   2.8607000e-01   3.1579000e-01
   1.6100000e+03   4.0953000e-01   3.3550000e-01   2.8664000e-01   3.1680000e-01
   1.6150000e+03   4.1088000e-01   3.3599000e-01   2.8679000e-01   3.1778000e-01
   1.6200000e+03   4.1144000e-01   3.3684000e-01   2.8675000e-01   3.1826000e-01
   1.6250000e+03   4.1214000e-01   3.3716000e-01   2.8679000e-01   3.1912000e-01
   1.6300000e+03   4.1234000e-01   3.3736000e-01   2.8821000e-01   3.1929000e-01
   1.6350000e+03   4.1234000e-01   3.3744000e-01   2.8803000e-01   3.1860000e-01
   1.6400000e+03   4.1255000e-01   3.3825000e-01   2.8812000e-01   3.1942000e-01
   1.6450000e+03   4.1392000e-01   3.3924000e-01   2.8840000e-01   3.2045000e-01
   1.6500000e+03   4.1326000e-01   3.3929000e-01   2.8983000e-01   3.2046000e-01
   1.6550000e+03   4.1471000e-01   3.4039000e-01   2.8989000e-01   3.2045000e-01
   1.6600000e+03   4.1452000e-01   3.4086000e-01   2.9024000e-01   3.2122000e-01
   1.6650000e+03   4.1596000e-01   3.4040000e-01   2.9146000e-01   3.2199000e-01
   1.6700000e+03   4.1650000e-01   3.4129000e-01   2.9147000e-01   3.2243000e-01
   1.6750000e+03   4.1682000e-01   3.4191000e-01   2.9177000e-01   3.2273000e-01
   1.6800000e+03   4.1766000e-01   3.4191000e-01   2.9209000e-01   3.2328000e-01
   1.6850000e+03   4.1829000e-01   3.4245000e-01   2.9295000e-01   3.2377000e-01
   1.6900000e+03   4.1887000e-01   3.4301000e-01   2.9342000e-01   3.2467000e-01
   1.6950000e+03   4.1895000e-01   3.4365000e-01   2.9382000e-01   3.2478000e-01
   1.7000000e+03   4.1995000e-01   3.4425000e-01   2.9463000e-01   3.2532000e-01
   1.7050000e+03   4.2069000e-01   3.4459000e-01   2.9526000e-01   3.2718000e-01
   1.7100000e+03   4.2125000e-01   3.4531000e-01   2.9545000e-01   3.2708000e-01
   1.7150000e+03   4.2171000e-01   3.4563000e-01   2.9606000e-01   3.2769000e-01
   1.7200000e+03   4.2212000e-01   3.4616000e-01   2.9612000e-01   3.2845000e-01
   1.7250000e+03   4.2276000e-01   3.4676000e-01   2.9700000e-01   3.2825000e-01
   1.7300000e+03   4.2344000e-01   3.4705000e-01   2.9721000e-01   3.2876000e-01
   1.7350000e+03   4.2324000e-01   3.4750000e-01   2.9746000e-01   3.2951000e-01
   1.7400000e+03   4.2406000e-01   3.4794000e-01   2.9761000e-01   3.2962000e-01
   1.7450000e+03   4.2419000e-01   3.4804000e-01   2.9809000e-01   3.2972000e-01
   1.7500000e+03   4.2504000e-01   3.4881000e-01   2.9850000e-01   3.3030000e-01
   1.7550000e+03   4.2524000e-01   3.4885000e-01   2.9895000e-01   3.3103000e-01
   1.7600000e+03   4.2621000e-01   3.4975000e-01   2.9901000e-01   3.3107000e-01
   1.7650000e+03   4.2632000e-01   3.5018000e-01   3.0022000e-01   3.3169000e-01
   1.7700000e+03   4.2708000e-01   3.5046000e-01   2.9996000e-01   3.3137000e-01
   1.7750000e+03   4.2693000e-01   3.5084000e-01   3.0040000e-01   3.3157000e-01
   1.7800000e+03   4.2787000e-01   3.5140000e-01   3.0052000e-01   3.3158000e-01
   1.7850000e+03   4.2790000e-01   3.5160000e-01   3.0089000e-01   3.3259000e-01
   1.7900000e+03   4.2911000e-01   3.5216000e-01   3.0146000e-01   3.3201000e-01
   1.7950000e+03   4.2928000e-01   3.5271000e-01   3.0197000e-01   3.3313000e-01
   1.8000000e+03   4.2996000e-01   3.5358000e-01   3.0247000e-01   3.3430000e-01
   1.8050000e+03   4.3042000e-01   3.5387000e-01   3.0276000e-01   3.3495000e-01
   1.8100000e+03   4.3005000e-01   3.5471000e-01   3.0302000e-01   3.3609000e-01
   1.8150000e+03   4.3056000e-01   3.5494000e-01   3.0291000e-01   3.3626000e-01
   1.8200000e+03   4.3063000e-01   3.5648000e-01   3.0317000e-01   3.3728000e-01
   1.8250000e+03   4.3103000e-01   3.5645000e-01   3.0359000e-01   3.3802000e-01
   1.8300000e+03   4.3124000e-01   3.5700000e-01   3.0408000e-01   3.3890000e-01
   1.8350000e+03   4.3226000e-01   3.5714000e-01   3.0490000e-01   3.3799000e-01
   1.8400000e+03   4.3252000e-01   3.5759000e-01   3.0528000e-01   3.3877000e-01
   1.8450000e+03   4.3331000e-01   3.5772000e-01   3.0599000e-01   3.3806000e-01
   1.8500000e+03   4.3397000e-01   3.5769000e-01   3.0670000e-01   3.3760000e-01
   1.8550000e+03   4.3512000e-01   3.5797000e-01   3.0728000e-01   3.3685000e-01
   1.8600000e+03   4.3452000e-01   3.5930000e-01   3.0709000e-01   3.4034000e-01
   1.8650000e+03   4.3543000e-01   3.5944000e-01   3.0785000e-01   3.3960000e-01
   1.8700000e+03   4.3634000e-01   3.5950000e-01   3.0871000e-01   3.3872000e-01
   1.8750000e+03   4.3655000e-01   3.6005000e-01   3.0892000e-01   3.3944000e-01
   1.8800000e+03   4.3640000e-01   3.6057000e-01   3.0911000e-01   3.4048000e-01
   1.8850000e+03   4.3785000e-01   3.6022000e-01   3.0996000e-01   3.3822000e-01
   1.8900000e+03   4.3745000e-01   3.6149000e-01   3.0976000e-01   3.4105000e-01
   1.8950000e+03   4.3732000e-01   3.6260000e-01   3.0954000e-01   3.4355000e-01
   1.9000000e+03   4.3805000e-01   3.6283000e-01   3.1028000e-01   3.4313000e-01
   1.9050000e+03   4.3852000e-01   3.6312000e-01   3.1070000e-01   3.4358000e-01
   1.9100000e+03   4.3858000e-01   3.6360000e-01   3.1088000e-01   3.4446000e-01
   1.9150000e+03   4.3985000e-01   3.6328000e-01   3.1169000e-01   3.4288000e-01
   1.9200000e+03   4.4024000e-01   3.6358000e-01   3.1149000e-01   3.4298000e-01
   1.9250000e+03   4.4222000e-01   3.6280000e-01   3.1326000e-01   3.4403000e-01
   1.9300000e+03   4.4030000e-01   3.6486000e-01   3.1243000e-01   3.4426000e-01
   1.9350000e+03   4.4104000e-01   3.6567000e-01   3.1314000e-01   3.4432000e-01
   1.9400000e+03   4.4118000e-01   3.6612000e-01   3.1371000e-01   3.4591000e-01
   1.9450000e+03   4.4239000e-01   3.6594000e-01   3.1484000e-01   3.4505000e-01
   1.9500000e+03   4.4321000e-01   3.6719000e-01   3.1414000e-01   3.4614000e-01
   1.9550000e+03   4.4258000e-01   3.6755000e-01   3.1411000e-01   3.4753000e-01
   1.9600000e+03   4.4393000e-01   3.6829000e-01   3.1530000e-01   3.4716000e-01
   1.9650000e+03   4.4406000e-01   3.6813000e-01   3.1574000e-01   3.4810000e-01
   1.9700000e+03   4.4452000e-01   3.6949000e-01   3.1573000e-01   3.4841000e-01
   1.9750000e+03   4.4482000e-01   3.6899000e-01   3.1688000e-01   3.4901000e-01
   1.9800000e+03   4.4597000e-01   3.7034000e-01   3.1717000e-01   3.4971000e-01
   1.9850000e+03   4.4569000e-01   3.7067000e-01   3.1762000e-01   3.4958000e-01
   1.9900000e+03   4.4595000e-01   3.7098000e-01   3.1857000e-01   3.5022000e-01
   1.9950000e+03   4.4673000e-01   3.7219000e-01   3.1884000e-01   3.5083000e-01
   2.0000000e+03   4.4728000e-01   3.7254000e-01   3.1907000e-01   3.5089000e-01
   2.0050000e+03   4.4723000e-01   3.7260000e-01   3.1949000e-01   3.5123000e-01
   2.0100000e+03   4.4884000e-01   3.7301000e-01   3.2007000e-01   3.5168000e-01
   2.0150000e+03   4.4909000e-01   3.7373000e-01   3.2020000e-01   3.5268000e-01
   2.0200000e+03   4.4961000e-01   3.7482000e-01   3.2071000e-01   3.5275000e-01
   2.0250000e+03   4.5022000e-01   3.7478000e-01   3.2205000e-01   3.5251000e-01
   2.0300000e+03   4.4992000e-01   3.7517000e-01   3.2196000e-01   3.5359000e-01
   2.0350000e+03   4.5066000e-01   3.7582000e-01   3.2273000e-01   3.5439000e-01
   2.0400000e+03   4.5152000e-01   3.7664000e-01   3.2304000e-01   3.5592000e-01
   2.0450000e+03   4.5202000e-01   3.7669000e-01   3.2375000e-01   3.5555000e-01
   2.0500000e+03   4.5217000e-01   3.7675000e-01   3.2412000e-01   3.5593000e-01
   2.0550000e+03   4.5250000e-01   3.7725000e-01   3.2495000e-01   3.5688000e-01
   2.0600000e+03   4.5204000e-01   3.7870000e-01   3.2498000e-01   3.5648000e-01
   2.0650000e+03   4.5254000e-01   3.7882000e-01   3.2518000e-01   3.5796000e-01
   2.0700000e+03   4.5280000e-01   3.7960000e-01   3.2554000e-01   3.5728000e-01
   2.0750000e+03   4.5363000e-01   3.8006000e-01   3.2585000e-01   3.5794000e-01
   2.0800000e+03   4.5415000e-01   3.8118000e-01   3.2693000e-01   3.5912000e-01
   2.0850000e+03   4.5444000e-01   3.8125000e-01   3.2799000e-01   3.5990000e-01
   2.0900000e+03   4.5540000e-01   3.8245000e-01   3.2773000e-01   3.6083000e-01
   2.0950000e+03   4.5525000e-01   3.8265000e-01   3.2854000e-01   3.6098000e-01
   2.1000000e+03   4.5613000e-01   3.8262000e-01   3.2995000e-01   3.6051000e-01
   2.1050000e+03   4.5609000e-01   3.8296000e-01   3.2939000e-01   3.6136000e-01
   2.1100000e+03   4.5710000e-01   3.8379000e-01   3.2947000e-01   3.6165000e-01
   2.1150000e+03   4.5770000e-01   3.8468000e-01   3.3045000e-01   3.6222000e-01
   2.1200000e+03   4.5860000e-01   3.8508000e-01   3.3134000e-01   3.6319000e-01
   2.1250000e+03   4.5839000e-01   3.8561000e-01   3.3125000e-01   3.6349000e-01
   2.1300000e+03   4.5830000e-01   3.8605000e-01   3.3151000e-01   3.6446000e-01
   2.1350000e+03   4.5925000e-01   3.8698000e-01   3.3200000e-01   3.6533000e-01
   2.1400000e+03   4.5956000e-01   3.8739000e-01   3.3302000e-01   3.6539000e-01
   2.1450000e+03   4.6010000e-01   3.8789000e-01   3.3317000e-01   3.6623000e-01
   2.1500000e+03   4.6052000e-01   3.8830000e-01   3.3344000e-01   3.6685000e-01
   2.1550000e+03   4.6087000e-01   3.8885000e-01   3.3356000e-01   3.6764000e-01
   2.1600000e+03   4.6189000e-01   3.8983000e-01   3.3409000e-01   3.6764000e-01
   2.1650000e+03   4.6192000e-01   3.9016000e-01   3.3452000e-01   3.6837000e-01
   2.1700000e+03   4.6224000e-01   3.8993000e-01   3.3464000e-01   3.6818000e-01
   2.1750000e+03   4.6214000e-01   3.9092000e-01   3.3545000e-01   3.6845000e-01
   2.1800000e+03   4.6325000e-01   3.9178000e-01   3.3577000e-01   3.6881000e-01
   2.1850000e+03   4.6338000e-01   3.9233000e-01   3.3619000e-01   3.6969000e-01
   2.1900000e+03   4.6431000e-01   3.9354000e-01   3.3655000e-01   3.6966000e-01
   2.1950000e+03   4.6438000e-01   3.9369000e-01   3.3667000e-01   3.7046000e-01
   2.2000000e+03   4.6511000e-01   3.9433000e-01   3.3726000e-01   3.7090000e-01
   2.2050000e+03   4.6550000e-01   3.9437000e-01   3.3793000e-01   3.7082000e-01
   2.2100000e+03   4.6614000e-01   3.9546000e-01   3.3944000e-01   3.7057000e-01
   2.2150000e+03   4.6614000e-01   3.9553000e-01   3.3966000e-01   3.7160000e-01
   2.2200000e+03   4.6755000e-01   3.9674000e-01   3.3913000e-01   3.7201000e-01
   2.2250000e+03   4.6775000e-01   3.9639000e-01   3.4006000e-01   3.7201000e-01
   2.2300000e+03   4.6846000e-01   3.9725000e-01   3.4052000e-01   3.7259000e-01
   2.2350000e+03   4.6925000e-01   3.9771000e-01   3.4143000e-01   3.7233000e-01
   2.2400000e+03   4.7016000e-01   3.9803000e-01   3.4214000e-01   3.7332000e-01
   2.2450000e+03   4.7064000e-01   3.9919000e-01   3.4209000e-01   3.7381000e-01
   2.2500000e+03   4.7071000e-01   3.9950000e-01   3.4240000e-01   3.7474000e-01
   2.2550000e+03   4.7103000e-01   4.0056000e-01   3.4360000e-01   3.7545000e-01
   2.2600000e+03   4.7136000e-01   4.0135000e-01   3.4378000e-01   3.7589000e-01
   2.2650000e+03   4.7220000e-01   4.0188000e-01   3.4490000e-01   3.7652000e-01
   2.2700000e+03   4.7218000e-01   4.0218000e-01   3.4628000e-01   3.7713000e-01
   2.2750000e+03   4.7435000e-01   4.0334000e-01   3.4684000e-01   3.7808000e-01
   2.2800000e+03   4.7488000e-01   4.0455000e-01   3.4737000e-01   3.7960000e-01
   2.2850000e+03   4.7543000e-01   4.0435000e-01   3.4793000e-01   3.7935000e-01
   2.2900000e+03   4.7577000e-01   4.0529000e-01   3.4848000e-01   3.7995000e-01
   2.2950000e+03   4.7687000e-01   4.0647000e-01   3.4927000e-01   3.8072000e-01
   2.3000000e+03   4.7666000e-01   4.0691000e-01   3.4972000e-01   3.8134000e-01
   2.3050000e+03   4.7765000e-01   4.0777000e-01   3.5021000e-01   3.8197000e-01
   2.3100000e+03   4.7749000e-01   4.0859000e-01   3.5115000e-01   3.8271000e-01
   2.3150000e+03   4.7710000e-01   4.0856000e-01   3.5173000e-01   3.8276000e-01
   2.3200000e+03   4.7738000e-01   4.0808000e-01   3.5162000e-01   3.8357000e-01
   2.3250000e+03   4.7790000e-01   4.0920000e-01   3.5178000e-01   3.8300000e-01
   2.3300000e+03   4.7828000e-01   4.0991000e-01   3.5274000e-01   3.8444000e-01
   2.3350000e+03   4.7900000e-01   4.1047000e-01   3.5340000e-01   3.8441000e-01
   2.3400000e+03   4.7861000e-01   4.1107000e-01   3.5425000e-01   3.8477000e-01
   2.3450000e+03   4.8006000e-01   4.1105000e-01   3.5525000e-01   3.8537000e-01
   2.3500000e+03   4.7873000e-01   4.1133000e-01   3.5484000e-01   3.8544000e-01
   2.3550000e+03   4.7899000e-01   4.1123000e-01   3.5543000e-01   3.8477000e-01
   2.3600000e+03   4.7929000e-01   4.1166000e-01   3.5592000e-01   3.8526000e-01
   2.3650000e+03   4.7982000e-01   4.1258000e-01   3.5584000e-01   3.8609000e-01
   2.3700000e+03   4.8029000e-01   4.1315000e-01   3.5669000e-01   3.8712000e-01
   2.3750000e+03   4.8115000e-01   4.1252000e-01   3.5710000e-01   3.8731000e-01
   2.3800000e+03   4.8081000e-01   4.1394000e-01   3.5825000e-01   3.8777000e-01
   2.3850000e+03   4.8132000e-01   4.1456000e-01   3.5936000e-01   3.8891000e-01
   2.3900000e+03   4.8223000e-01   4.1528000e-01   3.5921000e-01   3.8951000e-01
   2.3950000e+03   4.8259000e-01   4.1658000e-01   3.6091000e-01   3.8985000e-01
   2.4000000e+03   4.8362000e-01   4.1650000e-01   3.6174000e-01   3.8968000e-01
   2.4050000e+03   4.8344000e-01   4.1668000e-01   3.6192000e-01   3.9101000e-01
   2.4100000e+03   4.8372000e-01   4.1712000e-01   3.6289000e-01   3.9092000e-01
   2.4150000e+03   4.8358000e-01   4.1792000e-01   3.6393000e-01   3.9220000e-01
   2.4200000e+03   4.8498000e-01   4.1878000e-01   3.6497000e-01   3.9257000e-01
   2.4250000e+03   4.8670000e-01   4.1807000e-01   3.6338000e-01   3.9031000e-01
   2.4300000e+03   4.8633000e-01   4.1910000e-01   3.6477000e-01   3.9156000e-01
   2.4350000e+03   4.8536000e-01   4.1934000e-01   3.6580000e-01   3.9341000e-01
   2.4400000e+03   4.8694000e-01   4.1922000e-01   3.6532000e-01   3.9153000e-01
   2.4450000e+03   4.8651000e-01   4.2025000e-01   3.6820000e-01   3.9391000e-01
   2.4500000e+03   4.8785000e-01   4.2111000e-01   3.6819000e-01   3.9416000e-01
   2.4550000e+03   4.8643000e-01   4.2090000e-01   3.6866000e-01   3.9458000e-01
   2.4600000e+03   4.8715000e-01   4.2179000e-01   3.6958000e-01   3.9397000e-01
   2.4650000e+03   4.8731000e-01   4.2238000e-01   3.7057000e-01   3.9638000e-01
   2.4700000e+03   4.8736000e-01   4.2327000e-01   3.7183000e-01   3.9617000e-01
   2.4750000e+03   4.8729000e-01   4.2312000e-01   3.7147000e-01   3.9684000e-01
   2.4800000e+03   4.8794000e-01   4.2419000e-01   3.7375000e-01   3.9695000e-01
   2.4850000e+03   4.8741000e-01   4.2498000e-01   3.7567000e-01   3.9897000e-01
   2.4900000e+03   4.8852000e-01   4.2497000e-01   3.7487000e-01   3.9853000e-01
   2.4950000e+03   4.8836000e-01   4.2628000e-01   3.7673000e-01   4.0028000e-01
   2.5000000e+03   4.8887000e-01   4.2627000e-01   3.7726000e-01   4.0101000e-01
   2.5050000e+03   4.8871000e-01   4.2767000e-01   3.7869000e-01   4.0261000e-01
   2.5100000e+03   4.8902000e-01   4.2802000e-01   3.7911000e-01   4.0295000e-01
   2.5150000e+03   4.8894000e-01   4.2921000e-01   3.8049000e-01   4.0424000e-01
   2.5200000e+03   4.8900000e-01   4.2839000e-01   3.8148000e-01   4.0495000e-01
   2.5250000e+03   4.8888000e-01   4.3047000e-01   3.8332000e-01   4.0687000e-01
   2.5300000e+03   4.8990000e-01   4.3078000e-01   3.8249000e-01   4.0567000e-01
   2.5350000e+03   4.8950000e-01   4.3229000e-01   3.8526000e-01   4.0885000e-01
   2.5400000e+03   4.9020000e-01   4.3291000e-01   3.8542000e-01   4.0899000e-01
   2.5450000e+03   4.9214000e-01   4.3228000e-01   3.8329000e-01   4.0639000e-01
   2.5500000e+03   4.9162000e-01   4.3398000e-01   3.8535000e-01   4.0911000e-01
   2.5550000e+03   4.9167000e-01   4.3461000e-01   3.9027000e-01   4.1359000e-01
   2.5600000e+03   4.9383000e-01   4.3404000e-01   3.8708000e-01   4.0989000e-01
   2.5650000e+03   4.9357000e-01   4.3491000e-01   3.8895000e-01   4.1175000e-01
   2.5700000e+03   4.9334000e-01   4.3556000e-01   3.8933000e-01   4.1260000e-01
   2.5750000e+03   4.9323000e-01   4.3627000e-01   3.9217000e-01   4.1494000e-01
   2.5800000e+03   4.9594000e-01   4.3565000e-01   3.9198000e-01   4.0856000e-01
   2.5850000e+03   4.9331000e-01   4.3945000e-01   3.9383000e-01   4.1774000e-01
   2.5900000e+03   4.9773000e-01   4.3686000e-01   3.9443000e-01   4.0815000e-01
   2.5950000e+03   5.0138000e-01   4.4228000e-01   3.9511000e-01   4.2015000e-01
   2.6000000e+03   5.0171000e-01   4.3744000e-01   3.9554000e-01   4.0707000e-01
