   3.0000000e+02   1.9339000e-01   1.5684000e-01   1.4019000e-01   1.7180000e-01
   3.0500000e+02   1.9046000e-01   1.5814000e-01   1.4261000e-01   1.7421000e-01
   3.1000000e+02   1.9711000e-01   1.5967000e-01   1.4263000e-01   1.7319000e-01
   3.1500000e+02   1.9650000e-01   1.6183000e-01   1.4454000e-01   1.7626000e-01
   3.2000000e+02   2.0048000e-01   1.6348000e-01   1.4558000e-01   1.7656000e-01
   3.2500000e+02   2.0176000e-01   1.6633000e-01   1.4753000e-01   1.7951000e-01
   3.3000000e+02   2.0599000e-01   1.6741000e-01   1.5070000e-01   1.8130000e-01
   3.3500000e+02   2.1108000e-01   1.7135000e-01   1.5144000e-01   1.8496000e-01
   3.4000000e+02   2.1531000e-01   1.7488000e-01   1.5498000e-01   1.8944000e-01
   3.4500000e+02   2.1978000e-01   1.7930000e-01   1.5825000e-01   1.9324000e-01
   3.5000000e+02   2.2394000e-01   1.8344000e-01   1.6144000e-01   1.9742000e-01
   3.5500000e+02   2.2912000e-01   1.8736000e-01   1.6438000e-01   2.0170000e-01
   3.6000000e+02   2.3352000e-01   1.9169000e-01   1.6773000e-01   2.0666000e-01
   3.6500000e+02   2.3858000e-01   1.9553000e-01   1.7071000e-01   2.1049000e-01
   3.7000000e+02   2.4261000e-01   1.9963000e-01   1.7323000e-01   2.1508000e-01
   3.7500000e+02   2.4733000e-01   2.0316000e-01   1.7593000e-01   2.1864000e-01
   3.8000000e+02   2.5142000e-01   2.0654000e-01   1.7835000e-01   2.2282000e-01
   3.8500000e+02   2.5568000e-01   2.1016000e-01   1.8023000e-01   2.2666000e-01
   3.9000000e+02   2.5914000e-01   2.1272000e-01   1.8252000e-01   2.3076000e-01
   3.9500000e+02   2.6297000e-01   2.1636000e-01   1.8444000e-01   2.3519000e-01
   4.0000000e+02   2.6852000e-01   2.1981000e-01   1.8754000e-01   2.3964000e-01
   4.0500000e+02   2.7087000e-01   2.2201000e-01   1.8948000e-01   2.4374000e-01
   4.1000000e+02   2.7591000e-01   2.2535000e-01   1.9147000e-01   2.4557000e-01
   4.1500000e+02   2.7801000e-01   2.2751000e-01   1.9336000e-01   2.4933000e-01
   4.2000000e+02   2.8228000e-01   2.3038000e-01   1.9511000e-01   2.5114000e-01
   4.2500000e+02   2.8545000e-01   2.3268000e-01   1.9687000e-01   2.5412000e-01
   4.3000000e+02   2.8857000e-01   2.3510000e-01   1.9863000e-01   2.5736000e-01
   4.3500000e+02   2.9258000e-01   2.3759000e-01   2.0030000e-01   2.5898000e-01
   4.4000000e+02   2.9466000e-01   2.3972000e-01   2.0197000e-01   2.6250000e-01
   4.4500000e+02   2.9861000e-01   2.4213000e-01   2.0356000e-01   2.6392000e-01
   4.5000000e+02   3.0024000e-01   2.4351000e-01   2.0506000e-01   2.6662000e-01
   4.5500000e+02   3.0391000e-01   2.4607000e-01   2.0640000e-01   2.6792000e-01
   4.6000000e+02   3.0601000e-01   2.4790000e-01   2.0803000e-01   2.7067000e-01
   4.6500000e+02   3.0958000e-01   2.5016000e-01   2.0949000e-01   2.7228000e-01
   4.7000000e+02   3.1144000e-01   2.5188000e-01   2.1104000e-01   2.7474000e-01
   4.7500000e+02   3.1491000e-01   2.5409000e-01   2.1253000e-01   2.7621000e-01
   4.8000000e+02   3.1672000e-01   2.5570000e-01   2.1383000e-01   2.7877000e-01
   4.8500000e+02   3.1996000e-01   2.5783000e-01   2.1531000e-01   2.7998000e-01
   4.9000000e+02   3.2174000e-01   2.5941000e-01   2.1706000e-01   2.8237000e-01
   4.9500000e+02   3.2504000e-01   2.6159000e-01   2.1825000e-01   2.8415000e-01
   5.0000000e+02   3.2673000e-01   2.6289000e-01   2.1964000e-01   2.8593000e-01
   5.0500000e+02   3.2949000e-01   2.6453000e-01   2.2082000e-01   2.8708000e-01
   5.1000000e+02   3.3151000e-01   2.6650000e-01   2.2243000e-01   2.8968000e-01
   5.1500000e+02   3.3472000e-01   2.6886000e-01   2.2421000e-01   2.9144000e-01
   5.2000000e+02   3.3658000e-01   2.7066000e-01   2.2578000e-01   2.9360000e-01
   5.2500000e+02   3.3919000e-01   2.7262000e-01   2.2721000e-01   2.9478000e-01
   5.3000000e+02   3.4120000e-01   2.7415000e-01   2.2850000e-01   2.9691000e-01
   5.3500000e+02   3.4379000e-01   2.7591000e-01   2.2980000e-01   2.9861000e-01
   5.4000000e+02   3.4534000e-01   2.7733000e-01   2.3114000e-01   3.0045000e-01
   5.4500000e+02   3.4787000e-01   2.7911000e-01   2.3258000e-01   3.0203000e-01
   5.5000000e+02   3.4998000e-01   2.8050000e-01   2.3381000e-01   3.0389000e-01
   5.5500000e+02   3.5142000e-01   2.8199000e-01   2.3424000e-01   3.0518000e-01
   5.6000000e+02   3.5405000e-01   2.8415000e-01   2.3590000e-01   3.0667000e-01
   5.6500000e+02   3.5567000e-01   2.8530000e-01   2.3719000e-01   3.0808000e-01
   5.7000000e+02   3.5772000e-01   2.8661000e-01   2.3854000e-01   3.0893000e-01
   5.7500000e+02   3.5890000e-01   2.8830000e-01   2.3976000e-01   3.1111000e-01
   5.8000000e+02   3.6160000e-01   2.8975000e-01   2.4112000e-01   3.1182000e-01
   5.8500000e+02   3.6321000e-01   2.9147000e-01   2.4258000e-01   3.1378000e-01
   5.9000000e+02   3.6600000e-01   2.9289000e-01   2.4389000e-01   3.1449000e-01
   5.9500000e+02   3.6694000e-01   2.9430000e-01   2.4506000e-01   3.1633000e-01
   6.0000000e+02   3.6912000e-01   2.9591000e-01   2.4638000e-01   3.1744000e-01
   6.0500000e+02   3.7119000e-01   2.9749000e-01   2.4785000e-01   3.1879000e-01
   6.1000000e+02   3.7231000e-01   2.9893000e-01   2.4877000e-01   3.1999000e-01
   6.1500000e+02   3.7464000e-01   3.0049000e-01   2.5018000e-01   3.2190000e-01
   6.2000000e+02   3.7591000e-01   3.0167000e-01   2.5111000e-01   3.2350000e-01
   6.2500000e+02   3.7811000e-01   3.0333000e-01   2.5207000e-01   3.2498000e-01
   6.3000000e+02   3.7927000e-01   3.0470000e-01   2.5313000e-01   3.2719000e-01
   6.3500000e+02   3.8127000e-01   3.0615000e-01   2.5440000e-01   3.2825000e-01
   6.4000000e+02   3.8191000e-01   3.0714000e-01   2.5569000e-01   3.3004000e-01
   6.4500000e+02   3.8451000e-01   3.0923000e-01   2.5674000e-01   3.3102000e-01
   6.5000000e+02   3.8554000e-01   3.1046000e-01   2.5789000e-01   3.3315000e-01
   6.5500000e+02   3.8772000e-01   3.1219000e-01   2.5932000e-01   3.3416000e-01
   6.6000000e+02   3.8881000e-01   3.1302000e-01   2.6043000e-01   3.3551000e-01
   6.6500000e+02   3.9083000e-01   3.1506000e-01   2.6174000e-01   3.3686000e-01
   6.7000000e+02   3.9228000e-01   3.1599000e-01   2.6298000e-01   3.3858000e-01
   6.7500000e+02   3.9419000e-01   3.1778000e-01   2.6410000e-01   3.3927000e-01
   6.8000000e+02   3.9530000e-01   3.1893000e-01   2.6538000e-01   3.4112000e-01
   6.8500000e+02   3.9783000e-01   3.2093000e-01   2.6680000e-01   3.4234000e-01
   6.9000000e+02   3.9874000e-01   3.2193000e-01   2.6782000e-01   3.4405000e-01
   6.9500000e+02   4.0031000e-01   3.2351000e-01   2.6897000e-01   3.4503000e-01
   7.0000000e+02   4.0177000e-01   3.2486000e-01   2.7018000e-01   3.4652000e-01
   7.0500000e+02   4.0339000e-01   3.2627000e-01   2.7146000e-01   3.4775000e-01
   7.1000000e+02   4.0485000e-01   3.2766000e-01   2.7259000e-01   3.4900000e-01
   7.1500000e+02   4.0686000e-01   3.2936000e-01   2.7378000e-01   3.5079000e-01
   7.2000000e+02   4.0773000e-01   3.3037000e-01   2.7485000e-01   3.5212000e-01
   7.2500000e+02   4.0876000e-01   3.3160000e-01   2.7489000e-01   3.5345000e-01
   7.3000000e+02   4.0987000e-01   3.3266000e-01   2.7620000e-01   3.5523000e-01
   7.3500000e+02   4.1170000e-01   3.3423000e-01   2.7713000e-01   3.5636000e-01
   7.4000000e+02   4.1256000e-01   3.3525000e-01   2.7811000e-01   3.5766000e-01
   7.4500000e+02   4.1327000e-01   3.3633000e-01   2.7915000e-01   3.5879000e-01
   7.5000000e+02   4.1609000e-01   3.3817000e-01   2.8006000e-01   3.5965000e-01
   7.5500000e+02   4.1607000e-01   3.3858000e-01   2.8082000e-01   3.6195000e-01
   7.6000000e+02   4.1844000e-01   3.4035000e-01   2.8178000e-01   3.6141000e-01
   7.6500000e+02   4.1812000e-01   3.4073000e-01   2.8259000e-01   3.6338000e-01
   7.7000000e+02   4.2125000e-01   3.4201000e-01   2.8321000e-01   3.6340000e-01
   7.7500000e+02   4.2069000e-01   3.4261000e-01   2.8371000e-01   3.6535000e-01
   7.8000000e+02   4.2296000e-01   3.4339000e-01   2.8447000e-01   3.6438000e-01
   7.8500000e+02   4.2360000e-01   3.4379000e-01   2.8507000e-01   3.6569000e-01
   7.9000000e+02   4.2404000e-01   3.4422000e-01   2.8576000e-01   3.6643000e-01
   7.9500000e+02   4.2570000e-01   3.4487000e-01   2.8565000e-01   3.6645000e-01
   8.0000000e+02   4.2593000e-01   3.4495000e-01   2.8559000e-01   3.6770000e-01
   8.0500000e+02   4.2731000e-01   3.4572000e-01   2.8540000e-01   3.6830000e-01
   8.1000000e+02   4.2714000e-01   3.4558000e-01   2.8581000e-01   3.6870000e-01
   8.1500000e+02   4.2843000e-01   3.4551000e-01   2.8579000e-01   3.6827000e-01
   8.2000000e+02   4.2828000e-01   3.4527000e-01   2.8551000e-01   3.6880000e-01
   8.2500000e+02   4.2987000e-01   3.4525000e-01   2.8493000e-01   3.6844000e-01
   8.3000000e+02   4.2922000e-01   3.4459000e-01   2.8548000e-01   3.6788000e-01
   8.3500000e+02   4.3094000e-01   3.4451000e-01   2.8465000e-01   3.6797000e-01
   8.4000000e+02   4.3036000e-01   3.4300000e-01   2.8428000e-01   3.6756000e-01
   8.4500000e+02   4.3079000e-01   3.4255000e-01   2.8374000e-01   3.6712000e-01
   8.5000000e+02   4.3054000e-01   3.4209000e-01   2.8278000e-01   3.6674000e-01
   8.5500000e+02   4.3176000e-01   3.4157000e-01   2.8318000e-01   3.6514000e-01
   8.6000000e+02   4.3071000e-01   3.4068000e-01   2.8213000e-01   3.6496000e-01
   8.6500000e+02   4.3047000e-01   3.4022000e-01   2.8205000e-01   3.6469000e-01
   8.7000000e+02   4.3064000e-01   3.3843000e-01   2.8130000e-01   3.6333000e-01
   8.7500000e+02   4.3071000e-01   3.3710000e-01   2.8027000e-01   3.6293000e-01
   8.8000000e+02   4.3034000e-01   3.3684000e-01   2.7989000e-01   3.6228000e-01
   8.8500000e+02   4.3016000e-01   3.3709000e-01   2.7942000e-01   3.6158000e-01
   8.9000000e+02   4.3057000e-01   3.3567000e-01   2.7852000e-01   3.6115000e-01
   8.9500000e+02   4.3069000e-01   3.3489000e-01   2.7772000e-01   3.6127000e-01
   9.0000000e+02   4.3008000e-01   3.3466000e-01   2.7728000e-01   3.6071000e-01
   9.0500000e+02   4.3040000e-01   3.3383000e-01   2.7751000e-01   3.6036000e-01
   9.1000000e+02   4.3099000e-01   3.3417000e-01   2.7778000e-01   3.6042000e-01
   9.1500000e+02   4.3126000e-01   3.3434000e-01   2.7729000e-01   3.6180000e-01
   9.2000000e+02   4.3132000e-01   3.3371000e-01   2.7714000e-01   3.6150000e-01
   9.2500000e+02   4.3164000e-01   3.3398000e-01   2.7701000e-01   3.6196000e-01
   9.3000000e+02   4.3353000e-01   3.3478000e-01   2.7745000e-01   3.6248000e-01
   9.3500000e+02   4.3312000e-01   3.3464000e-01   2.7772000e-01   3.6304000e-01
   9.4000000e+02   4.3358000e-01   3.3550000e-01   2.7852000e-01   3.6370000e-01
   9.4500000e+02   4.3504000e-01   3.3717000e-01   2.7977000e-01   3.6488000e-01
   9.5000000e+02   4.3625000e-01   3.3751000e-01   2.7962000e-01   3.6508000e-01
   9.5500000e+02   4.3695000e-01   3.3843000e-01   2.8085000e-01   3.6618000e-01
   9.6000000e+02   4.3837000e-01   3.3950000e-01   2.8198000e-01   3.6747000e-01
   9.6500000e+02   4.3914000e-01   3.4070000e-01   2.8284000e-01   3.6909000e-01
   9.7000000e+02   4.4060000e-01   3.4181000e-01   2.8417000e-01   3.7025000e-01
   9.7500000e+02   4.4215000e-01   3.4414000e-01   2.8549000e-01   3.7238000e-01
   9.8000000e+02   4.4255000e-01   3.4512000e-01   2.8673000e-01   3.7309000e-01
   9.8500000e+02   4.4517000e-01   3.4696000e-01   2.8826000e-01   3.7564000e-01
   9.9000000e+02   4.4749000e-01   3.4927000e-01   2.8933000e-01   3.7639000e-01
   9.9500000e+02   4.4748000e-01   3.5066000e-01   2.9073000e-01   3.7918000e-01
   1.0000000e+03   4.4839000e-01   3.5180000e-01   2.9221000e-01   3.7952000e-01
   1.0050000e+03   4.5014000e-01   3.5413000e-01   2.9332000e-01   3.8238000e-01
   1.0100000e+03   4.5151000e-01   3.5579000e-01   2.9497000e-01   3.8287000e-01
   1.0150000e+03   4.5238000e-01   3.5767000e-01   2.9669000e-01   3.8698000e-01
   1.0200000e+03   4.5520000e-01   3.5978000e-01   2.9817000e-01   3.8761000e-01
   1.0250000e+03   4.5476000e-01   3.6034000e-01   2.9906000e-01   3.8959000e-01
   1.0300000e+03   4.5735000e-01   3.6266000e-01   3.0029000e-01   3.9120000e-01
   1.0350000e+03   4.5700000e-01   3.6450000e-01   3.0214000e-01   3.9340000e-01
   1.0400000e+03   4.6049000e-01   3.6625000e-01   3.0302000e-01   3.9375000e-01
   1.0450000e+03   4.6003000e-01   3.6713000e-01   3.0462000e-01   3.9580000e-01
   1.0500000e+03   4.6198000e-01   3.6926000e-01   3.0619000e-01   3.9680000e-01
   1.0550000e+03   4.6259000e-01   3.7049000e-01   3.0812000e-01   3.9829000e-01
   1.0600000e+03   4.6345000e-01   3.7201000e-01   3.0954000e-01   4.0027000e-01
   1.0650000e+03   4.6535000e-01   3.7288000e-01   3.1092000e-01   4.0248000e-01
   1.0700000e+03   4.6674000e-01   3.7461000e-01   3.1211000e-01   4.0407000e-01
   1.0750000e+03   4.6784000e-01   3.7611000e-01   3.1332000e-01   4.0603000e-01
   1.0800000e+03   4.6870000e-01   3.7788000e-01   3.1458000e-01   4.0730000e-01
   1.0850000e+03   4.6966000e-01   3.8005000e-01   3.1608000e-01   4.0813000e-01
   1.0900000e+03   4.7127000e-01   3.8182000e-01   3.1719000e-01   4.1024000e-01
   1.0950000e+03   4.7323000e-01   3.8280000e-01   3.1939000e-01   4.1113000e-01
   1.1000000e+03   4.7409000e-01   3.8479000e-01   3.2061000e-01   4.1305000e-01
   1.1050000e+03   4.7580000e-01   3.8592000e-01   3.2234000e-01   4.1442000e-01
   1.1100000e+03   4.7565000e-01   3.8775000e-01   3.2363000e-01   4.1646000e-01
   1.1150000e+03   4.7826000e-01   3.8964000e-01   3.2490000e-01   4.1724000e-01
   1.1200000e+03   4.7870000e-01   3.9068000e-01   3.2632000e-01   4.1890000e-01
   1.1250000e+03   4.8025000e-01   3.9230000e-01   3.2799000e-01   4.1960000e-01
   1.1300000e+03   4.8070000e-01   3.9319000e-01   3.2908000e-01   4.2076000e-01
   1.1350000e+03   4.8153000e-01   3.9502000e-01   3.2989000e-01   4.2258000e-01
   1.1400000e+03   4.8284000e-01   3.9553000e-01   3.3198000e-01   4.2398000e-01
   1.1450000e+03   4.8357000e-01   3.9682000e-01   3.3262000e-01   4.2504000e-01
   1.1500000e+03   4.8345000e-01   3.9807000e-01   3.3413000e-01   4.2516000e-01
   1.1550000e+03   4.8584000e-01   3.9926000e-01   3.3536000e-01   4.2659000e-01
   1.1600000e+03   4.8646000e-01   4.0095000e-01   3.3638000e-01   4.2785000e-01
   1.1650000e+03   4.8772000e-01   4.0205000e-01   3.3760000e-01   4.2853000e-01
   1.1700000e+03   4.8851000e-01   4.0251000e-01   3.3842000e-01   4.2940000e-01
   1.1750000e+03   4.8836000e-01   4.0349000e-01   3.3947000e-01   4.3049000e-01
   1.1800000e+03   4.8964000e-01   4.0432000e-01   3.4056000e-01   4.3137000e-01
   1.1850000e+03   4.9070000e-01   4.0510000e-01   3.4173000e-01   4.3290000e-01
   1.1900000e+03   4.9151000e-01   4.0616000e-01   3.4203000e-01   4.3400000e-01
   1.1950000e+03   4.9295000e-01   4.0651000e-01   3.4334000e-01   4.3430000e-01
   1.2000000e+03   4.9315000e-01   4.0711000e-01   3.4412000e-01   4.3592000e-01
   1.2050000e+03   4.9401000e-01   4.0865000e-01   3.4478000e-01   4.3628000e-01
   1.2100000e+03   4.9414000e-01   4.0952000e-01   3.4476000e-01   4.3795000e-01
   1.2150000e+03   4.9646000e-01   4.1088000e-01   3.4606000e-01   4.3713000e-01
   1.2200000e+03   4.9659000e-01   4.1158000e-01   3.4736000e-01   4.3887000e-01
   1.2250000e+03   4.9716000e-01   4.1177000e-01   3.4782000e-01   4.3973000e-01
   1.2300000e+03   4.9810000e-01   4.1248000e-01   3.4857000e-01   4.4048000e-01
   1.2350000e+03   4.9889000e-01   4.1430000e-01   3.4928000e-01   4.4264000e-01
   1.2400000e+03   4.9896000e-01   4.1400000e-01   3.4974000e-01   4.4293000e-01
   1.2450000e+03   5.0007000e-01   4.1572000e-01   3.5089000e-01   4.4345000e-01
   1.2500000e+03   4.9998000e-01   4.1615000e-01   3.5206000e-01   4.4475000e-01
   1.2550000e+03   5.0137000e-01   4.1711000e-01   3.5228000e-01   4.4489000e-01
   1.2600000e+03   5.0187000e-01   4.1817000e-01   3.5353000e-01   4.4627000e-01
   1.2650000e+03   5.0251000e-01   4.1895000e-01   3.5416000e-01   4.4720000e-01
   1.2700000e+03   5.0431000e-01   4.2002000e-01   3.5532000e-01   4.4716000e-01
   1.2750000e+03   5.0419000e-01   4.2032000e-01   3.5666000e-01   4.4783000e-01
   1.2800000e+03   5.0542000e-01   4.2143000e-01   3.5717000e-01   4.4835000e-01
   1.2850000e+03   5.0543000e-01   4.2189000e-01   3.5849000e-01   4.4834000e-01
   1.2900000e+03   5.0619000e-01   4.2290000e-01   3.5939000e-01   4.5029000e-01
   1.2950000e+03   5.0755000e-01   4.2352000e-01   3.6087000e-01   4.5027000e-01
   1.3000000e+03   5.0797000e-01   4.2473000e-01   3.6180000e-01   4.5193000e-01
   1.3050000e+03   5.0877000e-01   4.2582000e-01   3.6352000e-01   4.5209000e-01
   1.3100000e+03   5.0960000e-01   4.2689000e-01   3.6459000e-01   4.5298000e-01
   1.3150000e+03   5.1030000e-01   4.2816000e-01   3.6545000e-01   4.5411000e-01
   1.3200000e+03   5.1122000e-01   4.2892000e-01   3.6663000e-01   4.5503000e-01
   1.3250000e+03   5.1248000e-01   4.3052000e-01   3.6779000e-01   4.5505000e-01
   1.3300000e+03   5.1281000e-01   4.3082000e-01   3.6876000e-01   4.5620000e-01
   1.3350000e+03   5.1455000e-01   4.3207000e-01   3.7013000e-01   4.5733000e-01
   1.3400000e+03   5.1532000e-01   4.3255000e-01   3.7155000e-01   4.5850000e-01
   1.3450000e+03   5.1521000e-01   4.3312000e-01   3.7199000e-01   4.5900000e-01
   1.3500000e+03   5.1540000e-01   4.3488000e-01   3.7302000e-01   4.6034000e-01
   1.3550000e+03   5.1642000e-01   4.3548000e-01   3.7438000e-01   4.6100000e-01
   1.3600000e+03   5.1704000e-01   4.3679000e-01   3.7570000e-01   4.6194000e-01
   1.3650000e+03   5.1880000e-01   4.3812000e-01   3.7715000e-01   4.6243000e-01
   1.3700000e+03   5.1873000e-01   4.3796000e-01   3.7826000e-01   4.6341000e-01
   1.3750000e+03   5.2025000e-01   4.3990000e-01   3.7979000e-01   4.6392000e-01
   1.3800000e+03   5.1965000e-01   4.4032000e-01   3.8082000e-01   4.6492000e-01
   1.3850000e+03   5.2225000e-01   4.4116000e-01   3.8196000e-01   4.6598000e-01
   1.3900000e+03   5.2254000e-01   4.4228000e-01   3.8284000e-01   4.6745000e-01
   1.3950000e+03   5.2279000e-01   4.4390000e-01   3.8394000e-01   4.6848000e-01
   1.4000000e+03   5.2289000e-01   4.4382000e-01   3.8483000e-01   4.7035000e-01
   1.4050000e+03   5.2417000e-01   4.4543000e-01   3.8567000e-01   4.7128000e-01
   1.4100000e+03   5.2461000e-01   4.4619000e-01   3.8666000e-01   4.7089000e-01
   1.4150000e+03   5.2584000e-01   4.4674000e-01   3.8793000e-01   4.7230000e-01
   1.4200000e+03   5.2705000e-01   4.4795000e-01   3.8886000e-01   4.7284000e-01
   1.4250000e+03   5.2771000e-01   4.4922000e-01   3.9092000e-01   4.7348000e-01
   1.4300000e+03   5.2810000e-01   4.4911000e-01   3.9127000e-01   4.7429000e-01
   1.4350000e+03   5.2821000e-01   4.5061000e-01   3.9328000e-01   4.7516000e-01
   1.4400000e+03   5.2980000e-01   4.5134000e-01   3.9385000e-01   4.7633000e-01
   1.4450000e+03   5.3011000e-01   4.5307000e-01   3.9493000e-01   4.7832000e-01
   1.4500000e+03   5.3005000e-01   4.5424000e-01   3.9588000e-01   4.7753000e-01
   1.4550000e+03   5.3176000e-01   4.5368000e-01   3.9672000e-01   4.7949000e-01
   1.4600000e+03   5.3249000e-01   4.5474000e-01   3.9770000e-01   4.7941000e-01
   1.4650000e+03   5.3221000e-01   4.5580000e-01   3.9844000e-01   4.8166000e-01
   1.4700000e+03   5.3352000e-01   4.5694000e-01   3.9923000e-01   4.8112000e-01
   1.4750000e+03   5.3336000e-01   4.5671000e-01   4.0012000e-01   4.8251000e-01
   1.4800000e+03   5.3536000e-01   4.5794000e-01   4.0154000e-01   4.8262000e-01
   1.4850000e+03   5.3447000e-01   4.5875000e-01   4.0194000e-01   4.8386000e-01
   1.4900000e+03   5.3642000e-01   4.6001000e-01   4.0319000e-01   4.8398000e-01
   1.4950000e+03   5.3592000e-01   4.5979000e-01   4.0409000e-01   4.8580000e-01
   1.5000000e+03   5.3678000e-01   4.6134000e-01   4.0474000e-01   4.8568000e-01
   1.5050000e+03   5.3720000e-01   4.6170000e-01   4.0566000e-01   4.8656000e-01
   1.5100000e+03   5.3803000e-01   4.6250000e-01   4.0593000e-01   4.8750000e-01
   1.5150000e+03   5.3851000e-01   4.6301000e-01   4.0710000e-01   4.8801000e-01
   1.5200000e+03   5.3869000e-01   4.6308000e-01   4.0766000e-01   4.8888000e-01
   1.5250000e+03   5.3910000e-01   4.6383000e-01   4.0869000e-01   4.8854000e-01
   1.5300000e+03   5.3982000e-01   4.6411000e-01   4.0962000e-01   4.9025000e-01
   1.5350000e+03   5.4087000e-01   4.6542000e-01   4.1003000e-01   4.9115000e-01
   1.5400000e+03   5.4080000e-01   4.6583000e-01   4.1068000e-01   4.9136000e-01
   1.5450000e+03   5.4196000e-01   4.6681000e-01   4.1100000e-01   4.9115000e-01
   1.5500000e+03   5.4166000e-01   4.6716000e-01   4.1173000e-01   4.9227000e-01
   1.5550000e+03   5.4223000e-01   4.6663000e-01   4.1285000e-01   4.9255000e-01
   1.5600000e+03   5.4186000e-01   4.6749000e-01   4.1334000e-01   4.9311000e-01
   1.5650000e+03   5.4383000e-01   4.6903000e-01   4.1433000e-01   4.9447000e-01
   1.5700000e+03   5.4455000e-01   4.6877000e-01   4.1478000e-01   4.9393000e-01
   1.5750000e+03   5.4417000e-01   4.6909000e-01   4.1482000e-01   4.9486000e-01
   1.5800000e+03   5.4426000e-01   4.6911000e-01   4.1550000e-01   4.9503000e-01
   1.5850000e+03   5.4478000e-01   4.6971000e-01   4.1576000e-01   4.9514000e-01
   1.5900000e+03   5.4587000e-01   4.6999000e-01   4.1638000e-01   4.9598000e-01
   1.5950000e+03   5.4654000e-01   4.6998000e-01   4.1670000e-01   4.9646000e-01
   1.6000000e+03   5.4675000e-01   4.7055000e-01   4.1708000e-01   4.9680000e-01
   1.6050000e+03   5.4728000e-01   4.7113000e-01   4.1778000e-01   4.9716000e-01
   1.6100000e+03   5.4696000e-01   4.7184000e-01   4.1808000e-01   4.9766000e-01
   1.6150000e+03   5.4728000e-01   4.7223000e-01   4.1814000e-01   4.9740000e-01
   1.6200000e+03   5.4895000e-01   4.7205000e-01   4.1897000e-01   4.9831000e-01
   1.6250000e+03   5.4886000e-01   4.7265000e-01   4.1919000e-01   4.9824000e-01
   1.6300000e+03   5.4789000e-01   4.7230000e-01   4.1905000e-01   4.9806000e-01
   1.6350000e+03   5.4936000e-01   4.7310000e-01   4.1914000e-01   4.9900000e-01
   1.6400000e+03   5.4826000e-01   4.7316000e-01   4.1980000e-01   4.9819000e-01
   1.6450000e+03   5.4991000e-01   4.7386000e-01   4.2025000e-01   4.9900000e-01
   1.6500000e+03   5.5038000e-01   4.7403000e-01   4.2038000e-01   4.9938000e-01
   1.6550000e+03   5.5031000e-01   4.7279000e-01   4.2104000e-01   4.9948000e-01
   1.6600000e+03   5.5041000e-01   4.7383000e-01   4.2083000e-01   5.0073000e-01
   1.6650000e+03   5.5064000e-01   4.7428000e-01   4.2278000e-01   5.0084000e-01
   1.6700000e+03   5.5059000e-01   4.7475000e-01   4.2242000e-01   5.0171000e-01
   1.6750000e+03   5.5083000e-01   4.7541000e-01   4.2430000e-01   5.0069000e-01
   1.6800000e+03   5.5147000e-01   4.7483000e-01   4.2412000e-01   5.0222000e-01
   1.6850000e+03   5.5248000e-01   4.7518000e-01   4.2405000e-01   5.0258000e-01
   1.6900000e+03   5.5157000e-01   4.7473000e-01   4.2426000e-01   5.0208000e-01
   1.6950000e+03   5.5236000e-01   4.7537000e-01   4.2497000e-01   5.0203000e-01
   1.7000000e+03   5.5216000e-01   4.7504000e-01   4.2628000e-01   5.0345000e-01
   1.7050000e+03   5.5331000e-01   4.7535000e-01   4.2525000e-01   5.0290000e-01
   1.7100000e+03   5.5271000e-01   4.7587000e-01   4.2543000e-01   5.0296000e-01
   1.7150000e+03   5.5429000e-01   4.7589000e-01   4.2526000e-01   5.0318000e-01
   1.7200000e+03   5.5315000e-01   4.7541000e-01   4.2524000e-01   5.0278000e-01
   1.7250000e+03   5.5483000e-01   4.7648000e-01   4.2529000e-01   5.0365000e-01
   1.7300000e+03   5.5387000e-01   4.7616000e-01   4.2553000e-01   5.0315000e-01
   1.7350000e+03   5.5425000e-01   4.7622000e-01   4.2568000e-01   5.0318000e-01
   1.7400000e+03   5.5416000e-01   4.7578000e-01   4.2588000e-01   5.0352000e-01
   1.7450000e+03   5.5457000e-01   4.7582000e-01   4.2600000e-01   5.0389000e-01
   1.7500000e+03   5.5470000e-01   4.7560000e-01   4.2555000e-01   5.0371000e-01
   1.7550000e+03   5.5402000e-01   4.7491000e-01   4.2570000e-01   5.0340000e-01
   1.7600000e+03   5.5570000e-01   4.7607000e-01   4.2598000e-01   5.0318000e-01
   1.7650000e+03   5.5498000e-01   4.7514000e-01   4.2611000e-01   5.0406000e-01
   1.7700000e+03   5.5550000e-01   4.7616000e-01   4.2607000e-01   5.0416000e-01
   1.7750000e+03   5.5515000e-01   4.7595000e-01   4.2620000e-01   5.0481000e-01
   1.7800000e+03   5.5462000e-01   4.7611000e-01   4.2598000e-01   5.0348000e-01
   1.7850000e+03   5.5421000e-01   4.7475000e-01   4.2638000e-01   5.0387000e-01
   1.7900000e+03   5.5424000e-01   4.7624000e-01   4.2616000e-01   5.0417000e-01
   1.7950000e+03   5.5425000e-01   4.7545000e-01   4.2683000e-01   5.0434000e-01
   1.8000000e+03   5.5497000e-01   4.7634000e-01   4.2670000e-01   5.0486000e-01
   1.8050000e+03   5.5501000e-01   4.7618000e-01   4.2660000e-01   5.0561000e-01
   1.8100000e+03   5.5534000e-01   4.7661000e-01   4.2677000e-01   5.0535000e-01
   1.8150000e+03   5.5539000e-01   4.7627000e-01   4.2660000e-01   5.0639000e-01
   1.8200000e+03   5.5515000e-01   4.7697000e-01   4.2636000e-01   5.0630000e-01
   1.8250000e+03   5.5551000e-01   4.7672000e-01   4.2695000e-01   5.0558000e-01
   1.8300000e+03   5.5588000e-01   4.7671000e-01   4.2734000e-01   5.0649000e-01
   1.8350000e+03   5.5617000e-01   4.7654000e-01   4.2821000e-01   5.0705000e-01
   1.8400000e+03   5.5648000e-01   4.7732000e-01   4.2838000e-01   5.0645000e-01
   1.8450000e+03   5.5743000e-01   4.7756000e-01   4.2894000e-01   5.0629000e-01
   1.8500000e+03   5.5657000e-01   4.7679000e-01   4.2967000e-01   5.0612000e-01
   1.8550000e+03   5.5712000e-01   4.7644000e-01   4.3009000e-01   5.0556000e-01
   1.8600000e+03   5.5655000e-01   4.7746000e-01   4.2902000e-01   5.0646000e-01
   1.8650000e+03   5.5705000e-01   4.7768000e-01   4.2998000e-01   5.0621000e-01
   1.8700000e+03   5.5782000e-01   4.7851000e-01   4.3105000e-01   5.0601000e-01
   1.8750000e+03   5.5818000e-01   4.7884000e-01   4.3110000e-01   5.0611000e-01
   1.8800000e+03   5.5812000e-01   4.7869000e-01   4.3106000e-01   5.0663000e-01
   1.8850000e+03   5.5932000e-01   4.7932000e-01   4.3253000e-01   5.0589000e-01
   1.8900000e+03   5.5831000e-01   4.7879000e-01   4.3135000e-01   5.0660000e-01
   1.8950000e+03   5.5801000e-01   4.7846000e-01   4.3066000e-01   5.0726000e-01
   1.9000000e+03   5.5834000e-01   4.7853000e-01   4.3135000e-01   5.0709000e-01
   1.9050000e+03   5.5891000e-01   4.7878000e-01   4.3183000e-01   5.0728000e-01
   1.9100000e+03   5.5846000e-01   4.7863000e-01   4.3172000e-01   5.0769000e-01
   1.9150000e+03   5.5970000e-01   4.7948000e-01   4.3321000e-01   5.0717000e-01
   1.9200000e+03   5.5814000e-01   4.7907000e-01   4.3251000e-01   5.0756000e-01
   1.9250000e+03   5.6073000e-01   4.8050000e-01   4.3501000e-01   5.0754000e-01
   1.9300000e+03   5.5974000e-01   4.8014000e-01   4.3385000e-01   5.0832000e-01
   1.9350000e+03   5.6049000e-01   4.8228000e-01   4.3459000e-01   5.0790000e-01
   1.9400000e+03   5.6065000e-01   4.8161000e-01   4.3456000e-01   5.0863000e-01
   1.9450000e+03   5.6080000e-01   4.8162000e-01   4.3489000e-01   5.0906000e-01
   1.9500000e+03   5.6098000e-01   4.8155000e-01   4.3487000e-01   5.0935000e-01
   1.9550000e+03   5.6112000e-01   4.8202000e-01   4.3522000e-01   5.0911000e-01
   1.9600000e+03   5.6078000e-01   4.8200000e-01   4.3577000e-01   5.0881000e-01
   1.9650000e+03   5.6129000e-01   4.8234000e-01   4.3651000e-01   5.0894000e-01
   1.9700000e+03   5.6191000e-01   4.8259000e-01   4.3707000e-01   5.1084000e-01
   1.9750000e+03   5.6217000e-01   4.8268000e-01   4.3684000e-01   5.1007000e-01
   1.9800000e+03   5.6285000e-01   4.8343000e-01   4.3807000e-01   5.1235000e-01
   1.9850000e+03   5.6309000e-01   4.8446000e-01   4.3844000e-01   5.1165000e-01
   1.9900000e+03   5.6341000e-01   4.8456000e-01   4.3874000e-01   5.1228000e-01
   1.9950000e+03   5.6346000e-01   4.8434000e-01   4.3973000e-01   5.1127000e-01
   2.0000000e+03   5.6354000e-01   4.8522000e-01   4.4014000e-01   5.1212000e-01
   2.0050000e+03   5.6372000e-01   4.8521000e-01   4.4096000e-01   5.1249000e-01
   2.0100000e+03   5.6419000e-01   4.8523000e-01   4.4047000e-01   5.1391000e-01
   2.0150000e+03   5.6452000e-01   4.8672000e-01   4.4153000e-01   5.1310000e-01
   2.0200000e+03   5.6523000e-01   4.8670000e-01   4.4209000e-01   5.1319000e-01
   2.0250000e+03   5.6546000e-01   4.8735000e-01   4.4339000e-01   5.1373000e-01
   2.0300000e+03   5.6678000e-01   4.8814000e-01   4.4328000e-01   5.1557000e-01
   2.0350000e+03   5.6663000e-01   4.8885000e-01   4.4367000e-01   5.1520000e-01
   2.0400000e+03   5.6664000e-01   4.8913000e-01   4.4483000e-01   5.1730000e-01
   2.0450000e+03   5.6624000e-01   4.8999000e-01   4.4484000e-01   5.1745000e-01
   2.0500000e+03   5.6564000e-01   4.8999000e-01   4.4557000e-01   5.1695000e-01
   2.0550000e+03   5.6643000e-01   4.9085000e-01   4.4659000e-01   5.1779000e-01
   2.0600000e+03   5.6751000e-01   4.9093000e-01   4.4719000e-01   5.1746000e-01
   2.0650000e+03   5.6713000e-01   4.9128000e-01   4.4831000e-01   5.1859000e-01
   2.0700000e+03   5.6818000e-01   4.9198000e-01   4.4834000e-01   5.1814000e-01
   2.0750000e+03   5.6901000e-01   4.9299000e-01   4.4912000e-01   5.2042000e-01
   2.0800000e+03   5.7052000e-01   4.9398000e-01   4.4963000e-01   5.2080000e-01
   2.0850000e+03   5.6882000e-01   4.9396000e-01   4.5055000e-01   5.2140000e-01
   2.0900000e+03   5.7012000e-01   4.9482000e-01   4.5114000e-01   5.2149000e-01
   2.0950000e+03   5.6996000e-01   4.9583000e-01   4.5190000e-01   5.2402000e-01
   2.1000000e+03   5.7086000e-01   4.9600000e-01   4.5308000e-01   5.2270000e-01
   2.1050000e+03   5.7040000e-01   4.9733000e-01   4.5517000e-01   5.2521000e-01
   2.1100000e+03   5.7158000e-01   4.9769000e-01   4.5570000e-01   5.2365000e-01
   2.1150000e+03   5.7076000e-01   4.9880000e-01   4.5645000e-01   5.2578000e-01
   2.1200000e+03   5.7149000e-01   4.9900000e-01   4.5609000e-01   5.2560000e-01
   2.1250000e+03   5.7101000e-01   4.9863000e-01   4.5725000e-01   5.2706000e-01
   2.1300000e+03   5.7319000e-01   5.0058000e-01   4.5804000e-01   5.2726000e-01
   2.1350000e+03   5.7341000e-01   5.0137000e-01   4.5896000e-01   5.2849000e-01
   2.1400000e+03   5.7444000e-01   5.0249000e-01   4.5929000e-01   5.2906000e-01
   2.1450000e+03   5.7449000e-01   5.0303000e-01   4.6017000e-01   5.2953000e-01
   2.1500000e+03   5.7407000e-01   5.0303000e-01   4.6046000e-01   5.3045000e-01
   2.1550000e+03   5.7507000e-01   5.0501000e-01   4.6200000e-01   5.3118000e-01
   2.1600000e+03   5.7507000e-01   5.0541000e-01   4.6221000e-01   5.3232000e-01
   2.1650000e+03   5.7638000e-01   5.0634000e-01   4.6329000e-01   5.3264000e-01
   2.1700000e+03   5.7662000e-01   5.0690000e-01   4.6465000e-01   5.3348000e-01
   2.1750000e+03   5.7755000e-01   5.0843000e-01   4.6522000e-01   5.3528000e-01
   2.1800000e+03   5.7740000e-01   5.0910000e-01   4.6606000e-01   5.3615000e-01
   2.1850000e+03   5.7870000e-01   5.1003000e-01   4.6735000e-01   5.3683000e-01
   2.1900000e+03   5.7911000e-01   5.1099000e-01   4.6819000e-01   5.3773000e-01
   2.1950000e+03   5.7975000e-01   5.1204000e-01   4.6854000e-01   5.3842000e-01
   2.2000000e+03   5.7981000e-01   5.1191000e-01   4.6978000e-01   5.3912000e-01
   2.2050000e+03   5.8109000e-01   5.1267000e-01   4.7080000e-01   5.3961000e-01
   2.2100000e+03   5.8125000e-01   5.1368000e-01   4.7192000e-01   5.4062000e-01
   2.2150000e+03   5.8197000e-01   5.1465000e-01   4.7219000e-01   5.4100000e-01
   2.2200000e+03   5.8160000e-01   5.1509000e-01   4.7298000e-01   5.4211000e-01
   2.2250000e+03   5.8246000e-01   5.1598000e-01   4.7422000e-01   5.4225000e-01
   2.2300000e+03   5.8328000e-01   5.1686000e-01   4.7498000e-01   5.4294000e-01
   2.2350000e+03   5.8326000e-01   5.1777000e-01   4.7569000e-01   5.4374000e-01
   2.2400000e+03   5.8429000e-01   5.1870000e-01   4.7673000e-01   5.4469000e-01
   2.2450000e+03   5.8450000e-01   5.1930000e-01   4.7719000e-01   5.4527000e-01
   2.2500000e+03   5.8446000e-01   5.2012000e-01   4.7817000e-01   5.4593000e-01
   2.2550000e+03   5.8518000e-01   5.2093000e-01   4.7849000e-01   5.4642000e-01
   2.2600000e+03   5.8518000e-01   5.2111000e-01   4.7905000e-01   5.4710000e-01
   2.2650000e+03   5.8599000e-01   5.2216000e-01   4.8004000e-01   5.4712000e-01
   2.2700000e+03   5.8578000e-01   5.2280000e-01   4.8030000e-01   5.4858000e-01
   2.2750000e+03   5.8598000e-01   5.2364000e-01   4.8117000e-01   5.4868000e-01
   2.2800000e+03   5.8679000e-01   5.2427000e-01   4.8221000e-01   5.5030000e-01
   2.2850000e+03   5.8723000e-01   5.2501000e-01   4.8261000e-01   5.5025000e-01
   2.2900000e+03   5.8720000e-01   5.2535000e-01   4.8333000e-01   5.5161000e-01
   2.2950000e+03   5.8730000e-01   5.2550000e-01   4.8417000e-01   5.5129000e-01
   2.3000000e+03   5.8831000e-01   5.2622000e-01   4.8498000e-01   5.5255000e-01
   2.3050000e+03   5.8956000e-01   5.2731000e-01   4.8545000e-01   5.5299000e-01
   2.3100000e+03   5.8974000e-01   5.2771000e-01   4.8610000e-01   5.5353000e-01
   2.3150000e+03   5.8968000e-01   5.2857000e-01   4.8665000e-01   5.5346000e-01
   2.3200000e+03   5.8912000e-01   5.2949000e-01   4.8739000e-01   5.5463000e-01
   2.3250000e+03   5.8966000e-01   5.3051000e-01   4.8802000e-01   5.5512000e-01
   2.3300000e+03   5.9067000e-01   5.3101000e-01   4.8849000e-01   5.5600000e-01
   2.3350000e+03   5.9183000e-01   5.3202000e-01   4.8934000e-01   5.5612000e-01
   2.3400000e+03   5.9150000e-01   5.3260000e-01   4.9015000e-01   5.5634000e-01
   2.3450000e+03   5.9277000e-01   5.3344000e-01   4.9049000e-01   5.5688000e-01
   2.3500000e+03   5.9150000e-01   5.3416000e-01   4.9117000e-01   5.5789000e-01
   2.3550000e+03   5.9158000e-01   5.3412000e-01   4.9154000e-01   5.5816000e-01
   2.3600000e+03   5.9303000e-01   5.3480000e-01   4.9305000e-01   5.5910000e-01
   2.3650000e+03   5.9307000e-01   5.3504000e-01   4.9323000e-01   5.5935000e-01
   2.3700000e+03   5.9327000e-01   5.3550000e-01   4.9352000e-01   5.5984000e-01
   2.3750000e+03   5.9258000e-01   5.3509000e-01   4.9463000e-01   5.6106000e-01
   2.3800000e+03   5.9452000e-01   5.3667000e-01   4.9502000e-01   5.6131000e-01
   2.3850000e+03   5.9352000e-01   5.3666000e-01   4.9552000e-01   5.6289000e-01
   2.3900000e+03   5.9554000e-01   5.3893000e-01   4.9655000e-01   5.6310000e-01
   2.3950000e+03   5.9448000e-01   5.3847000e-01   4.9747000e-01   5.6503000e-01
   2.4000000e+03   5.9637000e-01   5.4055000e-01   4.9849000e-01   5.6481000e-01
   2.4050000e+03   5.9452000e-01   5.4127000e-01   4.9844000e-01   5.6746000e-01
   2.4100000e+03   5.9628000e-01   5.4197000e-01   4.9875000e-01   5.6647000e-01
   2.4150000e+03   5.9583000e-01   5.4228000e-01   4.9898000e-01   5.6769000e-01
   2.4200000e+03   5.9739000e-01   5.4263000e-01   5.0072000e-01   5.6672000e-01
   2.4250000e+03   5.9785000e-01   5.4409000e-01   5.0325000e-01   5.6700000e-01
   2.4300000e+03   5.9847000e-01   5.4460000e-01   5.0316000e-01   5.6747000e-01
   2.4350000e+03   5.9807000e-01   5.4576000e-01   5.0349000e-01   5.6831000e-01
   2.4400000e+03   5.9847000e-01   5.4508000e-01   5.0423000e-01   5.6837000e-01
   2.4450000e+03   5.9904000e-01   5.4682000e-01   5.0362000e-01   5.7038000e-01
   2.4500000e+03   5.9808000e-01   5.4626000e-01   5.0418000e-01   5.6962000e-01
   2.4550000e+03   5.9900000e-01   5.4775000e-01   5.0420000e-01   5.7200000e-01
   2.4600000e+03   5.9839000e-01   5.4828000e-01   5.0432000e-01   5.7297000e-01
   2.4650000e+03   5.9873000e-01   5.4809000e-01   5.0499000e-01   5.7284000e-01
   2.4700000e+03   5.9892000e-01   5.4856000e-01   5.0521000e-01   5.7505000e-01
   2.4750000e+03   5.9892000e-01   5.4956000e-01   5.0631000e-01   5.7434000e-01
   2.4800000e+03   5.9889000e-01   5.4993000e-01   5.0607000e-01   5.7586000e-01
   2.4850000e+03   5.9947000e-01   5.5017000e-01   5.0557000e-01   5.7587000e-01
   2.4900000e+03   5.9922000e-01   5.5080000e-01   5.0744000e-01   5.7725000e-01
   2.4950000e+03   5.9890000e-01   5.5109000e-01   5.0703000e-01   5.7714000e-01
   2.5000000e+03   5.9971000e-01   5.5233000e-01   5.0849000e-01   5.7789000e-01
   2.5050000e+03   5.9931000e-01   5.5153000e-01   5.0837000e-01   5.7958000e-01
   2.5100000e+03   5.9905000e-01   5.5277000e-01   5.0928000e-01   5.7864000e-01
   2.5150000e+03   5.9877000e-01   5.5161000e-01   5.0909000e-01   5.8051000e-01
   2.5200000e+03   5.9967000e-01   5.5210000e-01   5.0945000e-01   5.7995000e-01
   2.5250000e+03   5.9992000e-01   5.5209000e-01   5.0892000e-01   5.8067000e-01
   2.5300000e+03   5.9878000e-01   5.5392000e-01   5.1016000e-01   5.8170000e-01
   2.5350000e+03   6.0002000e-01   5.5273000e-01   5.0925000e-01   5.8179000e-01
   2.5400000e+03   6.0002000e-01   5.5508000e-01   5.1015000e-01   5.8235000e-01
   2.5450000e+03   6.0016000e-01   5.5466000e-01   5.1245000e-01   5.8188000e-01
   2.5500000e+03   6.0062000e-01   5.5395000e-01   5.1071000e-01   5.8295000e-01
   2.5550000e+03   6.0044000e-01   5.5574000e-01   5.1128000e-01   5.8464000e-01
   2.5600000e+03   6.0035000e-01   5.5579000e-01   5.1393000e-01   5.8366000e-01
   2.5650000e+03   6.0053000e-01   5.5449000e-01   5.1427000e-01   5.8427000e-01
   2.5700000e+03   6.0127000e-01   5.5792000e-01   5.1477000e-01   5.8498000e-01
   2.5750000e+03   6.0129000e-01   5.5780000e-01   5.1547000e-01   5.8541000e-01
   2.5800000e+03   6.0215000e-01   5.6030000e-01   5.1838000e-01   5.8326000e-01
   2.5850000e+03   6.0089000e-01   5.5742000e-01   5.1909000e-01   5.8847000e-01
   2.5900000e+03   6.0504000e-01   5.6155000e-01   5.2035000e-01   5.8428000e-01
   2.5950000e+03   6.0300000e-01   5.5710000e-01   5.2461000e-01   5.8216000e-01
   2.6000000e+03   6.0400000e-01   5.6327000e-01   5.2379000e-01   5.8587000e-01
