   3.0000000e+02   1.8101000e-01   1.5129000e-01   1.1976000e-01   1.5933000e-01
   3.0500000e+02   1.7930000e-01   1.4862000e-01   1.1992000e-01   1.5678000e-01
   3.1000000e+02   1.8104000e-01   1.5015000e-01   1.2022000e-01   1.5980000e-01
   3.1500000e+02   1.8143000e-01   1.5015000e-01   1.2122000e-01   1.6038000e-01
   3.2000000e+02   1.8566000e-01   1.5228000e-01   1.2244000e-01   1.6354000e-01
   3.2500000e+02   1.8664000e-01   1.5519000e-01   1.2381000e-01   1.6586000e-01
   3.3000000e+02   1.9123000e-01   1.5685000e-01   1.2567000e-01   1.6757000e-01
   3.3500000e+02   1.9468000e-01   1.6043000e-01   1.2786000e-01   1.7116000e-01
   3.4000000e+02   1.9892000e-01   1.6416000e-01   1.3011000e-01   1.7446000e-01
   3.4500000e+02   2.0237000e-01   1.6753000e-01   1.3269000e-01   1.7807000e-01
   3.5000000e+02   2.0675000e-01   1.7094000e-01   1.3515000e-01   1.8092000e-01
   3.5500000e+02   2.1118000e-01   1.7493000e-01   1.3799000e-01   1.8519000e-01
   3.6000000e+02   2.1493000e-01   1.7870000e-01   1.4085000e-01   1.8945000e-01
   3.6500000e+02   2.1917000e-01   1.8172000e-01   1.4340000e-01   1.9296000e-01
   3.7000000e+02   2.2267000e-01   1.8534000e-01   1.4581000e-01   1.9637000e-01
   3.7500000e+02   2.2669000e-01   1.8844000e-01   1.4834000e-01   1.9974000e-01
   3.8000000e+02   2.3024000e-01   1.9199000e-01   1.5073000e-01   2.0323000e-01
   3.8500000e+02   2.3374000e-01   1.9500000e-01   1.5278000e-01   2.0710000e-01
   3.9000000e+02   2.3707000e-01   1.9768000e-01   1.5451000e-01   2.1082000e-01
   3.9500000e+02   2.4050000e-01   2.0116000e-01   1.5649000e-01   2.1490000e-01
   4.0000000e+02   2.4533000e-01   2.0412000e-01   1.5835000e-01   2.1898000e-01
   4.0500000e+02   2.4838000e-01   2.0643000e-01   1.5994000e-01   2.2106000e-01
   4.1000000e+02   2.5171000e-01   2.0915000e-01   1.6156000e-01   2.2396000e-01
   4.1500000e+02   2.5499000e-01   2.1165000e-01   1.6326000e-01   2.2637000e-01
   4.2000000e+02   2.5782000e-01   2.1393000e-01   1.6466000e-01   2.2924000e-01
   4.2500000e+02   2.6130000e-01   2.1634000e-01   1.6618000e-01   2.3167000e-01
   4.3000000e+02   2.6434000e-01   2.1879000e-01   1.6782000e-01   2.3433000e-01
   4.3500000e+02   2.6748000e-01   2.2109000e-01   1.6924000e-01   2.3602000e-01
   4.4000000e+02   2.7011000e-01   2.2315000e-01   1.7054000e-01   2.3839000e-01
   4.4500000e+02   2.7310000e-01   2.2512000e-01   1.7186000e-01   2.3993000e-01
   4.5000000e+02   2.7543000e-01   2.2716000e-01   1.7309000e-01   2.4210000e-01
   4.5500000e+02   2.7869000e-01   2.2930000e-01   1.7383000e-01   2.4365000e-01
   4.6000000e+02   2.8089000e-01   2.3112000e-01   1.7469000e-01   2.4601000e-01
   4.6500000e+02   2.8402000e-01   2.3326000e-01   1.7594000e-01   2.4836000e-01
   4.7000000e+02   2.8601000e-01   2.3487000e-01   1.7704000e-01   2.5036000e-01
   4.7500000e+02   2.8871000e-01   2.3678000e-01   1.7820000e-01   2.5121000e-01
   4.8000000e+02   2.9089000e-01   2.3854000e-01   1.7949000e-01   2.5340000e-01
   4.8500000e+02   2.9357000e-01   2.4037000e-01   1.8074000e-01   2.5536000e-01
   4.9000000e+02   2.9591000e-01   2.4223000e-01   1.8164000e-01   2.5729000e-01
   4.9500000e+02   2.9846000e-01   2.4382000e-01   1.8260000e-01   2.5829000e-01
   5.0000000e+02   3.0042000e-01   2.4561000e-01   1.8359000e-01   2.6013000e-01
   5.0500000e+02   3.0272000e-01   2.4702000e-01   1.8474000e-01   2.6113000e-01
   5.1000000e+02   3.0506000e-01   2.4890000e-01   1.8587000e-01   2.6333000e-01
   5.1500000e+02   3.0784000e-01   2.5096000e-01   1.8690000e-01   2.6511000e-01
   5.2000000e+02   3.0988000e-01   2.5262000e-01   1.8783000e-01   2.6681000e-01
   5.2500000e+02   3.1260000e-01   2.5453000e-01   1.8871000e-01   2.6822000e-01
   5.3000000e+02   3.1441000e-01   2.5608000e-01   1.8956000e-01   2.6994000e-01
   5.3500000e+02   3.1688000e-01   2.5791000e-01   1.9055000e-01   2.7141000e-01
   5.4000000e+02   3.1925000e-01   2.5959000e-01   1.9162000e-01   2.7311000e-01
   5.4500000e+02   3.2122000e-01   2.6114000e-01   1.9261000e-01   2.7445000e-01
   5.5000000e+02   3.2309000e-01   2.6258000e-01   1.9356000e-01   2.7598000e-01
   5.5500000e+02   3.2493000e-01   2.6402000e-01   1.9471000e-01   2.7709000e-01
   5.6000000e+02   3.2663000e-01   2.6564000e-01   1.9588000e-01   2.7860000e-01
   5.6500000e+02   3.2910000e-01   2.6738000e-01   1.9697000e-01   2.7983000e-01
   5.7000000e+02   3.3077000e-01   2.6864000e-01   1.9827000e-01   2.8096000e-01
   5.7500000e+02   3.3311000e-01   2.7031000e-01   1.9939000e-01   2.8195000e-01
   5.8000000e+02   3.3485000e-01   2.7190000e-01   2.0028000e-01   2.8355000e-01
   5.8500000e+02   3.3694000e-01   2.7355000e-01   2.0096000e-01   2.8435000e-01
   5.9000000e+02   3.3863000e-01   2.7455000e-01   2.0176000e-01   2.8554000e-01
   5.9500000e+02   3.4050000e-01   2.7599000e-01   2.0238000e-01   2.8635000e-01
   6.0000000e+02   3.4251000e-01   2.7769000e-01   2.0316000e-01   2.8772000e-01
   6.0500000e+02   3.4443000e-01   2.7902000e-01   2.0395000e-01   2.8786000e-01
   6.1000000e+02   3.4618000e-01   2.8056000e-01   2.0491000e-01   2.9013000e-01
   6.1500000e+02   3.4780000e-01   2.8197000e-01   2.0568000e-01   2.9128000e-01
   6.2000000e+02   3.4969000e-01   2.8339000e-01   2.0666000e-01   2.9306000e-01
   6.2500000e+02   3.5147000e-01   2.8516000e-01   2.0776000e-01   2.9490000e-01
   6.3000000e+02   3.5278000e-01   2.8633000e-01   2.0886000e-01   2.9637000e-01
   6.3500000e+02   3.5498000e-01   2.8790000e-01   2.0995000e-01   2.9809000e-01
   6.4000000e+02   3.5622000e-01   2.8922000e-01   2.1131000e-01   2.9945000e-01
   6.4500000e+02   3.5829000e-01   2.9079000e-01   2.1273000e-01   3.0060000e-01
   6.5000000e+02   3.5995000e-01   2.9212000e-01   2.1412000e-01   3.0196000e-01
   6.5500000e+02   3.6160000e-01   2.9362000e-01   2.1550000e-01   3.0306000e-01
   6.6000000e+02   3.6325000e-01   2.9496000e-01   2.1668000e-01   3.0409000e-01
   6.6500000e+02   3.6510000e-01   2.9637000e-01   2.1771000e-01   3.0516000e-01
   6.7000000e+02   3.6668000e-01   2.9770000e-01   2.1849000e-01   3.0602000e-01
   6.7500000e+02   3.6847000e-01   2.9926000e-01   2.1917000e-01   3.0678000e-01
   6.8000000e+02   3.7005000e-01   3.0066000e-01   2.2005000e-01   3.0792000e-01
   6.8500000e+02   3.7196000e-01   3.0209000e-01   2.2097000e-01   3.0967000e-01
   6.9000000e+02   3.7350000e-01   3.0360000e-01   2.2188000e-01   3.1092000e-01
   6.9500000e+02   3.7517000e-01   3.0489000e-01   2.2304000e-01   3.1220000e-01
   7.0000000e+02   3.7696000e-01   3.0653000e-01   2.2425000e-01   3.1331000e-01
   7.0500000e+02   3.7839000e-01   3.0796000e-01   2.2519000e-01   3.1459000e-01
   7.1000000e+02   3.8020000e-01   3.0961000e-01   2.2612000e-01   3.1573000e-01
   7.1500000e+02   3.8160000e-01   3.1060000e-01   2.2715000e-01   3.1686000e-01
   7.2000000e+02   3.8306000e-01   3.1212000e-01   2.2798000e-01   3.1786000e-01
   7.2500000e+02   3.8393000e-01   3.1321000e-01   2.2884000e-01   3.1887000e-01
   7.3000000e+02   3.8542000e-01   3.1453000e-01   2.2985000e-01   3.2006000e-01
   7.3500000e+02   3.8702000e-01   3.1596000e-01   2.3077000e-01   3.2069000e-01
   7.4000000e+02   3.8853000e-01   3.1702000e-01   2.3169000e-01   3.2194000e-01
   7.4500000e+02   3.8989000e-01   3.1830000e-01   2.3259000e-01   3.2331000e-01
   7.5000000e+02   3.9115000e-01   3.1923000e-01   2.3363000e-01   3.2425000e-01
   7.5500000e+02   3.9248000e-01   3.2068000e-01   2.3484000e-01   3.2551000e-01
   7.6000000e+02   3.9419000e-01   3.2175000e-01   2.3618000e-01   3.2686000e-01
   7.6500000e+02   3.9582000e-01   3.2307000e-01   2.3746000e-01   3.2706000e-01
   7.7000000e+02   3.9695000e-01   3.2405000e-01   2.3870000e-01   3.2767000e-01
   7.7500000e+02   3.9806000e-01   3.2502000e-01   2.3956000e-01   3.2857000e-01
   7.8000000e+02   3.9943000e-01   3.2582000e-01   2.4018000e-01   3.2905000e-01
   7.8500000e+02   4.0065000e-01   3.2651000e-01   2.4069000e-01   3.2983000e-01
   7.9000000e+02   4.0176000e-01   3.2710000e-01   2.4118000e-01   3.3023000e-01
   7.9500000e+02   4.0273000e-01   3.2800000e-01   2.4156000e-01   3.3123000e-01
   8.0000000e+02   4.0326000e-01   3.2821000e-01   2.4160000e-01   3.3182000e-01
   8.0500000e+02   4.0468000e-01   3.2913000e-01   2.4237000e-01   3.3297000e-01
   8.1000000e+02   4.0583000e-01   3.2944000e-01   2.4248000e-01   3.3290000e-01
   8.1500000e+02   4.0690000e-01   3.3006000e-01   2.4262000e-01   3.3323000e-01
   8.2000000e+02   4.0760000e-01   3.3018000e-01   2.4250000e-01   3.3380000e-01
   8.2500000e+02   4.0838000e-01   3.3031000e-01   2.4235000e-01   3.3355000e-01
   8.3000000e+02   4.0928000e-01   3.2989000e-01   2.4209000e-01   3.3429000e-01
   8.3500000e+02   4.0965000e-01   3.2989000e-01   2.4186000e-01   3.3414000e-01
   8.4000000e+02   4.1025000e-01   3.3008000e-01   2.4147000e-01   3.3352000e-01
   8.4500000e+02   4.1061000e-01   3.2897000e-01   2.4107000e-01   3.3429000e-01
   8.5000000e+02   4.1109000e-01   3.2919000e-01   2.4076000e-01   3.3418000e-01
   8.5500000e+02   4.1116000e-01   3.2919000e-01   2.3991000e-01   3.3456000e-01
   8.6000000e+02   4.1183000e-01   3.2818000e-01   2.3957000e-01   3.3406000e-01
   8.6500000e+02   4.1231000e-01   3.2736000e-01   2.3919000e-01   3.3493000e-01
   8.7000000e+02   4.1261000e-01   3.2810000e-01   2.3883000e-01   3.3497000e-01
   8.7500000e+02   4.1272000e-01   3.2818000e-01   2.3850000e-01   3.3343000e-01
   8.8000000e+02   4.1300000e-01   3.2702000e-01   2.3808000e-01   3.3413000e-01
   8.8500000e+02   4.1297000e-01   3.2589000e-01   2.3761000e-01   3.3341000e-01
   8.9000000e+02   4.1286000e-01   3.2630000e-01   2.3729000e-01   3.3320000e-01
   8.9500000e+02   4.1377000e-01   3.2599000e-01   2.3704000e-01   3.3357000e-01
   9.0000000e+02   4.1433000e-01   3.2607000e-01   2.3676000e-01   3.3430000e-01
   9.0500000e+02   4.1460000e-01   3.2655000e-01   2.3662000e-01   3.3467000e-01
   9.1000000e+02   4.1521000e-01   3.2729000e-01   2.3661000e-01   3.3562000e-01
   9.1500000e+02   4.1571000e-01   3.2568000e-01   2.3679000e-01   3.3535000e-01
   9.2000000e+02   4.1580000e-01   3.2565000e-01   2.3677000e-01   3.3628000e-01
   9.2500000e+02   4.1641000e-01   3.2727000e-01   2.3706000e-01   3.3707000e-01
   9.3000000e+02   4.1746000e-01   3.2737000e-01   2.3754000e-01   3.3701000e-01
   9.3500000e+02   4.1830000e-01   3.2809000e-01   2.3802000e-01   3.3849000e-01
   9.4000000e+02   4.1949000e-01   3.2824000e-01   2.3834000e-01   3.3828000e-01
   9.4500000e+02   4.2004000e-01   3.2914000e-01   2.3884000e-01   3.3993000e-01
   9.5000000e+02   4.2147000e-01   3.3088000e-01   2.3923000e-01   3.4026000e-01
   9.5500000e+02   4.2289000e-01   3.3175000e-01   2.3964000e-01   3.4111000e-01
   9.6000000e+02   4.2444000e-01   3.3267000e-01   2.4030000e-01   3.4291000e-01
   9.6500000e+02   4.2433000e-01   3.3380000e-01   2.4130000e-01   3.4301000e-01
   9.7000000e+02   4.2661000e-01   3.3547000e-01   2.4248000e-01   3.4480000e-01
   9.7500000e+02   4.2755000e-01   3.3698000e-01   2.4375000e-01   3.4674000e-01
   9.8000000e+02   4.2937000e-01   3.3841000e-01   2.4492000e-01   3.4738000e-01
   9.8500000e+02   4.3039000e-01   3.3977000e-01   2.4612000e-01   3.4933000e-01
   9.9000000e+02   4.3233000e-01   3.4133000e-01   2.4711000e-01   3.5063000e-01
   9.9500000e+02   4.3242000e-01   3.4290000e-01   2.4809000e-01   3.5156000e-01
   1.0000000e+03   4.3484000e-01   3.4443000e-01   2.4897000e-01   3.5245000e-01
   1.0050000e+03   4.3584000e-01   3.4591000e-01   2.5009000e-01   3.5508000e-01
   1.0100000e+03   4.3806000e-01   3.4778000e-01   2.5105000e-01   3.5518000e-01
   1.0150000e+03   4.3852000e-01   3.4882000e-01   2.5209000e-01   3.5684000e-01
   1.0200000e+03   4.3948000e-01   3.5057000e-01   2.5307000e-01   3.5750000e-01
   1.0250000e+03   4.3999000e-01   3.5196000e-01   2.5422000e-01   3.5880000e-01
   1.0300000e+03   4.4253000e-01   3.5369000e-01   2.5533000e-01   3.6010000e-01
   1.0350000e+03   4.4360000e-01   3.5527000e-01   2.5640000e-01   3.6141000e-01
   1.0400000e+03   4.4479000e-01   3.5694000e-01   2.5778000e-01   3.6228000e-01
   1.0450000e+03   4.4611000e-01   3.5786000e-01   2.5852000e-01   3.6452000e-01
   1.0500000e+03   4.4747000e-01   3.5964000e-01   2.5926000e-01   3.6535000e-01
   1.0550000e+03   4.4827000e-01   3.6016000e-01   2.6006000e-01   3.6718000e-01
   1.0600000e+03   4.4995000e-01   3.6173000e-01   2.6108000e-01   3.6808000e-01
   1.0650000e+03   4.5136000e-01   3.6323000e-01   2.6155000e-01   3.6957000e-01
   1.0700000e+03   4.5228000e-01   3.6561000e-01   2.6261000e-01   3.7002000e-01
   1.0750000e+03   4.5295000e-01   3.6587000e-01   2.6337000e-01   3.7114000e-01
   1.0800000e+03   4.5385000e-01   3.6806000e-01   2.6463000e-01   3.7259000e-01
   1.0850000e+03   4.5500000e-01   3.6902000e-01   2.6555000e-01   3.7411000e-01
   1.0900000e+03   4.5763000e-01   3.7052000e-01   2.6682000e-01   3.7524000e-01
   1.0950000e+03   4.5777000e-01   3.7163000e-01   2.6780000e-01   3.7551000e-01
   1.1000000e+03   4.5949000e-01   3.7347000e-01   2.6902000e-01   3.7727000e-01
   1.1050000e+03   4.6091000e-01   3.7497000e-01   2.6959000e-01   3.7907000e-01
   1.1100000e+03   4.6214000e-01   3.7648000e-01   2.7051000e-01   3.7932000e-01
   1.1150000e+03   4.6279000e-01   3.7707000e-01   2.7108000e-01   3.8044000e-01
   1.1200000e+03   4.6493000e-01   3.7873000e-01   2.7186000e-01   3.8059000e-01
   1.1250000e+03   4.6575000e-01   3.7977000e-01   2.7251000e-01   3.8222000e-01
   1.1300000e+03   4.6621000e-01   3.8104000e-01   2.7330000e-01   3.8320000e-01
   1.1350000e+03   4.6691000e-01   3.8256000e-01   2.7396000e-01   3.8392000e-01
   1.1400000e+03   4.6882000e-01   3.8323000e-01   2.7507000e-01   3.8581000e-01
   1.1450000e+03   4.6956000e-01   3.8480000e-01   2.7579000e-01   3.8556000e-01
   1.1500000e+03   4.7054000e-01   3.8528000e-01   2.7665000e-01   3.8670000e-01
   1.1550000e+03   4.7171000e-01   3.8675000e-01   2.7722000e-01   3.8724000e-01
   1.1600000e+03   4.7298000e-01   3.8785000e-01   2.7783000e-01   3.8785000e-01
   1.1650000e+03   4.7330000e-01   3.8836000e-01   2.7839000e-01   3.8882000e-01
   1.1700000e+03   4.7488000e-01   3.8947000e-01   2.7914000e-01   3.8976000e-01
   1.1750000e+03   4.7495000e-01   3.9039000e-01   2.7968000e-01   3.9109000e-01
   1.1800000e+03   4.7589000e-01   3.9180000e-01   2.8058000e-01   3.9102000e-01
   1.1850000e+03   4.7697000e-01   3.9224000e-01   2.8087000e-01   3.9195000e-01
   1.1900000e+03   4.7844000e-01   3.9290000e-01   2.8114000e-01   3.9320000e-01
   1.1950000e+03   4.7919000e-01   3.9391000e-01   2.8168000e-01   3.9423000e-01
   1.2000000e+03   4.8026000e-01   3.9481000e-01   2.8253000e-01   3.9587000e-01
   1.2050000e+03   4.8041000e-01   3.9605000e-01   2.8326000e-01   3.9678000e-01
   1.2100000e+03   4.8086000e-01   3.9598000e-01   2.8465000e-01   3.9770000e-01
   1.2150000e+03   4.8178000e-01   3.9754000e-01   2.8576000e-01   3.9861000e-01
   1.2200000e+03   4.8246000e-01   3.9813000e-01   2.8668000e-01   3.9923000e-01
   1.2250000e+03   4.8318000e-01   4.0012000e-01   2.8709000e-01   3.9944000e-01
   1.2300000e+03   4.8392000e-01   3.9986000e-01   2.8764000e-01   4.0095000e-01
   1.2350000e+03   4.8478000e-01   4.0051000e-01   2.8803000e-01   4.0191000e-01
   1.2400000e+03   4.8601000e-01   4.0154000e-01   2.8869000e-01   4.0302000e-01
   1.2450000e+03   4.8683000e-01   4.0257000e-01   2.8914000e-01   4.0328000e-01
   1.2500000e+03   4.8793000e-01   4.0312000e-01   2.8999000e-01   4.0422000e-01
   1.2550000e+03   4.8883000e-01   4.0390000e-01   2.9081000e-01   4.0462000e-01
   1.2600000e+03   4.8846000e-01   4.0482000e-01   2.9189000e-01   4.0619000e-01
   1.2650000e+03   4.8954000e-01   4.0681000e-01   2.9250000e-01   4.0672000e-01
   1.2700000e+03   4.9176000e-01   4.0747000e-01   2.9364000e-01   4.0666000e-01
   1.2750000e+03   4.9154000e-01   4.0775000e-01   2.9460000e-01   4.0759000e-01
   1.2800000e+03   4.9279000e-01   4.0877000e-01   2.9541000e-01   4.0864000e-01
   1.2850000e+03   4.9341000e-01   4.0941000e-01   2.9608000e-01   4.0852000e-01
   1.2900000e+03   4.9432000e-01   4.1031000e-01   2.9711000e-01   4.0860000e-01
   1.2950000e+03   4.9459000e-01   4.1119000e-01   2.9783000e-01   4.0983000e-01
   1.3000000e+03   4.9525000e-01   4.1175000e-01   2.9827000e-01   4.1021000e-01
   1.3050000e+03   4.9710000e-01   4.1299000e-01   2.9890000e-01   4.1158000e-01
   1.3100000e+03   4.9802000e-01   4.1370000e-01   2.9951000e-01   4.1229000e-01
   1.3150000e+03   4.9902000e-01   4.1556000e-01   3.0042000e-01   4.1237000e-01
   1.3200000e+03   4.9973000e-01   4.1604000e-01   3.0158000e-01   4.1313000e-01
   1.3250000e+03   5.0073000e-01   4.1729000e-01   3.0285000e-01   4.1460000e-01
   1.3300000e+03   5.0178000e-01   4.1788000e-01   3.0399000e-01   4.1529000e-01
   1.3350000e+03   5.0246000e-01   4.1884000e-01   3.0541000e-01   4.1614000e-01
   1.3400000e+03   5.0390000e-01   4.2058000e-01   3.0639000e-01   4.1667000e-01
   1.3450000e+03   5.0435000e-01   4.2046000e-01   3.0724000e-01   4.1713000e-01
   1.3500000e+03   5.0448000e-01   4.2121000e-01   3.0812000e-01   4.1840000e-01
   1.3550000e+03   5.0543000e-01   4.2256000e-01   3.0895000e-01   4.1868000e-01
   1.3600000e+03   5.0643000e-01   4.2337000e-01   3.0992000e-01   4.1965000e-01
   1.3650000e+03   5.0781000e-01   4.2498000e-01   3.1086000e-01   4.2005000e-01
   1.3700000e+03   5.0856000e-01   4.2546000e-01   3.1177000e-01   4.2112000e-01
   1.3750000e+03   5.0971000e-01   4.2725000e-01   3.1245000e-01   4.2143000e-01
   1.3800000e+03   5.1045000e-01   4.2681000e-01   3.1327000e-01   4.2273000e-01
   1.3850000e+03   5.1138000e-01   4.2856000e-01   3.1404000e-01   4.2398000e-01
   1.3900000e+03   5.1165000e-01   4.3016000e-01   3.1490000e-01   4.2553000e-01
   1.3950000e+03   5.1256000e-01   4.3141000e-01   3.1559000e-01   4.2601000e-01
   1.4000000e+03   5.1313000e-01   4.3086000e-01   3.1652000e-01   4.2723000e-01
   1.4050000e+03   5.1381000e-01   4.3301000e-01   3.1782000e-01   4.2851000e-01
   1.4100000e+03   5.1424000e-01   4.3296000e-01   3.1896000e-01   4.2921000e-01
   1.4150000e+03   5.1530000e-01   4.3339000e-01   3.1978000e-01   4.2985000e-01
   1.4200000e+03   5.1564000e-01   4.3418000e-01   3.2059000e-01   4.3124000e-01
   1.4250000e+03   5.1756000e-01   4.3633000e-01   3.2161000e-01   4.3099000e-01
   1.4300000e+03   5.1743000e-01   4.3709000e-01   3.2234000e-01   4.3219000e-01
   1.4350000e+03   5.1908000e-01   4.3821000e-01   3.2308000e-01   4.3263000e-01
   1.4400000e+03   5.1969000e-01   4.3926000e-01   3.2416000e-01   4.3400000e-01
   1.4450000e+03   5.1996000e-01   4.3967000e-01   3.2536000e-01   4.3435000e-01
   1.4500000e+03   5.2127000e-01   4.4064000e-01   3.2629000e-01   4.3517000e-01
   1.4550000e+03   5.2235000e-01   4.4086000e-01   3.2721000e-01   4.3574000e-01
   1.4600000e+03   5.2215000e-01   4.4209000e-01   3.2806000e-01   4.3741000e-01
   1.4650000e+03   5.2297000e-01   4.4315000e-01   3.2908000e-01   4.3804000e-01
   1.4700000e+03   5.2309000e-01   4.4398000e-01   3.2997000e-01   4.3905000e-01
   1.4750000e+03   5.2517000e-01   4.4485000e-01   3.3066000e-01   4.3804000e-01
   1.4800000e+03   5.2579000e-01   4.4557000e-01   3.3148000e-01   4.3911000e-01
   1.4850000e+03   5.2597000e-01   4.4604000e-01   3.3241000e-01   4.4037000e-01
   1.4900000e+03   5.2759000e-01   4.4649000e-01   3.3313000e-01   4.4119000e-01
   1.4950000e+03   5.2720000e-01   4.4692000e-01   3.3369000e-01   4.4089000e-01
   1.5000000e+03   5.2843000e-01   4.4835000e-01   3.3439000e-01   4.4287000e-01
   1.5050000e+03   5.2930000e-01   4.4871000e-01   3.3490000e-01   4.4276000e-01
   1.5100000e+03   5.3024000e-01   4.5039000e-01   3.3554000e-01   4.4336000e-01
   1.5150000e+03   5.3064000e-01   4.5036000e-01   3.3621000e-01   4.4364000e-01
   1.5200000e+03   5.3053000e-01   4.5074000e-01   3.3683000e-01   4.4383000e-01
   1.5250000e+03   5.3140000e-01   4.5167000e-01   3.3735000e-01   4.4520000e-01
   1.5300000e+03   5.3254000e-01   4.5260000e-01   3.3768000e-01   4.4592000e-01
   1.5350000e+03   5.3317000e-01   4.5297000e-01   3.3825000e-01   4.4649000e-01
   1.5400000e+03   5.3475000e-01   4.5428000e-01   3.3894000e-01   4.4735000e-01
   1.5450000e+03   5.3464000e-01   4.5478000e-01   3.3964000e-01   4.4709000e-01
   1.5500000e+03   5.3587000e-01   4.5554000e-01   3.4043000e-01   4.4788000e-01
   1.5550000e+03   5.3494000e-01   4.5500000e-01   3.4123000e-01   4.4847000e-01
   1.5600000e+03   5.3641000e-01   4.5632000e-01   3.4188000e-01   4.4875000e-01
   1.5650000e+03   5.3708000e-01   4.5666000e-01   3.4206000e-01   4.4891000e-01
   1.5700000e+03   5.3731000e-01   4.5772000e-01   3.4248000e-01   4.4933000e-01
   1.5750000e+03   5.3745000e-01   4.5702000e-01   3.4285000e-01   4.5012000e-01
   1.5800000e+03   5.3817000e-01   4.5854000e-01   3.4345000e-01   4.5028000e-01
   1.5850000e+03   5.3839000e-01   4.5800000e-01   3.4363000e-01   4.5132000e-01
   1.5900000e+03   5.3942000e-01   4.5921000e-01   3.4397000e-01   4.5136000e-01
   1.5950000e+03   5.3999000e-01   4.6022000e-01   3.4437000e-01   4.5248000e-01
   1.6000000e+03   5.4035000e-01   4.5967000e-01   3.4480000e-01   4.5301000e-01
   1.6050000e+03   5.4177000e-01   4.6130000e-01   3.4503000e-01   4.5294000e-01
   1.6100000e+03   5.4192000e-01   4.6119000e-01   3.4528000e-01   4.5349000e-01
   1.6150000e+03   5.4184000e-01   4.6246000e-01   3.4578000e-01   4.5366000e-01
   1.6200000e+03   5.4336000e-01   4.6213000e-01   3.4602000e-01   4.5410000e-01
   1.6250000e+03   5.4406000e-01   4.6176000e-01   3.4613000e-01   4.5462000e-01
   1.6300000e+03   5.4390000e-01   4.6259000e-01   3.4634000e-01   4.5412000e-01
   1.6350000e+03   5.4484000e-01   4.6243000e-01   3.4666000e-01   4.5438000e-01
   1.6400000e+03   5.4542000e-01   4.6330000e-01   3.4719000e-01   4.5502000e-01
   1.6450000e+03   5.4486000e-01   4.6413000e-01   3.4727000e-01   4.5500000e-01
   1.6500000e+03   5.4599000e-01   4.6375000e-01   3.4762000e-01   4.5561000e-01
   1.6550000e+03   5.4588000e-01   4.6442000e-01   3.4786000e-01   4.5600000e-01
   1.6600000e+03   5.4604000e-01   4.6470000e-01   3.4834000e-01   4.5643000e-01
   1.6650000e+03   5.4618000e-01   4.6643000e-01   3.4841000e-01   4.5684000e-01
   1.6700000e+03   5.4637000e-01   4.6673000e-01   3.4889000e-01   4.5705000e-01
   1.6750000e+03   5.4651000e-01   4.6627000e-01   3.4898000e-01   4.5719000e-01
   1.6800000e+03   5.4672000e-01   4.6655000e-01   3.4933000e-01   4.5770000e-01
   1.6850000e+03   5.4705000e-01   4.6738000e-01   3.4947000e-01   4.5784000e-01
   1.6900000e+03   5.4732000e-01   4.6758000e-01   3.4961000e-01   4.5783000e-01
   1.6950000e+03   5.4761000e-01   4.6813000e-01   3.5003000e-01   4.5813000e-01
   1.7000000e+03   5.4781000e-01   4.6788000e-01   3.4922000e-01   4.5854000e-01
   1.7050000e+03   5.4953000e-01   4.6874000e-01   3.5025000e-01   4.5828000e-01
   1.7100000e+03   5.5003000e-01   4.6870000e-01   3.5045000e-01   4.5904000e-01
   1.7150000e+03   5.5058000e-01   4.6960000e-01   3.5190000e-01   4.5943000e-01
   1.7200000e+03   5.5092000e-01   4.7031000e-01   3.5218000e-01   4.5949000e-01
   1.7250000e+03   5.5073000e-01   4.6992000e-01   3.5249000e-01   4.5975000e-01
   1.7300000e+03   5.5101000e-01   4.7014000e-01   3.5273000e-01   4.5983000e-01
   1.7350000e+03   5.5168000e-01   4.7018000e-01   3.5338000e-01   4.6047000e-01
   1.7400000e+03   5.5256000e-01   4.7110000e-01   3.5341000e-01   4.6054000e-01
   1.7450000e+03   5.5212000e-01   4.7056000e-01   3.5380000e-01   4.6117000e-01
   1.7500000e+03   5.5293000e-01   4.7109000e-01   3.5384000e-01   4.6087000e-01
   1.7550000e+03   5.5302000e-01   4.7208000e-01   3.5541000e-01   4.6173000e-01
   1.7600000e+03   5.5363000e-01   4.7176000e-01   3.5549000e-01   4.6132000e-01
   1.7650000e+03   5.5378000e-01   4.7219000e-01   3.5489000e-01   4.6155000e-01
   1.7700000e+03   5.5383000e-01   4.7208000e-01   3.5483000e-01   4.6111000e-01
   1.7750000e+03   5.5409000e-01   4.7270000e-01   3.5484000e-01   4.6215000e-01
   1.7800000e+03   5.5519000e-01   4.7280000e-01   3.5518000e-01   4.6112000e-01
   1.7850000e+03   5.5537000e-01   4.7311000e-01   3.5508000e-01   4.6213000e-01
   1.7900000e+03   5.5574000e-01   4.7387000e-01   3.5526000e-01   4.6220000e-01
   1.7950000e+03   5.5534000e-01   4.7393000e-01   3.5653000e-01   4.6235000e-01
   1.8000000e+03   5.5625000e-01   4.7372000e-01   3.5759000e-01   4.6336000e-01
   1.8050000e+03   5.5564000e-01   4.7382000e-01   3.5651000e-01   4.6356000e-01
   1.8100000e+03   5.5598000e-01   4.7424000e-01   3.5627000e-01   4.6353000e-01
   1.8150000e+03   5.5649000e-01   4.7467000e-01   3.5658000e-01   4.6465000e-01
   1.8200000e+03   5.5642000e-01   4.7442000e-01   3.5684000e-01   4.6490000e-01
   1.8250000e+03   5.5772000e-01   4.7471000e-01   3.5690000e-01   4.6562000e-01
   1.8300000e+03   5.5764000e-01   4.7451000e-01   3.5701000e-01   4.6615000e-01
   1.8350000e+03   5.5797000e-01   4.7556000e-01   3.5742000e-01   4.6579000e-01
   1.8400000e+03   5.5809000e-01   4.7467000e-01   3.5780000e-01   4.6593000e-01
   1.8450000e+03   5.5841000e-01   4.7578000e-01   3.5720000e-01   4.6567000e-01
   1.8500000e+03   5.5913000e-01   4.7560000e-01   3.5726000e-01   4.6560000e-01
   1.8550000e+03   5.6008000e-01   4.7630000e-01   3.5724000e-01   4.6574000e-01
   1.8600000e+03   5.5972000e-01   4.7624000e-01   3.5753000e-01   4.6536000e-01
   1.8650000e+03   5.6065000e-01   4.7770000e-01   3.5771000e-01   4.6627000e-01
   1.8700000e+03   5.6176000e-01   4.7662000e-01   3.5771000e-01   4.6540000e-01
   1.8750000e+03   5.6212000e-01   4.7790000e-01   3.5787000e-01   4.6577000e-01
   1.8800000e+03   5.6206000e-01   4.7879000e-01   3.5805000e-01   4.6609000e-01
   1.8850000e+03   5.6307000e-01   4.7961000e-01   3.5809000e-01   4.6435000e-01
   1.8900000e+03   5.6226000e-01   4.7824000e-01   3.5837000e-01   4.6565000e-01
   1.8950000e+03   5.6190000e-01   4.7889000e-01   3.5898000e-01   4.6750000e-01
   1.9000000e+03   5.6242000e-01   4.7901000e-01   3.5892000e-01   4.6740000e-01
   1.9050000e+03   5.6297000e-01   4.7991000e-01   3.5906000e-01   4.6786000e-01
   1.9100000e+03   5.6293000e-01   4.8017000e-01   3.5924000e-01   4.6868000e-01
   1.9150000e+03   5.6420000e-01   4.8061000e-01   3.5954000e-01   4.6804000e-01
   1.9200000e+03   5.6366000e-01   4.8109000e-01   3.6038000e-01   4.6973000e-01
   1.9250000e+03   5.6524000e-01   4.8174000e-01   3.5978000e-01   4.6921000e-01
   1.9300000e+03   5.6508000e-01   4.8237000e-01   3.6143000e-01   4.6941000e-01
   1.9350000e+03   5.6529000e-01   4.8333000e-01   3.6131000e-01   4.6955000e-01
   1.9400000e+03   5.6630000e-01   4.8335000e-01   3.6112000e-01   4.7014000e-01
   1.9450000e+03   5.6607000e-01   4.8295000e-01   3.6160000e-01   4.7038000e-01
   1.9500000e+03   5.6675000e-01   4.8355000e-01   3.6080000e-01   4.7113000e-01
   1.9550000e+03   5.6624000e-01   4.8355000e-01   3.6107000e-01   4.7164000e-01
   1.9600000e+03   5.6694000e-01   4.8434000e-01   3.6213000e-01   4.7079000e-01
   1.9650000e+03   5.6752000e-01   4.8482000e-01   3.6199000e-01   4.7172000e-01
   1.9700000e+03   5.6761000e-01   4.8499000e-01   3.6221000e-01   4.7261000e-01
   1.9750000e+03   5.6810000e-01   4.8642000e-01   3.6248000e-01   4.7276000e-01
   1.9800000e+03   5.6921000e-01   4.8700000e-01   3.6331000e-01   4.7318000e-01
   1.9850000e+03   5.6942000e-01   4.8747000e-01   3.6382000e-01   4.7317000e-01
   1.9900000e+03   5.6917000e-01   4.8667000e-01   3.6444000e-01   4.7551000e-01
   1.9950000e+03   5.6892000e-01   4.8742000e-01   3.6426000e-01   4.7531000e-01
   2.0000000e+03   5.7011000e-01   4.8863000e-01   3.6513000e-01   4.7568000e-01
   2.0050000e+03   5.7072000e-01   4.8836000e-01   3.6569000e-01   4.7429000e-01
   2.0100000e+03   5.7049000e-01   4.8892000e-01   3.6685000e-01   4.7594000e-01
   2.0150000e+03   5.7195000e-01   4.9049000e-01   3.6620000e-01   4.7679000e-01
   2.0200000e+03   5.7193000e-01   4.9060000e-01   3.6633000e-01   4.7755000e-01
   2.0250000e+03   5.7208000e-01   4.9121000e-01   3.6737000e-01   4.7787000e-01
   2.0300000e+03   5.7167000e-01   4.9153000e-01   3.6882000e-01   4.7840000e-01
   2.0350000e+03   5.7274000e-01   4.9168000e-01   3.6857000e-01   4.7886000e-01
   2.0400000e+03   5.7161000e-01   4.9194000e-01   3.6890000e-01   4.7877000e-01
   2.0450000e+03   5.7302000e-01   4.9274000e-01   3.6993000e-01   4.7916000e-01
   2.0500000e+03   5.7294000e-01   4.9292000e-01   3.7007000e-01   4.7982000e-01
   2.0550000e+03   5.7378000e-01   4.9415000e-01   3.6992000e-01   4.8164000e-01
   2.0600000e+03   5.7365000e-01   4.9547000e-01   3.7114000e-01   4.8199000e-01
   2.0650000e+03   5.7439000e-01   4.9420000e-01   3.7164000e-01   4.8207000e-01
   2.0700000e+03   5.7534000e-01   4.9550000e-01   3.7222000e-01   4.8362000e-01
   2.0750000e+03   5.7549000e-01   4.9584000e-01   3.7277000e-01   4.8324000e-01
   2.0800000e+03   5.7586000e-01   4.9688000e-01   3.7397000e-01   4.8314000e-01
   2.0850000e+03   5.7609000e-01   4.9677000e-01   3.7428000e-01   4.8300000e-01
   2.0900000e+03   5.7613000e-01   4.9812000e-01   3.7517000e-01   4.8563000e-01
   2.0950000e+03   5.7758000e-01   4.9887000e-01   3.7569000e-01   4.8564000e-01
   2.1000000e+03   5.7662000e-01   4.9889000e-01   3.7622000e-01   4.8458000e-01
   2.1050000e+03   5.7783000e-01   4.9972000e-01   3.7705000e-01   4.8551000e-01
   2.1100000e+03   5.7929000e-01   5.0109000e-01   3.7732000e-01   4.8637000e-01
   2.1150000e+03   5.7919000e-01   5.0181000e-01   3.7834000e-01   4.8674000e-01
   2.1200000e+03   5.8006000e-01   5.0273000e-01   3.7979000e-01   4.8777000e-01
   2.1250000e+03   5.8126000e-01   5.0328000e-01   3.7982000e-01   4.8842000e-01
   2.1300000e+03   5.8114000e-01   5.0329000e-01   3.8063000e-01   4.8978000e-01
   2.1350000e+03   5.8133000e-01   5.0464000e-01   3.8111000e-01   4.8978000e-01
   2.1400000e+03   5.8145000e-01   5.0553000e-01   3.8214000e-01   4.9109000e-01
   2.1450000e+03   5.8236000e-01   5.0552000e-01   3.8209000e-01   4.9189000e-01
   2.1500000e+03   5.8264000e-01   5.0617000e-01   3.8249000e-01   4.9249000e-01
   2.1550000e+03   5.8365000e-01   5.0769000e-01   3.8370000e-01   4.9236000e-01
   2.1600000e+03   5.8407000e-01   5.0815000e-01   3.8425000e-01   4.9330000e-01
   2.1650000e+03   5.8471000e-01   5.0869000e-01   3.8562000e-01   4.9418000e-01
   2.1700000e+03   5.8478000e-01   5.0985000e-01   3.8665000e-01   4.9448000e-01
   2.1750000e+03   5.8548000e-01   5.1069000e-01   3.8652000e-01   4.9495000e-01
   2.1800000e+03   5.8598000e-01   5.1134000e-01   3.8767000e-01   4.9640000e-01
   2.1850000e+03   5.8725000e-01   5.1290000e-01   3.8921000e-01   4.9782000e-01
   2.1900000e+03   5.8740000e-01   5.1303000e-01   3.9012000e-01   4.9790000e-01
   2.1950000e+03   5.8780000e-01   5.1457000e-01   3.9082000e-01   4.9862000e-01
   2.2000000e+03   5.8804000e-01   5.1481000e-01   3.9077000e-01   4.9904000e-01
   2.2050000e+03   5.8895000e-01   5.1543000e-01   3.9160000e-01   4.9920000e-01
   2.2100000e+03   5.8967000e-01   5.1594000e-01   3.9349000e-01   5.0012000e-01
   2.2150000e+03   5.8961000e-01   5.1694000e-01   3.9294000e-01   5.0033000e-01
   2.2200000e+03   5.9087000e-01   5.1779000e-01   3.9390000e-01   5.0104000e-01
   2.2250000e+03   5.9185000e-01   5.1871000e-01   3.9417000e-01   5.0138000e-01
   2.2300000e+03   5.9212000e-01   5.1978000e-01   3.9449000e-01   5.0192000e-01
   2.2350000e+03   5.9284000e-01   5.2031000e-01   3.9707000e-01   5.0304000e-01
   2.2400000e+03   5.9341000e-01   5.2117000e-01   3.9659000e-01   5.0319000e-01
   2.2450000e+03   5.9312000e-01   5.2201000e-01   3.9792000e-01   5.0361000e-01
   2.2500000e+03   5.9322000e-01   5.2237000e-01   3.9811000e-01   5.0412000e-01
   2.2550000e+03   5.9387000e-01   5.2367000e-01   3.9841000e-01   5.0504000e-01
   2.2600000e+03   5.9469000e-01   5.2392000e-01   3.9946000e-01   5.0561000e-01
   2.2650000e+03   5.9550000e-01   5.2402000e-01   4.0002000e-01   5.0556000e-01
   2.2700000e+03   5.9566000e-01   5.2540000e-01   4.0089000e-01   5.0648000e-01
   2.2750000e+03   5.9568000e-01   5.2558000e-01   4.0059000e-01   5.0685000e-01
   2.2800000e+03   5.9644000e-01   5.2664000e-01   4.0183000e-01   5.0770000e-01
   2.2850000e+03   5.9665000e-01   5.2738000e-01   4.0269000e-01   5.0798000e-01
   2.2900000e+03   5.9707000e-01   5.2780000e-01   4.0305000e-01   5.0847000e-01
   2.2950000e+03   5.9830000e-01   5.2827000e-01   4.0389000e-01   5.0920000e-01
   2.3000000e+03   5.9831000e-01   5.2910000e-01   4.0396000e-01   5.0963000e-01
   2.3050000e+03   5.9868000e-01   5.3023000e-01   4.0380000e-01   5.1019000e-01
   2.3100000e+03   5.9890000e-01   5.3023000e-01   4.0479000e-01   5.1066000e-01
   2.3150000e+03   5.9989000e-01   5.3180000e-01   4.0525000e-01   5.1160000e-01
   2.3200000e+03   6.0034000e-01   5.3178000e-01   4.0587000e-01   5.1133000e-01
   2.3250000e+03   6.0094000e-01   5.3253000e-01   4.0634000e-01   5.1251000e-01
   2.3300000e+03   6.0032000e-01   5.3285000e-01   4.0713000e-01   5.1248000e-01
   2.3350000e+03   6.0136000e-01   5.3401000e-01   4.0690000e-01   5.1374000e-01
   2.3400000e+03   6.0266000e-01   5.3545000e-01   4.0861000e-01   5.1396000e-01
   2.3450000e+03   6.0231000e-01   5.3468000e-01   4.0841000e-01   5.1390000e-01
   2.3500000e+03   6.0253000e-01   5.3473000e-01   4.0868000e-01   5.1356000e-01
   2.3550000e+03   6.0217000e-01   5.3556000e-01   4.0846000e-01   5.1335000e-01
   2.3600000e+03   6.0243000e-01   5.3594000e-01   4.0932000e-01   5.1437000e-01
   2.3650000e+03   6.0283000e-01   5.3666000e-01   4.1005000e-01   5.1411000e-01
   2.3700000e+03   6.0343000e-01   5.3756000e-01   4.1160000e-01   5.1495000e-01
   2.3750000e+03   6.0409000e-01   5.3712000e-01   4.1029000e-01   5.1615000e-01
   2.3800000e+03   6.0372000e-01   5.3778000e-01   4.1149000e-01   5.1655000e-01
   2.3850000e+03   6.0497000e-01   5.3895000e-01   4.1282000e-01   5.1665000e-01
   2.3900000e+03   6.0517000e-01   5.4052000e-01   4.1387000e-01   5.1699000e-01
   2.3950000e+03   6.0530000e-01   5.4039000e-01   4.1459000e-01   5.1822000e-01
   2.4000000e+03   6.0618000e-01   5.4164000e-01   4.1539000e-01   5.1838000e-01
   2.4050000e+03   6.0633000e-01   5.4170000e-01   4.1535000e-01   5.1939000e-01
   2.4100000e+03   6.0639000e-01   5.4241000e-01   4.1576000e-01   5.2008000e-01
   2.4150000e+03   6.0634000e-01   5.4207000e-01   4.1609000e-01   5.2022000e-01
   2.4200000e+03   6.0758000e-01   5.4331000e-01   4.1636000e-01   5.2035000e-01
   2.4250000e+03   6.0799000e-01   5.4403000e-01   4.1692000e-01   5.2058000e-01
   2.4300000e+03   6.0918000e-01   5.4520000e-01   4.1750000e-01   5.2065000e-01
   2.4350000e+03   6.0859000e-01   5.4549000e-01   4.1812000e-01   5.2087000e-01
   2.4400000e+03   6.0982000e-01   5.4641000e-01   4.1865000e-01   5.2131000e-01
   2.4450000e+03   6.0902000e-01   5.4598000e-01   4.1806000e-01   5.2282000e-01
   2.4500000e+03   6.0942000e-01   5.4665000e-01   4.1937000e-01   5.2419000e-01
   2.4550000e+03   6.1015000e-01   5.4751000e-01   4.1969000e-01   5.2329000e-01
   2.4600000e+03   6.1056000e-01   5.4787000e-01   4.2067000e-01   5.2428000e-01
   2.4650000e+03   6.1030000e-01   5.4846000e-01   4.2162000e-01   5.2471000e-01
   2.4700000e+03   6.1066000e-01   5.4982000e-01   4.2126000e-01   5.2680000e-01
   2.4750000e+03   6.1087000e-01   5.4984000e-01   4.2208000e-01   5.2643000e-01
   2.4800000e+03   6.1084000e-01   5.5055000e-01   4.2236000e-01   5.2786000e-01
   2.4850000e+03   6.1091000e-01   5.5033000e-01   4.2333000e-01   5.2946000e-01
   2.4900000e+03   6.1077000e-01   5.5088000e-01   4.2318000e-01   5.2974000e-01
   2.4950000e+03   6.1028000e-01   5.5128000e-01   4.2309000e-01   5.3045000e-01
   2.5000000e+03   6.1096000e-01   5.5260000e-01   4.2385000e-01   5.3147000e-01
   2.5050000e+03   6.0945000e-01   5.5221000e-01   4.2483000e-01   5.3200000e-01
   2.5100000e+03   6.1082000e-01   5.5258000e-01   4.2482000e-01   5.3248000e-01
   2.5150000e+03   6.1047000e-01   5.5224000e-01   4.2485000e-01   5.3298000e-01
   2.5200000e+03   6.1089000e-01   5.5275000e-01   4.2495000e-01   5.3364000e-01
   2.5250000e+03   6.1024000e-01   5.5260000e-01   4.2566000e-01   5.3401000e-01
   2.5300000e+03   6.1093000e-01   5.5352000e-01   4.2619000e-01   5.3328000e-01
   2.5350000e+03   6.1026000e-01   5.5277000e-01   4.2639000e-01   5.3423000e-01
   2.5400000e+03   6.1058000e-01   5.5459000e-01   4.2681000e-01   5.3436000e-01
   2.5450000e+03   6.1163000e-01   5.5422000e-01   4.2696000e-01   5.3294000e-01
   2.5500000e+03   6.1011000e-01   5.5423000e-01   4.2697000e-01   5.3416000e-01
   2.5550000e+03   6.0974000e-01   5.5411000e-01   4.2679000e-01   5.3571000e-01
   2.5600000e+03   6.1123000e-01   5.5545000e-01   4.2718000e-01   5.3392000e-01
   2.5650000e+03   6.1114000e-01   5.5589000e-01   4.2766000e-01   5.3516000e-01
   2.5700000e+03   6.1147000e-01   5.5637000e-01   4.2824000e-01   5.3611000e-01
   2.5750000e+03   6.1169000e-01   5.5670000e-01   4.2823000e-01   5.3626000e-01
   2.5800000e+03   6.1387000e-01   5.5859000e-01   4.2922000e-01   5.3644000e-01
   2.5850000e+03   6.1131000e-01   5.5786000e-01   4.3016000e-01   5.3663000e-01
   2.5900000e+03   6.1501000e-01   5.5994000e-01   4.2998000e-01   5.3864000e-01
   2.5950000e+03   6.1622000e-01   5.6208000e-01   4.3059000e-01   5.4003000e-01
   2.6000000e+03   6.1674000e-01   5.6347000e-01   4.3073000e-01   5.4445000e-01
